c,d,n,k,r,gen_time,solve_time,valid,sel_len
3,2,100,10,5,0.2055344581604004,1.2997305393218994,Y,294
3,2,100,10,5,0.19380927085876465,1.330721139907837,Y,293
3,2,100,10,5,0.20906710624694824,1.3673391342163086,Y,287
3,2,100,10,5,0.22161173820495605,1.3919744491577148,Y,293
3,2,100,10,5,0.20815420150756836,1.210045337677002,Y,295
3,2,100,10,5,0.21492791175842285,1.6513044834136963,Y,286
3,2,100,10,5,0.22251582145690918,2.3304386138916016,Y,288
3,2,100,10,5,0.23468589782714844,1.8269360065460205,Y,287
3,2,100,10,5,0.22973012924194336,1.3238275051116943,Y,292
3,2,100,10,5,0.22075438499450684,1.3401682376861572,Y,288
3,2,100,10,5,0.2298746109008789,2.446122169494629,Y,286
3,2,100,10,5,0.21721768379211426,1.752227544784546,Y,288
3,2,100,10,5,0.22891902923583984,1.3641903400421143,Y,288
3,2,100,10,5,0.23482632637023926,1.686837911605835,Y,290
3,2,100,10,5,0.22748494148254395,1.5989179611206055,Y,286
3,2,100,10,5,0.23734569549560547,1.2986857891082764,Y,293
3,2,100,10,5,0.2429349422454834,1.4437553882598877,Y,293
3,2,100,10,5,0.2611355781555176,2.015392303466797,Y,291
3,2,100,10,5,0.2456977367401123,2.235487937927246,Y,287
3,2,100,10,5,0.22976112365722656,2.145177125930786,Y,292
