c,d,n,k,r,gen_time,solve_time,valid,sel_len
3,2,10,4,2,0.0019421577453613281,0.00013184547424316406,Y,36
3,2,10,4,2,0.0017898082733154297,9.322166442871094e-05,Y,36
3,2,10,4,2,0.0017168521881103516,9.107589721679688e-05,Y,34
3,2,10,4,2,0.0017235279083251953,8.940696716308594e-05,Y,35
3,2,10,4,2,0.0018928050994873047,9.799003601074219e-05,Y,34
3,2,10,4,2,0.0020580291748046875,0.00011420249938964844,Y,36
3,2,10,4,2,0.002463817596435547,0.00012111663818359375,Y,38
3,2,10,4,2,0.002705097198486328,0.0001246929168701172,Y,37
3,2,10,4,2,0.0021219253540039062,0.00013494491577148438,Y,34
3,2,10,4,2,0.003016233444213867,0.00014090538024902344,Y,36
3,2,10,4,2,0.003159046173095703,0.00016164779663085938,Y,37
3,2,10,4,2,0.0045146942138671875,0.00018358230590820312,Y,36
3,2,10,4,2,0.0027816295623779297,0.00013685226440429688,Y,35
3,2,10,4,2,0.0023479461669921875,0.0001361370086669922,Y,32
3,2,10,4,2,0.002146005630493164,0.0001285076141357422,Y,35
3,2,10,4,2,0.002270221710205078,0.00011682510375976562,Y,36
3,2,10,4,2,0.001989126205444336,0.0001068115234375,Y,34
3,2,10,4,2,0.0028269290924072266,0.0001456737518310547,Y,35
3,2,10,4,2,0.0034019947052001953,0.000209808349609375,Y,38
3,2,10,4,2,0.002346038818359375,0.00012683868408203125,Y,34
3,2,20,5,3,0.009514808654785156,0.0012989044189453125,Y,68
3,2,20,5,3,0.00900888442993164,0.0015726089477539062,Y,68
3,2,20,5,3,0.008273839950561523,0.0009548664093017578,Y,70
3,2,20,5,3,0.007910966873168945,0.001046895980834961,Y,68
3,2,20,5,3,0.0071239471435546875,0.0011510848999023438,Y,67
3,2,20,5,3,0.006457805633544922,0.0007522106170654297,Y,69
3,2,20,5,3,0.008229970932006836,0.0011930465698242188,Y,69
3,2,20,5,3,0.006456136703491211,0.0009379386901855469,Y,73
3,2,20,5,3,0.007828950881958008,0.0010492801666259766,Y,68
3,2,20,5,3,0.006453990936279297,0.001008749008178711,Y,66
3,2,20,5,3,0.0067288875579833984,0.0007688999176025391,Y,71
3,2,20,5,3,0.006088972091674805,0.0007798671722412109,Y,63
3,2,20,5,3,0.00769805908203125,0.0009150505065917969,Y,68
3,2,20,5,3,0.006010770797729492,0.0008516311645507812,Y,67
3,2,20,5,3,0.006439924240112305,0.0008559226989746094,Y,70
3,2,20,5,3,0.005904197692871094,0.0008618831634521484,Y,68
3,2,20,5,3,0.007062196731567383,0.0010123252868652344,Y,65
3,2,20,5,3,0.005990743637084961,0.0009028911590576172,Y,70
3,2,20,5,3,0.006381988525390625,0.0007319450378417969,Y,71
3,2,20,5,3,0.006346225738525391,0.0006680488586425781,Y,71
3,2,30,6,3,0.014594316482543945,0.0024187564849853516,Y,102
3,2,30,6,3,0.013867616653442383,0.0017528533935546875,Y,108
3,2,30,6,3,0.015705108642578125,0.002270936965942383,Y,104
3,2,30,6,3,0.01610398292541504,0.002039670944213867,Y,103
3,2,30,6,3,0.013504266738891602,0.001688241958618164,Y,103
3,2,30,6,3,0.012713909149169922,0.0020294189453125,Y,104
3,2,30,6,3,0.012987852096557617,0.0016832351684570312,Y,100
3,2,30,6,3,0.014012575149536133,0.001994609832763672,Y,101
3,2,30,6,3,0.012328863143920898,0.0014820098876953125,Y,105
3,2,30,6,3,0.012749195098876953,0.002023935317993164,Y,98
3,2,30,6,3,0.013099193572998047,0.0017600059509277344,Y,106
3,2,30,6,3,0.012469053268432617,0.002248048782348633,Y,101
3,2,30,6,3,0.014345884323120117,0.0015058517456054688,Y,112
3,2,30,6,3,0.012752056121826172,0.0019049644470214844,Y,100
3,2,30,6,3,0.012352228164672852,0.0014619827270507812,Y,109
3,2,30,6,3,0.013489246368408203,0.0017631053924560547,Y,105
3,2,30,6,3,0.012623786926269531,0.0023293495178222656,Y,97
3,2,30,6,3,0.012299537658691406,0.001821279525756836,Y,104
3,2,30,6,3,0.013240337371826172,0.00156402587890625,Y,106
3,2,30,6,3,0.012562751770019531,0.0011870861053466797,Y,102
3,2,40,7,4,0.024865150451660156,0.008730888366699219,Y,147
3,2,40,7,4,0.023649930953979492,0.008666038513183594,Y,143
3,2,40,7,4,0.02403402328491211,0.010528087615966797,Y,147
3,2,40,7,4,0.023064136505126953,0.013916015625,Y,136
3,2,40,7,4,0.0229949951171875,0.006960153579711914,Y,151
3,2,40,7,4,0.023916006088256836,0.007080078125,Y,144
3,2,40,7,4,0.02235865592956543,0.007073879241943359,Y,137
3,2,40,7,4,0.024197101593017578,0.00812983512878418,Y,142
3,2,40,7,4,0.022434711456298828,0.010676860809326172,Y,143
3,2,40,7,4,0.023223161697387695,0.011263608932495117,Y,149
3,2,40,7,4,0.02252197265625,0.007154703140258789,Y,144
3,2,40,7,4,0.023139476776123047,0.013464927673339844,Y,146
3,2,40,7,4,0.0223543643951416,0.007227897644042969,Y,138
3,2,40,7,4,0.025944948196411133,0.0062160491943359375,Y,147
3,2,40,7,4,0.022558927536010742,0.010298013687133789,Y,147
3,2,40,7,4,0.02371692657470703,0.006383657455444336,Y,145
3,2,40,7,4,0.02239990234375,0.007801055908203125,Y,142
3,2,40,7,4,0.023149728775024414,0.011656761169433594,Y,149
3,2,40,7,4,0.022243976593017578,0.009901285171508789,Y,141
3,2,40,7,4,0.029381990432739258,0.01430511474609375,Y,146
3,2,50,8,4,0.040406227111816406,0.025149822235107422,Y,168
3,2,50,8,4,0.03603219985961914,0.0233309268951416,Y,166
3,2,50,8,4,0.03600764274597168,0.028644800186157227,Y,164
3,2,50,8,4,0.03450775146484375,0.021619319915771484,Y,168
3,2,50,8,4,0.03443193435668945,0.010756254196166992,Y,171
3,2,50,8,4,0.03481912612915039,0.02231311798095703,Y,166
3,2,50,8,4,0.03549909591674805,0.01970696449279785,Y,168
3,2,50,8,4,0.03537440299987793,0.007761478424072266,Y,180
3,2,50,8,4,0.035608768463134766,0.0218350887298584,Y,170
3,2,50,8,4,0.034217119216918945,0.023913145065307617,Y,173
3,2,50,8,4,0.0345301628112793,0.024538040161132812,Y,173
3,2,50,8,4,0.03443503379821777,0.021028757095336914,Y,166
3,2,50,8,4,0.03461813926696777,0.012525796890258789,Y,168
3,2,50,8,4,0.03661012649536133,0.033795833587646484,Y,163
3,2,50,8,4,0.03679776191711426,0.02135181427001953,Y,171
3,2,50,8,4,0.03414201736450195,0.01813483238220215,Y,165
3,2,50,8,4,0.03443336486816406,0.016038894653320312,Y,173
3,2,50,8,4,0.034442901611328125,0.014048337936401367,Y,174
3,2,50,8,4,0.03414320945739746,0.010147571563720703,Y,171
3,2,50,8,4,0.03500771522521973,0.014784097671508789,Y,172
3,2,60,8,4,0.051238298416137695,0.04441571235656738,Y,198
3,2,60,8,4,0.049787044525146484,0.04695868492126465,Y,198
3,2,60,8,4,0.049486398696899414,0.045395851135253906,Y,194
3,2,60,8,4,0.05007767677307129,0.060775041580200195,Y,194
3,2,60,8,4,0.05046510696411133,0.039885759353637695,Y,200
3,2,60,8,4,0.050127267837524414,0.04925966262817383,Y,199
3,2,60,8,4,0.0500180721282959,0.027570009231567383,Y,201
3,2,60,8,4,0.04979300498962402,0.04561781883239746,Y,196
3,2,60,8,4,0.04985189437866211,0.0610959529876709,Y,201
3,2,60,8,4,0.05162477493286133,0.05487704277038574,Y,195
3,2,60,8,4,0.05152153968811035,0.03692984580993652,Y,200
3,2,60,8,4,0.049900054931640625,0.047480106353759766,Y,201
3,2,60,8,4,0.050968170166015625,0.08283424377441406,Y,194
3,2,60,8,4,0.050366878509521484,0.04192399978637695,Y,202
3,2,60,8,4,0.050241947174072266,0.031005144119262695,Y,200
3,2,60,8,4,0.04982876777648926,0.052715301513671875,Y,198
3,2,60,8,4,0.05032706260681152,0.07149720191955566,Y,200
3,2,60,8,4,0.049765825271606445,0.06151247024536133,Y,195
3,2,60,8,4,0.05088973045349121,0.028556108474731445,Y,194
3,2,60,8,4,0.0495448112487793,0.04452705383300781,Y,191
3,2,70,9,5,0.08933615684509277,0.28775763511657715,Y,227
3,2,70,9,5,0.10879945755004883,0.2323780059814453,Y,228
3,2,70,9,5,0.08722209930419922,0.29880499839782715,Y,218
3,2,70,9,5,0.08914303779602051,0.2971630096435547,Y,225
3,2,70,9,5,0.08759188652038574,0.24315619468688965,Y,220
3,2,70,9,5,0.08820128440856934,0.20317554473876953,Y,227
3,2,70,9,5,0.08807826042175293,0.2734549045562744,Y,227
3,2,70,9,5,0.08808779716491699,0.23856091499328613,Y,230
3,2,70,9,5,0.08759498596191406,0.29443907737731934,Y,219
3,2,70,9,5,0.08800387382507324,0.37500762939453125,Y,223
3,2,70,9,5,0.09071207046508789,0.3304572105407715,Y,224
3,2,70,9,5,0.08920645713806152,0.18116188049316406,Y,231
3,2,70,9,5,0.08809304237365723,0.2760157585144043,Y,227
3,2,70,9,5,0.08850717544555664,0.4256861209869385,Y,221
3,2,70,9,5,0.08775544166564941,0.3909478187561035,Y,220
3,2,70,9,5,0.0890970230102539,0.21773099899291992,Y,230
3,2,70,9,5,0.08901166915893555,0.21660923957824707,Y,218
3,2,70,9,5,0.09055113792419434,0.27929234504699707,Y,224
3,2,70,9,5,0.08772706985473633,0.2576451301574707,Y,226
3,2,70,9,5,0.08988785743713379,0.3186979293823242,Y,218
3,2,80,9,5,0.1107172966003418,0.9816999435424805,Y,234
3,2,80,9,5,0.11469006538391113,0.6638152599334717,Y,235
3,2,80,9,5,0.1119072437286377,0.8554098606109619,Y,230
3,2,80,9,5,0.1116936206817627,0.9978530406951904,Y,232
3,2,80,9,5,0.11129617691040039,0.7463197708129883,Y,236
3,2,80,9,5,0.11098861694335938,0.6239800453186035,Y,233
3,2,80,9,5,0.11262750625610352,0.667694091796875,Y,234
3,2,80,9,5,0.11092805862426758,0.8859245777130127,Y,230
3,2,80,9,5,0.11236691474914551,0.9152061939239502,Y,225
3,2,80,9,5,0.1124112606048584,0.9871821403503418,Y,229
3,2,80,9,5,0.11086058616638184,0.7193667888641357,Y,235
3,2,80,9,5,0.1118013858795166,1.0160222053527832,Y,227
3,2,80,9,5,0.11208891868591309,0.8919999599456787,Y,230
3,2,80,9,5,0.11730456352233887,1.0618786811828613,Y,230
3,2,80,9,5,0.1145782470703125,0.5967185497283936,Y,232
3,2,80,9,5,0.11798834800720215,1.040410041809082,Y,230
3,2,80,9,5,0.11718583106994629,0.778109073638916,Y,230
3,2,80,9,5,0.18401479721069336,0.9677317142486572,Y,233
3,2,80,9,5,0.294191837310791,1.3518638610839844,Y,230
3,2,80,9,5,0.20527410507202148,0.6191432476043701,Y,241
3,2,90,10,5,0.26006507873535156,2.5026001930236816,Y,261
3,2,90,10,5,0.2401115894317627,1.8310298919677734,Y,256
3,2,90,10,5,0.24201488494873047,1.296990156173706,Y,261
3,2,90,10,5,0.18660545349121094,1.0505409240722656,Y,264
3,2,90,10,5,0.1615900993347168,1.3254036903381348,Y,264
3,2,90,10,5,0.15703034400939941,1.1387147903442383,Y,257
3,2,90,10,5,0.1658153533935547,0.8232710361480713,Y,258
3,2,90,10,5,0.154616117477417,1.2270352840423584,Y,259
3,2,90,10,5,0.15974903106689453,1.229867696762085,Y,260
3,2,90,10,5,0.15841889381408691,1.459416151046753,Y,251
3,2,90,10,5,0.15551996231079102,0.929243803024292,Y,257
3,2,90,10,5,0.15909886360168457,1.166734218597412,Y,254
3,2,90,10,5,0.16847920417785645,1.2248859405517578,Y,253
3,2,90,10,5,0.16045618057250977,1.2878062725067139,Y,251
3,2,90,10,5,0.16274309158325195,1.1245229244232178,Y,262
3,2,90,10,5,0.16729521751403809,1.037304162979126,Y,261
3,2,90,10,5,0.16161203384399414,1.149707555770874,Y,253
3,2,90,10,5,0.16056323051452637,0.9405198097229004,Y,264
3,2,90,10,5,0.16159677505493164,1.2125282287597656,Y,255
3,2,90,10,5,0.16257548332214355,1.2202553749084473,Y,257
2,3,10,4,2,0.0023195743560791016,0.00011730194091796875,Y,44
2,3,10,4,2,0.0024399757385253906,0.00011086463928222656,Y,44
2,3,10,4,2,0.0023491382598876953,0.00011086463928222656,Y,42
2,3,10,4,2,0.0023353099822998047,0.00012111663818359375,Y,39
2,3,10,4,2,0.0025072097778320312,0.00011181831359863281,Y,44
2,3,10,4,2,0.002249002456665039,0.00010514259338378906,Y,38
2,3,10,4,2,0.0022950172424316406,0.00011372566223144531,Y,41
2,3,10,4,2,0.002385854721069336,0.00011610984802246094,Y,39
2,3,10,4,2,0.0020754337310791016,0.00010204315185546875,Y,39
2,3,10,4,2,0.002290010452270508,0.00010514259338378906,Y,45
2,3,10,4,2,0.002344846725463867,0.00011420249938964844,Y,36
2,3,10,4,2,0.0022890567779541016,0.00011420249938964844,Y,39
2,3,10,4,2,0.0025479793548583984,0.0001780986785888672,Y,39
2,3,10,4,2,0.0024292469024658203,0.0001270771026611328,Y,46
2,3,10,4,2,0.002331972122192383,0.00012421607971191406,Y,43
2,3,10,4,2,0.002560138702392578,0.00011730194091796875,Y,41
2,3,10,4,2,0.002349853515625,0.00011801719665527344,Y,41
2,3,10,4,2,0.002330780029296875,0.00015997886657714844,Y,40
2,3,10,4,2,0.0024721622467041016,0.00011610984802246094,Y,41
2,3,10,4,2,0.0028564929962158203,0.000118255615234375,Y,38
2,3,20,5,3,0.009297609329223633,0.0015730857849121094,Y,77
2,3,20,5,3,0.009200334548950195,0.0015108585357666016,Y,79
2,3,20,5,3,0.00937199592590332,0.001354217529296875,Y,78
2,3,20,5,3,0.009411811828613281,0.0013074874877929688,Y,84
2,3,20,5,3,0.009251117706298828,0.0013508796691894531,Y,78
2,3,20,5,3,0.007906913757324219,0.000926971435546875,Y,79
2,3,20,5,3,0.008296966552734375,0.0012352466583251953,Y,80
2,3,20,5,3,0.0084991455078125,0.0009496212005615234,Y,83
2,3,20,5,3,0.007912158966064453,0.001020193099975586,Y,80
2,3,20,5,3,0.008662939071655273,0.001062154769897461,Y,78
2,3,20,5,3,0.008715391159057617,0.0014300346374511719,Y,76
2,3,20,5,3,0.008620977401733398,0.00109100341796875,Y,78
2,3,20,5,3,0.008672237396240234,0.0008828639984130859,Y,78
2,3,20,5,3,0.008527040481567383,0.0011601448059082031,Y,80
2,3,20,5,3,0.008060693740844727,0.0008561611175537109,Y,79
2,3,20,5,3,0.008147954940795898,0.0009763240814208984,Y,78
2,3,20,5,3,0.008545160293579102,0.0010237693786621094,Y,79
2,3,20,5,3,0.008952617645263672,0.0009946823120117188,Y,79
2,3,20,5,3,0.008354902267456055,0.001071929931640625,Y,76
2,3,20,5,3,0.008251190185546875,0.00086212158203125,Y,80
2,3,30,6,3,0.01926255226135254,0.0023887157440185547,Y,127
2,3,30,6,3,0.019531965255737305,0.0028312206268310547,Y,123
2,3,30,6,3,0.02023005485534668,0.002577066421508789,Y,123
2,3,30,6,3,0.02041792869567871,0.0022430419921875,Y,121
2,3,30,6,3,0.017974138259887695,0.0022895336151123047,Y,124
2,3,30,6,3,0.019861221313476562,0.002775907516479492,Y,126
2,3,30,6,3,0.019433975219726562,0.002206563949584961,Y,126
2,3,30,6,3,0.019298791885375977,0.0030798912048339844,Y,122
2,3,30,6,3,0.019971132278442383,0.002474069595336914,Y,127
2,3,30,6,3,0.020050525665283203,0.0024569034576416016,Y,120
2,3,30,6,3,0.018144845962524414,0.0026547908782958984,Y,116
2,3,30,6,3,0.020999908447265625,0.0026328563690185547,Y,123
2,3,30,6,3,0.019249916076660156,0.0032148361206054688,Y,121
2,3,30,6,3,0.021786212921142578,0.003325939178466797,Y,122
2,3,30,6,3,0.018905162811279297,0.0026521682739257812,Y,120
2,3,30,6,3,0.0178070068359375,0.0028297901153564453,Y,126
2,3,30,6,3,0.019340991973876953,0.002101898193359375,Y,118
2,3,30,6,3,0.02006673812866211,0.003149747848510742,Y,115
2,3,30,6,3,0.020540237426757812,0.0030040740966796875,Y,123
2,3,30,6,3,0.01968216896057129,0.0024979114532470703,Y,120
2,3,40,7,4,0.035886287689208984,0.012375831604003906,Y,160
2,3,40,7,4,0.034514427185058594,0.020827054977416992,Y,155
2,3,40,7,4,0.034491777420043945,0.0188753604888916,Y,158
2,3,40,7,4,0.03312420845031738,0.030232906341552734,Y,156
2,3,40,7,4,0.03367114067077637,0.025900602340698242,Y,161
2,3,40,7,4,0.03488492965698242,0.022523164749145508,Y,160
2,3,40,7,4,0.034627437591552734,0.027231216430664062,Y,157
2,3,40,7,4,0.034974098205566406,0.01907801628112793,Y,160
2,3,40,7,4,0.03903365135192871,0.02178478240966797,Y,157
2,3,40,7,4,0.03815579414367676,0.023926258087158203,Y,159
2,3,40,7,4,0.03716015815734863,0.03122735023498535,Y,163
2,3,40,7,4,0.0346066951751709,0.021272659301757812,Y,158
2,3,40,7,4,0.03553009033203125,0.026140213012695312,Y,161
2,3,40,7,4,0.03372478485107422,0.03475069999694824,Y,157
2,3,40,7,4,0.03740882873535156,0.016093015670776367,Y,162
2,3,40,7,4,0.03478121757507324,0.017359018325805664,Y,158
2,3,40,7,4,0.0355839729309082,0.025941133499145508,Y,158
2,3,40,7,4,0.03784513473510742,0.021091222763061523,Y,160
2,3,40,7,4,0.032718658447265625,0.026654481887817383,Y,161
2,3,40,7,4,0.03566622734069824,0.027297019958496094,Y,156
2,3,50,8,4,0.052932024002075195,0.057677507400512695,Y,187
2,3,50,8,4,0.05564260482788086,0.06482481956481934,Y,184
2,3,50,8,4,0.055393218994140625,0.07633662223815918,Y,183
2,3,50,8,4,0.05379438400268555,0.06195878982543945,Y,183
2,3,50,8,4,0.05464506149291992,0.0733177661895752,Y,180
2,3,50,8,4,0.05373811721801758,0.06140899658203125,Y,182
2,3,50,8,4,0.052919864654541016,0.0843198299407959,Y,182
2,3,50,8,4,0.056142330169677734,0.045145273208618164,Y,188
2,3,50,8,4,0.053871870040893555,0.07268023490905762,Y,188
2,3,50,8,4,0.05845522880554199,0.06623220443725586,Y,185
2,3,50,8,4,0.05764293670654297,0.06239724159240723,Y,182
2,3,50,8,4,0.054789066314697266,0.06148791313171387,Y,187
2,3,50,8,4,0.05208992958068848,0.051056623458862305,Y,186
2,3,50,8,4,0.0563051700592041,0.06189680099487305,Y,183
2,3,50,8,4,0.057788848876953125,0.08216977119445801,Y,182
2,3,50,8,4,0.05927848815917969,0.06910991668701172,Y,184
2,3,50,8,4,0.05424189567565918,0.05702018737792969,Y,188
2,3,50,8,4,0.052367210388183594,0.07535409927368164,Y,182
2,3,50,8,4,0.053954362869262695,0.05298209190368652,Y,183
2,3,50,8,4,0.056221961975097656,0.04537796974182129,Y,186
2,3,60,8,4,0.0793149471282959,0.24863982200622559,Y,201
2,3,60,8,4,0.08299469947814941,0.20599675178527832,Y,206
2,3,60,8,4,0.09411287307739258,0.251680850982666,Y,202
2,3,60,8,4,0.07570028305053711,0.19307255744934082,Y,205
2,3,60,8,4,0.0759429931640625,0.1880800724029541,Y,202
2,3,60,8,4,0.08612704277038574,0.17045903205871582,Y,204
2,3,60,8,4,0.07817268371582031,0.2574141025543213,Y,205
2,3,60,8,4,0.0777590274810791,0.23703980445861816,Y,206
2,3,60,8,4,0.07361078262329102,0.23316097259521484,Y,205
2,3,60,8,4,0.07411408424377441,0.2079019546508789,Y,205
2,3,60,8,4,0.07653164863586426,0.2676811218261719,Y,203
2,3,60,8,4,0.0735018253326416,0.19268202781677246,Y,207
2,3,60,8,4,0.07732629776000977,0.22950434684753418,Y,202
2,3,60,8,4,0.07803869247436523,0.28234386444091797,Y,201
2,3,60,8,4,0.07894039154052734,0.19915175437927246,Y,207
2,3,60,8,4,0.0778203010559082,0.17777228355407715,Y,205
2,3,60,8,4,0.07701992988586426,0.2652559280395508,Y,203
2,3,60,8,4,0.07697367668151855,0.1615304946899414,Y,203
2,3,60,8,4,0.0801091194152832,0.29497218132019043,Y,202
2,3,60,8,4,0.08460521697998047,0.2693769931793213,Y,200
2,3,70,9,5,0.15618610382080078,1.0907268524169922,Y,232
2,3,70,9,5,0.1470174789428711,1.2878930568695068,Y,231
2,3,70,9,5,0.1438760757446289,1.1403303146362305,Y,230
2,3,70,9,5,0.14016485214233398,1.1361689567565918,Y,229
2,3,70,9,5,0.1495208740234375,1.4459660053253174,Y,229
2,3,70,9,5,0.13759708404541016,1.2474396228790283,Y,229
2,3,70,9,5,0.15400385856628418,1.4017584323883057,Y,232
2,3,70,9,5,0.14653968811035156,1.021486759185791,Y,225
2,3,70,9,5,0.1370100975036621,1.3147544860839844,Y,224
2,3,70,9,5,0.14568710327148438,1.161886215209961,Y,230
2,3,70,9,5,0.1502697467803955,1.772326946258545,Y,230
2,3,70,9,5,0.14200615882873535,1.1342339515686035,Y,232
2,3,70,9,5,0.14767217636108398,1.185178518295288,Y,229
2,3,70,9,5,0.15017223358154297,1.1420032978057861,Y,232
2,3,70,9,5,0.16003775596618652,0.9593696594238281,Y,231
2,3,70,9,5,0.14898467063903809,1.5323512554168701,Y,227
2,3,70,9,5,0.13803410530090332,1.182870864868164,Y,229
2,3,70,9,5,0.14639639854431152,1.0930390357971191,Y,228
2,3,70,9,5,0.13230180740356445,1.1183149814605713,Y,230
2,3,70,9,5,0.1351184844970703,1.410003423690796,Y,229
2,3,80,9,5,0.18784499168395996,3.874293804168701,Y,247
2,3,80,9,5,0.19147801399230957,4.552257061004639,Y,251
2,3,80,9,5,0.1923997402191162,2.9651103019714355,Y,248
2,3,80,9,5,0.18187928199768066,2.937441110610962,Y,250
2,3,80,9,5,0.1837139129638672,2.784114122390747,Y,248
2,3,80,9,5,0.1695115566253662,4.274223804473877,Y,247
2,3,80,9,5,0.18774700164794922,3.8411171436309814,Y,249
2,3,80,9,5,0.1801152229309082,4.107884168624878,Y,252
2,3,80,9,5,0.17597174644470215,3.8832554817199707,Y,248
2,3,80,9,5,0.17737340927124023,3.2861149311065674,Y,252
2,3,80,9,5,0.18339061737060547,3.490727186203003,Y,252
2,3,80,9,5,0.19059205055236816,3.384277105331421,Y,250
2,3,80,9,5,0.1801767349243164,3.821079969406128,Y,251
2,3,80,9,5,0.18472576141357422,3.829561710357666,Y,250
2,3,80,9,5,0.188676118850708,3.6221001148223877,Y,249
2,3,80,9,5,0.18078088760375977,3.421365737915039,Y,248
2,3,80,9,5,0.17685770988464355,3.958202838897705,Y,250
2,3,80,9,5,0.18256282806396484,3.669285297393799,Y,250
2,3,80,9,5,0.17954397201538086,3.9990196228027344,Y,249
2,3,80,9,5,0.1882171630859375,3.7643513679504395,Y,250
2,3,90,10,5,0.23351597785949707,5.142216920852661,Y,278
2,3,90,10,5,0.22766923904418945,4.754647493362427,Y,278
2,3,90,10,5,0.23682522773742676,5.0439677238464355,Y,276
2,3,90,10,5,0.22566008567810059,5.150712013244629,Y,276
2,3,90,10,5,0.23404884338378906,4.565589904785156,Y,278
2,3,90,10,5,0.22883892059326172,4.809053897857666,Y,278
2,3,90,10,5,0.2636146545410156,4.85111403465271,Y,277
2,3,90,10,5,0.2504899501800537,5.24712872505188,Y,274
2,3,90,10,5,0.24410295486450195,4.757005929946899,Y,278
2,3,90,10,5,0.22745418548583984,3.905410051345825,Y,276
2,3,90,10,5,0.23492097854614258,5.604872703552246,Y,279
2,3,90,10,5,0.2297053337097168,5.344367980957031,Y,279
2,3,90,10,5,0.22924041748046875,5.619548082351685,Y,274
2,3,90,10,5,0.2328016757965088,4.544563293457031,Y,280
2,3,90,10,5,0.2260909080505371,4.61990761756897,Y,280
2,3,90,10,5,0.23759722709655762,4.954393148422241,Y,276
2,3,90,10,5,0.22615504264831543,4.728941202163696,Y,279
2,3,90,10,5,0.22457122802734375,5.823674201965332,Y,275
2,3,90,10,5,0.23003411293029785,4.559664011001587,Y,275
2,3,90,10,5,0.23511290550231934,4.770514249801636,Y,276
2,3,100,10,5,0.2860603332519531,18.12692642211914,Y,278
2,3,100,10,5,0.28104591369628906,19.610640048980713,Y,277
2,3,100,10,5,0.2816295623779297,17.641311168670654,Y,278
2,3,100,10,5,0.2774672508239746,13.710730791091919,Y,277
2,3,100,10,5,0.27928757667541504,16.624454021453857,Y,280
2,3,100,10,5,0.27623772621154785,16.607842206954956,Y,278
2,3,100,10,5,0.2769205570220947,12.158655881881714,Y,279
2,3,100,10,5,0.27495789527893066,19.94506525993347,Y,278
2,3,100,10,5,0.2803971767425537,16.84058380126953,Y,279
2,3,100,10,5,0.267364501953125,10.518489599227905,Y,280
2,3,100,10,5,0.2727799415588379,19.232850790023804,Y,279
2,3,100,10,5,0.27756309509277344,18.81493592262268,Y,276
2,3,100,10,5,0.2695908546447754,12.000959873199463,Y,279
2,3,100,10,5,0.2848501205444336,16.376216650009155,Y,278
2,3,100,10,5,0.27895498275756836,13.898237466812134,Y,278
2,3,100,10,5,0.2750999927520752,16.98364019393921,Y,280
2,3,100,10,5,0.2836496829986572,14.438174486160278,Y,278
2,3,100,10,5,0.28502964973449707,10.231855154037476,Y,280
2,3,100,10,5,0.2711677551269531,18.10569190979004,Y,278
2,3,100,10,5,0.2662484645843506,7.492459058761597,Y,279
2,2,10,4,2,0.0019109249114990234,0.00010824203491210938,Y,29
2,2,10,4,2,0.001695871353149414,9.489059448242188e-05,Y,31
2,2,10,4,2,0.0016143321990966797,9.036064147949219e-05,Y,27
2,2,10,4,2,0.001584768295288086,9.012222290039062e-05,Y,28
2,2,10,4,2,0.0016736984252929688,9.059906005859375e-05,Y,31
2,2,10,4,2,0.0015919208526611328,0.00011301040649414062,Y,30
2,2,10,4,2,0.0016298294067382812,9.226799011230469e-05,Y,30
2,2,10,4,2,0.0016739368438720703,9.417533874511719e-05,Y,29
2,2,10,4,2,0.0017209053039550781,9.322166442871094e-05,Y,31
2,2,10,4,2,0.0017812252044677734,9.655952453613281e-05,Y,34
2,2,10,4,2,0.0017876625061035156,9.72747802734375e-05,Y,29
2,2,10,4,2,0.00177001953125,0.00010013580322265625,Y,33
2,2,10,4,2,0.0017681121826171875,0.00010132789611816406,Y,30
2,2,10,4,2,0.0020236968994140625,0.00010418891906738281,Y,30
2,2,10,4,2,0.0018050670623779297,0.00010347366333007812,Y,28
2,2,10,4,2,0.001840829849243164,0.00010991096496582031,Y,28
2,2,10,4,2,0.001973867416381836,0.00011181831359863281,Y,31
2,2,10,4,2,0.0019342899322509766,0.0001308917999267578,Y,29
2,2,10,4,2,0.0035800933837890625,0.00016880035400390625,Y,30
2,2,10,4,2,0.0036308765411376953,0.00016832351684570312,Y,30
2,2,20,5,3,0.00714874267578125,0.0012540817260742188,Y,52
2,2,20,5,3,0.006503582000732422,0.0009698867797851562,Y,54
2,2,20,5,3,0.006685495376586914,0.001538991928100586,Y,53
2,2,20,5,3,0.0064966678619384766,0.001354217529296875,Y,52
2,2,20,5,3,0.006600141525268555,0.0015943050384521484,Y,50
2,2,20,5,3,0.006316423416137695,0.0015528202056884766,Y,52
2,2,20,5,3,0.0061070919036865234,0.0012674331665039062,Y,54
2,2,20,5,3,0.006277322769165039,0.0011477470397949219,Y,51
2,2,20,5,3,0.005628347396850586,0.0011909008026123047,Y,49
2,2,20,5,3,0.005854368209838867,0.0013561248779296875,Y,52
2,2,20,5,3,0.005893230438232422,0.001127004623413086,Y,53
2,2,20,5,3,0.006168842315673828,0.0012278556823730469,Y,50
2,2,20,5,3,0.006669521331787109,0.001650094985961914,Y,51
2,2,20,5,3,0.0055577754974365234,0.0009350776672363281,Y,54
2,2,20,5,3,0.005751132965087891,0.0012621879577636719,Y,53
2,2,20,5,3,0.005666971206665039,0.0010318756103515625,Y,53
2,2,20,5,3,0.005903005599975586,0.001155853271484375,Y,52
2,2,20,5,3,0.005980730056762695,0.0008263587951660156,Y,55
2,2,20,5,3,0.0062673091888427734,0.0011413097381591797,Y,54
2,2,20,5,3,0.006376743316650391,0.001024007797241211,Y,57
2,2,30,6,3,0.013206958770751953,0.002852916717529297,Y,79
2,2,30,6,3,0.013745784759521484,0.0028879642486572266,Y,80
2,2,30,6,3,0.013255834579467773,0.003348112106323242,Y,74
2,2,30,6,3,0.013657569885253906,0.002974987030029297,Y,80
2,2,30,6,3,0.012959003448486328,0.002783060073852539,Y,77
2,2,30,6,3,0.013299942016601562,0.0029571056365966797,Y,80
2,2,30,6,3,0.014347076416015625,0.004169464111328125,Y,78
2,2,30,6,3,0.013523101806640625,0.002494335174560547,Y,80
2,2,30,6,3,0.013077020645141602,0.003292083740234375,Y,75
2,2,30,6,3,0.01352238655090332,0.0029327869415283203,Y,80
2,2,30,6,3,0.013680219650268555,0.0032570362091064453,Y,79
2,2,30,6,3,0.014883756637573242,0.0027937889099121094,Y,79
2,2,30,6,3,0.013337850570678711,0.0022919178009033203,Y,78
2,2,30,6,3,0.013345956802368164,0.0037872791290283203,Y,77
2,2,30,6,3,0.014521598815917969,0.002877950668334961,Y,78
2,2,30,6,3,0.014204978942871094,0.002822399139404297,Y,80
2,2,30,6,3,0.014898538589477539,0.003907203674316406,Y,80
2,2,30,6,3,0.014364957809448242,0.0034754276275634766,Y,79
2,2,30,6,3,0.014393329620361328,0.0029387474060058594,Y,77
2,2,30,6,3,0.013535737991333008,0.0035741329193115234,Y,79
2,2,40,7,4,0.02391529083251953,0.04054403305053711,Y,106
2,2,40,7,4,0.024689197540283203,0.026493310928344727,Y,108
2,2,40,7,4,0.02264690399169922,0.04210066795349121,Y,107
2,2,40,7,4,0.02449202537536621,0.043238162994384766,Y,104
2,2,40,7,4,0.02238297462463379,0.043993234634399414,Y,109
2,2,40,7,4,0.024750947952270508,0.0530400276184082,Y,107
2,2,40,7,4,0.024138927459716797,0.05520057678222656,Y,105
2,2,40,7,4,0.023910045623779297,0.04640078544616699,Y,108
2,2,40,7,4,0.025635957717895508,0.04532027244567871,Y,108
2,2,40,7,4,0.025517940521240234,0.04644489288330078,Y,107
2,2,40,7,4,0.024575233459472656,0.050421953201293945,Y,107
2,2,40,7,4,0.023048877716064453,0.04411196708679199,Y,108
2,2,40,7,4,0.026160001754760742,0.05290961265563965,Y,105
2,2,40,7,4,0.025862693786621094,0.06550788879394531,Y,104
2,2,40,7,4,0.02419114112854004,0.05821728706359863,Y,104
2,2,40,7,4,0.024724960327148438,0.045456886291503906,Y,108
2,2,40,7,4,0.02770209312438965,0.04922318458557129,Y,106
2,2,40,7,4,0.023338794708251953,0.04472541809082031,Y,107
2,2,40,7,4,0.02166891098022461,0.051857709884643555,Y,106
2,2,40,7,4,0.02247309684753418,0.05193281173706055,Y,105
2,2,50,8,4,0.03719043731689453,0.17170095443725586,Y,121
2,2,50,8,4,0.03889322280883789,0.08413887023925781,Y,123
2,2,50,8,4,0.039392948150634766,0.06392812728881836,Y,123
2,2,50,8,4,0.03521418571472168,0.09253382682800293,Y,126
2,2,50,8,4,0.03432202339172363,0.11362147331237793,Y,128
2,2,50,8,4,0.038591861724853516,0.14511394500732422,Y,124
2,2,50,8,4,0.03517508506774902,0.14611530303955078,Y,123
2,2,50,8,4,0.035221099853515625,0.12368893623352051,Y,125
2,2,50,8,4,0.036972999572753906,0.11938786506652832,Y,127
2,2,50,8,4,0.03935050964355469,0.15943145751953125,Y,120
2,2,50,8,4,0.03792715072631836,0.09251213073730469,Y,124
2,2,50,8,4,0.0367887020111084,0.15024662017822266,Y,123
2,2,50,8,4,0.03644084930419922,0.1555187702178955,Y,122
2,2,50,8,4,0.03446340560913086,0.13109612464904785,Y,124
2,2,50,8,4,0.03806591033935547,0.06053972244262695,Y,128
2,2,50,8,4,0.03721475601196289,0.10614800453186035,Y,126
2,2,50,8,4,0.0356290340423584,0.1282975673675537,Y,121
2,2,50,8,4,0.03394722938537598,0.13741731643676758,Y,125
2,2,50,8,4,0.036431312561035156,0.09471893310546875,Y,119
2,2,50,8,4,0.03821158409118652,0.0866243839263916,Y,123
2,2,60,8,4,0.051048994064331055,0.2719273567199707,Y,141
2,2,60,8,4,0.054412841796875,0.28567028045654297,Y,142
2,2,60,8,4,0.06557917594909668,0.4603900909423828,Y,140
2,2,60,8,4,0.052648067474365234,0.47332310676574707,Y,139
2,2,60,8,4,0.05521392822265625,0.3198206424713135,Y,140
2,2,60,8,4,0.056936025619506836,0.33542609214782715,Y,141
2,2,60,8,4,0.05856752395629883,0.3921360969543457,Y,141
2,2,60,8,4,0.05343747138977051,0.40821242332458496,Y,140
2,2,60,8,4,0.05810904502868652,0.3298807144165039,Y,142
2,2,60,8,4,0.05455589294433594,0.2773926258087158,Y,142
2,2,60,8,4,0.058386802673339844,0.3132297992706299,Y,141
2,2,60,8,4,0.051712989807128906,0.3240659236907959,Y,144
2,2,60,8,4,0.05620288848876953,0.3433668613433838,Y,141
2,2,60,8,4,0.05356788635253906,0.32432007789611816,Y,141
2,2,60,8,4,0.05771470069885254,0.2949988842010498,Y,143
2,2,60,8,4,0.05707883834838867,0.42746520042419434,Y,140
2,2,60,8,4,0.05431771278381348,0.25757431983947754,Y,141
2,2,60,8,4,0.04994821548461914,0.35598278045654297,Y,143
2,2,60,8,4,0.0504763126373291,0.29352283477783203,Y,142
2,2,60,8,4,0.051870107650756836,0.32784318923950195,Y,142
2,2,70,9,5,0.10210490226745605,3.6257870197296143,Y,160
2,2,70,9,5,0.09783816337585449,3.62910795211792,Y,160
2,2,70,9,5,0.10056567192077637,3.018157720565796,Y,161
2,2,70,9,5,0.09995388984680176,3.052849769592285,Y,160
2,2,70,9,5,0.09695601463317871,3.736250162124634,Y,155
2,2,70,9,5,0.09367966651916504,2.961606025695801,Y,157
2,2,70,9,5,0.09847688674926758,3.730856418609619,Y,156
2,2,70,9,5,0.09488320350646973,3.0654687881469727,Y,160
2,2,70,9,5,0.10293745994567871,1.9896132946014404,Y,161
2,2,70,9,5,0.09734320640563965,3.402235746383667,Y,158
2,2,70,9,5,0.09212231636047363,3.3824079036712646,Y,157
2,2,70,9,5,0.10090351104736328,3.6796486377716064,Y,158
2,2,70,9,5,0.09459805488586426,3.208746910095215,Y,158
2,2,70,9,5,0.10030436515808105,2.9120354652404785,Y,160
2,2,70,9,5,0.09621953964233398,3.5078272819519043,Y,161
2,2,70,9,5,0.09982085227966309,3.5193419456481934,Y,161
2,2,70,9,5,0.09659099578857422,2.1829633712768555,Y,162
2,2,70,9,5,0.09782791137695312,2.518930435180664,Y,158
2,2,70,9,5,0.09655284881591797,3.417742967605591,Y,159
2,2,70,9,5,0.09760403633117676,3.4737637042999268,Y,161
2,2,80,9,5,0.1309051513671875,9.076079607009888,Y,159
2,2,80,9,5,0.1280665397644043,11.753960371017456,Y,161
2,2,80,9,5,0.12378692626953125,17.574126720428467,Y,158
2,2,80,9,5,0.12638521194458008,9.59832501411438,Y,160
2,2,80,9,5,0.1235513687133789,8.852940082550049,Y,161
2,2,80,9,5,0.11924481391906738,9.61749815940857,Y,162
2,2,80,9,5,0.121490478515625,11.064280986785889,Y,162
2,2,80,9,5,0.1162421703338623,9.844150304794312,Y,161
2,2,80,9,5,0.1272261142730713,8.528259754180908,Y,162
2,2,80,9,5,0.1257927417755127,12.548609972000122,Y,160
2,2,80,9,5,0.12250828742980957,8.76977825164795,Y,161
2,2,80,9,5,0.128279447555542,12.77212142944336,Y,158
2,2,80,9,5,0.11432909965515137,16.039602994918823,Y,158
2,2,80,9,5,0.1250758171081543,11.088702917098999,Y,162
2,2,80,9,5,0.12218379974365234,6.328410387039185,Y,162
2,2,80,9,5,0.12192487716674805,10.759445190429688,Y,158
2,2,80,9,5,0.11704325675964355,12.110793352127075,Y,159
2,2,80,9,5,0.1223611831665039,9.423041343688965,Y,161
2,2,80,9,5,0.12155699729919434,10.079358100891113,Y,161
2,2,80,9,5,0.12022185325622559,9.289106130599976,Y,160
2,2,90,10,5,0.15699195861816406,22.717488050460815,Y,177
2,2,90,10,5,0.15877103805541992,19.73791527748108,Y,178
2,2,90,10,5,0.16623497009277344,23.21896195411682,Y,177
2,2,90,10,5,0.15485000610351562,22.674437999725342,Y,179
2,2,90,10,5,0.1607198715209961,21.4199059009552,Y,180
2,2,90,10,5,0.16146278381347656,19.0028018951416,Y,179
2,2,90,10,5,0.1556413173675537,24.70403218269348,Y,178
2,2,90,10,5,0.15625309944152832,20.57352614402771,Y,179
2,2,90,10,5,0.14731407165527344,24.023608684539795,Y,180
2,2,90,10,5,0.14816546440124512,20.197147846221924,Y,179
2,2,90,10,5,0.15241694450378418,24.760022163391113,Y,176
2,2,90,10,5,0.1628737449645996,26.83710217475891,Y,177
2,2,90,10,5,0.14754581451416016,27.061183214187622,Y,176
2,2,90,10,5,0.14822697639465332,19.337931871414185,Y,179
2,2,90,10,5,0.1591949462890625,23.297856330871582,Y,180
2,2,90,10,5,0.15311574935913086,19.132993698120117,Y,178
2,2,90,10,5,0.1484837532043457,22.739129304885864,Y,174
2,2,90,10,5,0.14481854438781738,21.52306842803955,Y,178
2,2,90,10,5,0.15723800659179688,21.98434829711914,Y,178
2,2,90,10,5,0.15712738037109375,22.50947070121765,Y,180
2,2,100,10,5,0.20263218879699707,38.11085247993469,Y,199
2,2,100,10,5,0.21387219429016113,42.91228485107422,Y,199
2,2,100,10,5,0.18550443649291992,40.84200620651245,Y,199
2,2,100,10,5,0.20299386978149414,38.01058316230774,Y,198
2,2,100,10,5,0.2033555507659912,34.69555163383484,Y,200
2,2,100,10,5,0.20303583145141602,30.559184551239014,Y,200
2,2,100,10,5,0.20462989807128906,52.13577389717102,Y,198
2,2,100,10,5,0.21451997756958008,38.08653712272644,Y,200
2,2,100,10,5,0.20932912826538086,49.90701985359192,Y,199
2,2,100,10,5,0.2167360782623291,57.977030754089355,Y,198
2,2,100,10,5,0.19951891899108887,39.24251914024353,Y,200
2,2,100,10,5,0.20512795448303223,46.130143880844116,Y,200
2,2,100,10,5,0.19273591041564941,92.27042007446289,Y,195
2,2,100,10,5,0.20560884475708008,34.3184027671814,Y,200
2,2,100,10,5,0.20485806465148926,44.10204315185547,Y,199
2,2,100,10,5,0.19950079917907715,44.96333408355713,Y,198
2,2,100,10,5,0.20244431495666504,39.475401639938354,Y,199
2,2,100,10,5,0.2135632038116455,37.12103080749512,Y,200
2,2,100,10,5,0.21643781661987305,50.966163873672485,Y,200
2,2,100,10,5,0.19402146339416504,46.293811559677124,Y,199
2,1,10,4,2,0.0015399456024169922,0.00011968612670898438,Y,17
2,1,10,4,2,0.0014030933380126953,0.00010561943054199219,Y,18
2,1,10,4,2,0.0014078617095947266,0.00010085105895996094,Y,16
2,1,10,4,2,0.0010118484497070312,0.00010395050048828125,N,19
2,1,10,4,2,0.001310586929321289,9.298324584960938e-05,Y,19
2,1,10,4,2,0.0012869834899902344,0.00012302398681640625,Y,14
2,1,10,4,2,0.0012941360473632812,0.0001087188720703125,Y,16
2,1,10,4,2,0.0012884140014648438,0.00015592575073242188,Y,15
2,1,10,4,2,0.0013446807861328125,0.00010180473327636719,Y,21
2,1,10,4,2,0.0014195442199707031,9.799003601074219e-05,Y,19
2,1,10,4,2,0.0013599395751953125,0.00010704994201660156,Y,18
2,1,10,4,2,0.001390695571899414,0.00012540817260742188,Y,15
2,1,10,4,2,0.0013921260833740234,9.34600830078125e-05,Y,20
2,1,10,4,2,0.0014061927795410156,0.00010991096496582031,Y,17
2,1,10,4,2,0.0014510154724121094,0.00011610984802246094,Y,18
2,1,10,4,2,0.0014483928680419922,0.00010728836059570312,Y,18
2,1,10,4,2,0.0014503002166748047,9.989738464355469e-05,Y,19
2,1,10,4,2,0.0014908313751220703,0.00011897087097167969,Y,18
2,1,10,4,2,0.0006158351898193359,0.0001087188720703125,N,15
2,1,10,4,2,0.0015947818756103516,0.0001251697540283203,Y,18
2,1,20,5,3,0.0033249855041503906,0.00038623809814453125,N,29
2,1,20,5,3,0.003297090530395508,0.000225067138671875,N,28
2,1,20,5,3,0.003194093704223633,0.0009720325469970703,N,24
2,1,20,5,3,0.0017552375793457031,0.0003800392150878906,N,29
2,1,20,5,3,0.004515886306762695,0.0023980140686035156,Y,27
2,1,20,5,3,0.0017650127410888672,0.0004520416259765625,N,28
2,1,20,5,3,0.0019631385803222656,0.00038814544677734375,N,25
2,1,20,5,3,0.0019676685333251953,0.0011839866638183594,N,26
2,1,20,5,3,0.0017969608306884766,0.002225160598754883,N,25
2,1,20,5,3,0.0018429756164550781,0.0002052783966064453,N,29
2,1,20,5,3,0.004445314407348633,0.0014600753784179688,Y,29
2,1,20,5,3,0.0016820430755615234,0.0001690387725830078,N,26
2,1,20,5,3,0.0018568038940429688,0.00017404556274414062,N,29
2,1,20,5,3,0.0017528533935546875,0.00026917457580566406,N,27
2,1,20,5,3,0.003154277801513672,0.0008862018585205078,N,23
2,1,20,5,3,0.003120899200439453,0.00038886070251464844,N,27
2,1,20,5,3,0.0018291473388671875,0.0004398822784423828,N,25
2,1,20,5,3,0.0016942024230957031,0.00022721290588378906,N,26
2,1,20,5,3,0.0017042160034179688,0.00015997886657714844,N,29
2,1,20,5,3,0.0017600059509277344,0.0002429485321044922,N,27
2,1,30,6,3,0.004029989242553711,0.0016160011291503906,N,44
2,1,30,6,3,0.010351419448852539,0.007581233978271484,Y,44
2,1,30,6,3,0.010027408599853516,0.00464177131652832,Y,46
2,1,30,6,3,0.010233879089355469,0.011165857315063477,Y,44
2,1,30,6,3,0.009088754653930664,0.005133152008056641,Y,46
2,1,30,6,3,0.009248971939086914,0.011120080947875977,Y,43
2,1,30,6,3,0.003197908401489258,0.003921985626220703,N,44
2,1,30,6,3,0.00943613052368164,0.009827613830566406,Y,45
2,1,30,6,3,0.008949518203735352,0.006454944610595703,Y,45
2,1,30,6,3,0.008881092071533203,0.005995512008666992,Y,45
2,1,30,6,3,0.009277820587158203,0.005567312240600586,Y,45
2,1,30,6,3,0.009593963623046875,0.00710296630859375,Y,44
2,1,30,6,3,0.00871896743774414,0.0113677978515625,Y,44
2,1,30,6,3,0.0030028820037841797,0.0022461414337158203,N,45
2,1,30,6,3,0.003437042236328125,0.002398967742919922,N,44
2,1,30,6,3,0.003818988800048828,0.00010967254638671875,N,45
2,1,30,6,3,0.009268522262573242,0.007710933685302734,Y,46
2,1,30,6,3,0.009789466857910156,0.006023883819580078,Y,46
2,1,30,6,3,0.0035979747772216797,0.008130073547363281,N,40
2,1,30,6,3,0.003641843795776367,0.0005581378936767578,N,39
2,1,40,7,4,0.006063938140869141,0.009916305541992188,N,54
2,1,40,7,4,0.006446123123168945,0.0010731220245361328,N,52
2,1,40,7,4,0.006356000900268555,0.0022630691528320312,N,54
2,1,40,7,4,0.005591869354248047,0.0034389495849609375,N,53
2,1,40,7,4,0.006331205368041992,0.016335010528564453,N,53
2,1,40,7,4,0.006162881851196289,0.02766585350036621,N,54
2,1,40,7,4,0.0062160491943359375,0.05317401885986328,N,56
2,1,40,7,4,0.006105899810791016,0.0016720294952392578,N,54
2,1,40,7,4,0.006284952163696289,0.014924049377441406,N,56
2,1,40,7,4,0.005415916442871094,0.0195620059967041,N,53
2,1,40,7,4,0.006481170654296875,0.001230001449584961,N,54
2,1,40,7,4,0.005589962005615234,0.007559299468994141,N,54
2,1,40,7,4,0.005461931228637695,0.16507911682128906,N,54
2,1,40,7,4,0.005158901214599609,0.00035309791564941406,N,54
2,1,40,7,4,0.0050487518310546875,0.0009050369262695312,N,55
2,1,40,7,4,0.005003213882446289,0.0005140304565429688,N,50
2,1,40,7,4,0.005230903625488281,0.008185148239135742,N,53
2,1,40,7,4,0.005833864212036133,0.006914615631103516,N,52
2,1,40,7,4,0.0053730010986328125,0.011012077331542969,N,52
2,1,40,7,4,0.005217790603637695,0.0008480548858642578,N,54
2,1,50,8,4,0.007685184478759766,0.02008676528930664,N,62
2,1,50,8,4,0.010403871536254883,0.02612590789794922,N,61
2,1,50,8,4,0.008456945419311523,0.04958796501159668,N,62
2,1,50,8,4,0.00858306884765625,0.0390779972076416,N,63
2,1,50,8,4,0.007328033447265625,0.04703783988952637,N,62
2,1,50,8,4,0.00969386100769043,0.05025029182434082,N,59
2,1,50,8,4,0.007414817810058594,0.03106379508972168,N,63
2,1,50,8,4,0.009006023406982422,0.02039504051208496,N,59
2,1,50,8,4,0.008601188659667969,0.03641700744628906,N,63
2,1,50,8,4,0.008343935012817383,0.04534792900085449,N,63
2,1,50,8,4,0.007431983947753906,0.1146249771118164,N,63
2,1,50,8,4,0.0077381134033203125,0.010860204696655273,N,62
2,1,50,8,4,0.009133100509643555,0.061634063720703125,N,62
2,1,50,8,4,0.008867263793945312,0.06148362159729004,N,61
2,1,50,8,4,0.008265018463134766,0.028328895568847656,N,60
2,1,50,8,4,0.00783681869506836,0.009567022323608398,N,63
2,1,50,8,4,0.008747100830078125,0.023210763931274414,N,61
2,1,50,8,4,0.008563041687011719,0.058972835540771484,N,60
2,1,50,8,4,0.008823633193969727,0.024831056594848633,N,61
2,1,50,8,4,0.009209871292114258,0.017264842987060547,N,63
2,1,60,8,4,0.011067867279052734,0.13520288467407227,N,79
2,1,60,8,4,0.011348962783813477,0.06811285018920898,N,79
2,1,60,8,4,0.012364864349365234,1.7209270000457764,N,78
2,1,60,8,4,0.01355433464050293,0.3895070552825928,N,78
2,1,60,8,4,0.013424158096313477,0.423875093460083,N,80
2,1,60,8,4,0.011308908462524414,0.28989219665527344,N,79
2,1,60,8,4,0.013466119766235352,0.5625960826873779,N,77
2,1,60,8,4,0.013458967208862305,0.14057183265686035,N,78
2,1,60,8,4,0.012594938278198242,1.099698781967163,N,79
2,1,60,8,4,0.01099085807800293,0.27523088455200195,N,77
2,1,60,8,4,0.034424781799316406,4.264665842056274,Y,75
2,1,60,8,4,0.011026859283447266,0.05472898483276367,N,78
2,1,60,8,4,0.011281013488769531,1.6864707469940186,N,78
2,1,60,8,4,0.015863895416259766,0.788419246673584,N,78
2,1,60,8,4,0.013436317443847656,0.19203710556030273,N,77
2,1,60,8,4,0.012417078018188477,0.4242980480194092,N,75
2,1,60,8,4,0.011121034622192383,0.03310823440551758,N,78
2,1,60,8,4,0.01353311538696289,0.05703926086425781,N,80
2,1,60,8,4,0.011450052261352539,0.3988001346588135,N,79
2,1,60,8,4,0.011024951934814453,0.0274813175201416,N,78
2,1,70,9,5,0.01587677001953125,1.0763938426971436,N,89
2,1,70,9,5,0.018484115600585938,0.07648515701293945,N,90
2,1,70,9,5,0.01664590835571289,0.07852792739868164,N,87
2,1,70,9,5,0.01556706428527832,0.3454759120941162,N,89
2,1,70,9,5,0.01535797119140625,0.2697789669036865,N,88
2,1,70,9,5,0.017238140106201172,5.179342031478882,N,88
2,1,70,9,5,0.014351129531860352,0.5404837131500244,N,87
2,1,70,9,5,0.017998218536376953,0.5597667694091797,N,89
2,1,70,9,5,0.0177919864654541,0.4027829170227051,N,89
2,1,70,9,5,0.017792940139770508,0.09068179130554199,N,90
2,1,70,9,5,0.015848875045776367,0.19670605659484863,N,90
2,1,70,9,5,0.014315128326416016,0.06759190559387207,N,87
2,1,70,9,5,0.01742696762084961,0.07633423805236816,N,90
2,1,70,9,5,0.015023231506347656,0.07268691062927246,N,88
2,1,70,9,5,0.017446041107177734,0.042761802673339844,N,87
2,1,70,9,5,0.017544031143188477,0.4656219482421875,N,88
2,1,70,9,5,0.015728235244750977,0.06659507751464844,N,90
2,1,70,9,5,0.016787290573120117,0.0744020938873291,N,86
2,1,70,9,5,0.016995668411254883,0.08306193351745605,N,84
2,1,70,9,5,0.01816082000732422,0.5463359355926514,N,88
2,1,80,9,5,0.022099971771240234,0.029207944869995117,N,89
2,1,80,9,5,0.02163410186767578,0.21313905715942383,N,89
2,1,80,9,5,0.022036314010620117,0.3533298969268799,N,90
2,1,80,9,5,0.022205114364624023,0.02851104736328125,N,90
2,1,80,9,5,0.018489837646484375,0.09413599967956543,N,89
2,1,80,9,5,0.021373987197875977,0.09921717643737793,N,88
2,1,80,9,5,0.019875049591064453,0.2780458927154541,N,88
2,1,80,9,5,0.02433323860168457,0.33339881896972656,N,90
2,1,80,9,5,0.019265174865722656,0.09003520011901855,N,89
2,1,80,9,5,0.021915197372436523,2.5122878551483154,N,89
2,1,80,9,5,0.01752495765686035,1.1787378787994385,N,90
2,1,80,9,5,0.018994808197021484,0.5522668361663818,N,89
2,1,80,9,5,0.017901897430419922,0.417172908782959,N,89
2,1,80,9,5,0.017943859100341797,0.5448672771453857,N,89
2,1,80,9,5,0.018522977828979492,0.05994534492492676,N,89
2,1,80,9,5,0.018484830856323242,3.837257146835327,N,89
2,1,80,9,5,0.019541025161743164,0.05420112609863281,N,90
2,1,80,9,5,0.01958918571472168,1.2945358753204346,N,90
2,1,80,9,5,0.01902008056640625,0.013714075088500977,N,88
2,1,80,9,5,0.021885156631469727,0.6054883003234863,N,90
2,1,90,10,5,0.02280902862548828,0.17871379852294922,N,98
2,1,90,10,5,0.023197174072265625,4.605236768722534,N,100
2,1,90,10,5,0.02834916114807129,0.2538292407989502,N,100
2,1,90,10,5,0.027971982955932617,5.155235052108765,N,99
2,1,90,10,5,0.02717900276184082,7.506826877593994,N,98
2,1,90,10,5,0.027264833450317383,0.327955961227417,N,99
2,1,90,10,5,0.023576974868774414,0.5267281532287598,N,99
2,1,90,10,5,0.02296590805053711,0.3222692012786865,N,98
2,1,90,10,5,0.023015975952148438,1.3376572132110596,N,100
2,1,90,10,5,0.02441096305847168,0.30698490142822266,N,100
2,1,90,10,5,0.025528907775878906,0.07124900817871094,N,98
2,1,90,10,5,0.02510833740234375,5.6085100173950195,N,100
2,1,90,10,5,0.02229619026184082,6.5684521198272705,N,100
2,1,90,10,5,0.023000001907348633,6.993242025375366,N,99
2,1,90,10,5,0.026462793350219727,0.661409854888916,N,99
2,1,90,10,5,0.024064064025878906,5.528234958648682,N,99
2,1,90,10,5,0.0245361328125,0.5375518798828125,N,100
2,1,90,10,5,0.02207326889038086,0.38353681564331055,N,99
2,1,90,10,5,0.024794816970825195,0.0678708553314209,N,98
2,1,90,10,5,0.02441096305847168,0.559826135635376,N,100
2,1,100,10,5,0.028419971466064453,1.1442089080810547,N,98
2,1,100,10,5,0.027441978454589844,0.7962241172790527,N,100
2,1,100,10,5,0.028193950653076172,1.9115138053894043,N,100
2,1,100,10,5,0.03167295455932617,7.498889923095703,N,100
2,1,100,10,5,0.027323007583618164,0.4525721073150635,N,98
2,1,100,10,5,0.027776002883911133,3.1660518646240234,N,99
2,1,100,10,5,0.03259611129760742,7.330284118652344,N,100
2,1,100,10,5,0.033514976501464844,1.6434321403503418,N,98
2,1,100,10,5,0.029626846313476562,5.1701576709747314,N,100
2,1,100,10,5,0.03302907943725586,0.09154200553894043,N,99
2,1,100,10,5,0.02804398536682129,1.7210018634796143,N,100
2,1,100,10,5,0.026726961135864258,6.728078126907349,N,100
2,1,100,10,5,0.028555870056152344,0.7879018783569336,N,100
2,1,100,10,5,0.033177852630615234,0.4777090549468994,N,100
2,1,100,10,5,0.031664133071899414,0.9255211353302002,N,100
2,1,100,10,5,0.03169703483581543,1.449357032775879,N,99
2,1,100,10,5,0.03299689292907715,1.6785378456115723,N,99
2,1,100,10,5,0.029994964599609375,0.755932092666626,N,100
2,1,100,10,5,0.03316998481750488,4.243790149688721,N,100
2,1,100,10,5,0.03136897087097168,0.4137001037597656,N,99
1,2,10,4,2,0.0016133785247802734,0.000133514404296875,Y,19
1,2,10,4,2,0.0016584396362304688,0.0001583099365234375,Y,18
1,2,10,4,2,0.0015804767608642578,0.00014066696166992188,Y,19
1,2,10,4,2,0.0017101764678955078,0.0001392364501953125,Y,20
1,2,10,4,2,0.0018732547760009766,0.000186920166015625,Y,19
1,2,10,4,2,0.0018110275268554688,0.00018167495727539062,Y,20
1,2,10,4,2,0.00183868408203125,0.0001327991485595703,Y,19
1,2,10,4,2,0.001833200454711914,0.00014066696166992188,Y,20
1,2,10,4,2,0.0007128715515136719,0.0001590251922607422,N,18
1,2,10,4,2,0.0007269382476806641,0.00011014938354492188,N,19
1,2,10,4,2,0.0018851757049560547,0.0001590251922607422,Y,19
1,2,10,4,2,0.0018453598022460938,0.0003333091735839844,Y,16
1,2,10,4,2,0.0019559860229492188,0.00020074844360351562,Y,20
1,2,10,4,2,0.0020036697387695312,0.00015735626220703125,Y,20
1,2,10,4,2,0.0018689632415771484,0.0001506805419921875,Y,18
1,2,10,4,2,0.0018854141235351562,0.00015592575073242188,Y,20
1,2,10,4,2,0.002112150192260742,0.00019359588623046875,Y,20
1,2,10,4,2,0.0034720897674560547,0.0003390312194824219,Y,18
1,2,10,4,2,0.0029001235961914062,0.0001857280731201172,Y,19
1,2,10,4,2,0.0013878345489501953,0.0001575946807861328,N,18
1,2,20,5,3,0.002274036407470703,0.0003972053527832031,N,29
1,2,20,5,3,0.002485990524291992,0.0008046627044677734,N,30
1,2,20,5,3,0.0020020008087158203,0.004958152770996094,N,30
1,2,20,5,3,0.0019519329071044922,0.0015518665313720703,N,30
1,2,20,5,3,0.0020132064819335938,0.001706838607788086,N,29
1,2,20,5,3,0.0019290447235107422,0.005035877227783203,N,30
1,2,20,5,3,0.0018439292907714844,0.00016808509826660156,N,30
1,2,20,5,3,0.0022902488708496094,0.0006661415100097656,N,29
1,2,20,5,3,0.004002094268798828,0.0016169548034667969,N,30
1,2,20,5,3,0.0024259090423583984,0.0015521049499511719,N,30
1,2,20,5,3,0.002148151397705078,0.005217790603637695,N,30
1,2,20,5,3,0.0021600723266601562,0.0021331310272216797,N,29
1,2,20,5,3,0.0021140575408935547,0.0016930103302001953,N,29
1,2,20,5,3,0.0023801326751708984,0.0004839897155761719,N,30
1,2,20,5,3,0.0026178359985351562,0.0025320053100585938,N,29
1,2,20,5,3,0.002431154251098633,0.0004661083221435547,N,30
1,2,20,5,3,0.002447843551635742,0.0005812644958496094,N,30
1,2,20,5,3,0.002259969711303711,0.0015790462493896484,N,30
1,2,20,5,3,0.003696918487548828,0.0006070137023925781,N,29
1,2,20,5,3,0.002172708511352539,0.0006668567657470703,N,30
1,2,30,6,3,0.005305051803588867,0.007712602615356445,N,42
1,2,30,6,3,0.004973888397216797,0.015188455581665039,N,42
1,2,30,6,3,0.004728078842163086,0.006659746170043945,N,42
1,2,30,6,3,0.003968715667724609,0.013602018356323242,N,42
1,2,30,6,3,0.004547834396362305,0.003355264663696289,N,42
1,2,30,6,3,0.004966020584106445,0.015910863876342773,N,41
1,2,30,6,3,0.004168987274169922,0.030072927474975586,N,42
1,2,30,6,3,0.004297971725463867,0.03366994857788086,N,42
1,2,30,6,3,0.003998994827270508,0.039956092834472656,N,42
1,2,30,6,3,0.0040781497955322266,0.0009849071502685547,N,42
1,2,30,6,3,0.004987001419067383,0.022500038146972656,N,42
1,2,30,6,3,0.004214048385620117,0.033334970474243164,N,42
1,2,30,6,3,0.012916088104248047,0.14465022087097168,Y,42
1,2,30,6,3,0.004925251007080078,0.012450695037841797,N,42
1,2,30,6,3,0.00458216667175293,0.0454258918762207,N,42
1,2,30,6,3,0.013408899307250977,0.10602259635925293,Y,42
1,2,30,6,3,0.005029201507568359,0.044516801834106445,N,42
1,2,30,6,3,0.004582881927490234,0.05441594123840332,N,42
1,2,30,6,3,0.004172086715698242,0.03656792640686035,N,42
1,2,30,6,3,0.0038852691650390625,0.04106020927429199,N,42
1,2,40,7,4,0.007516145706176758,0.29059815406799316,N,56
1,2,40,7,4,0.00692296028137207,0.06053495407104492,N,56
1,2,40,7,4,0.008072137832641602,0.04391121864318848,N,56
1,2,40,7,4,0.007866144180297852,0.06615829467773438,N,56
1,2,40,7,4,0.0073778629302978516,0.04669070243835449,N,56
1,2,40,7,4,0.008421897888183594,0.04356789588928223,N,56
1,2,40,7,4,0.008001089096069336,0.026551008224487305,N,56
1,2,40,7,4,0.010251998901367188,1.1941471099853516,N,56
1,2,40,7,4,0.007236957550048828,0.042935848236083984,N,56
1,2,40,7,4,0.008915185928344727,0.25440120697021484,N,56
1,2,40,7,4,0.008665084838867188,0.16830801963806152,N,56
1,2,40,7,4,0.008620977401733398,0.4258890151977539,N,56
1,2,40,7,4,0.0071239471435546875,0.44541001319885254,N,56
1,2,40,7,4,0.007378339767456055,0.014759063720703125,N,56
1,2,40,7,4,0.007451295852661133,0.3077070713043213,N,56
1,2,40,7,4,0.00715327262878418,0.04686570167541504,N,56
1,2,40,7,4,0.008691072463989258,0.05393576622009277,N,56
1,2,40,7,4,0.0071370601654052734,0.19867920875549316,N,56
1,2,40,7,4,0.0073359012603759766,0.09614014625549316,N,56
1,2,40,7,4,0.008651018142700195,0.04888010025024414,N,56
1,2,50,8,4,0.011242151260375977,0.2162930965423584,N,64
1,2,50,8,4,0.012896060943603516,0.05659008026123047,N,63
1,2,50,8,4,0.010957002639770508,0.11684608459472656,N,64
1,2,50,8,4,0.010771751403808594,0.2350151538848877,N,64
1,2,50,8,4,0.013079166412353516,1.366344928741455,N,64
1,2,50,8,4,0.010807991027832031,0.29071688652038574,N,64
1,2,50,8,4,0.012855768203735352,0.3490281105041504,N,64
1,2,50,8,4,0.011288881301879883,0.28427886962890625,N,64
1,2,50,8,4,0.012867212295532227,0.425565242767334,N,64
1,2,50,8,4,0.013217926025390625,1.190011978149414,N,64
1,2,50,8,4,0.012969970703125,0.2583637237548828,N,64
1,2,50,8,4,0.012137889862060547,0.051882028579711914,N,64
1,2,50,8,4,0.010905742645263672,1.1663079261779785,N,64
1,2,50,8,4,0.01089930534362793,0.007620096206665039,N,64
1,2,50,8,4,0.012291908264160156,2.797985076904297,N,64
1,2,50,8,4,0.013015985488891602,0.050621986389160156,N,64
1,2,50,8,4,0.012805938720703125,1.1056468486785889,N,64
1,2,50,8,4,0.010627985000610352,0.2669968605041504,N,63
1,2,50,8,4,0.010687828063964844,0.33170008659362793,N,64
1,2,50,8,4,0.011453866958618164,0.05573296546936035,N,64
1,2,60,8,4,0.016168832778930664,4.774810791015625,N,72
1,2,60,8,4,0.01897907257080078,1.2774930000305176,N,72
1,2,60,8,4,0.01960587501525879,0.30135273933410645,N,72
1,2,60,8,4,0.015967130661010742,5.779350996017456,N,72
1,2,60,8,4,0.016395092010498047,4.812620162963867,N,72
1,2,60,8,4,0.01853799819946289,2.4060139656066895,N,72
1,2,60,8,4,0.017746925354003906,28.036889791488647,N,72
1,2,60,8,4,0.018605709075927734,0.37712812423706055,N,72
1,2,60,8,4,0.01602792739868164,1.2384209632873535,N,72
1,2,60,8,4,0.019135236740112305,1.1434941291809082,N,72
1,2,60,8,4,0.015614986419677734,0.993006706237793,N,72
1,2,60,8,4,0.015893936157226562,0.3839092254638672,N,72
1,2,60,8,4,0.01732802391052246,6.197789907455444,N,72
1,2,60,8,4,0.019155263900756836,4.551421165466309,N,72
1,2,60,8,4,0.01595306396484375,0.27562808990478516,N,72
1,2,60,8,4,0.015799999237060547,24.654798984527588,N,72
1,2,60,8,4,0.018781185150146484,3.207399845123291,N,72
1,2,60,8,4,0.01850295066833496,1.304100751876831,N,72
1,2,60,8,4,0.01559305191040039,0.871021032333374,N,72
1,2,60,8,4,0.018810272216796875,7.407383680343628,N,72
1,2,70,9,5,0.025433778762817383,3.347853899002075,N,80
1,2,70,9,5,0.027070999145507812,1.3065400123596191,N,81
1,2,70,9,5,0.02548694610595703,1.2126929759979248,N,81
1,2,70,9,5,0.02086806297302246,0.43820905685424805,N,81
1,2,70,9,5,0.025637149810791016,0.5974762439727783,N,81
1,2,70,9,5,0.021799087524414062,1.3728930950164795,N,81
1,2,70,9,5,0.025819778442382812,1.2527198791503906,N,81
1,2,70,9,5,0.02554488182067871,3.9068117141723633,N,81
1,2,70,9,5,0.02390909194946289,1.2651503086090088,N,81
1,2,70,9,5,0.025322914123535156,0.3394649028778076,N,81
1,2,70,9,5,0.025040149688720703,6.439422845840454,N,81
1,2,70,9,5,0.021653175354003906,0.7716410160064697,N,81
1,2,70,9,5,0.02390313148498535,4.023766994476318,N,81
1,2,70,9,5,0.025741100311279297,0.34971022605895996,N,81
1,2,70,9,5,0.021203994750976562,0.4579477310180664,N,81
1,2,70,9,5,0.021837949752807617,0.19240188598632812,N,81
1,2,70,9,5,0.022892236709594727,0.35277676582336426,N,81
1,2,70,9,5,0.025164127349853516,1.7369248867034912,N,81
1,2,70,9,5,0.026144027709960938,5.097503185272217,N,81
1,2,70,9,5,0.02145528793334961,0.33226490020751953,N,81
1,2,80,9,5,0.03437018394470215,0.3735971450805664,N,81
1,2,80,9,5,0.0322568416595459,4.290860652923584,N,81
1,2,80,9,5,0.03156781196594238,0.4470348358154297,N,81
1,2,80,9,5,0.028480052947998047,5.045169830322266,N,81
1,2,80,9,5,0.03241109848022461,1.3924100399017334,N,81
1,2,80,9,5,0.031948089599609375,1.3286290168762207,N,81
1,2,80,9,5,0.032360076904296875,4.028563976287842,N,81
1,2,80,9,5,0.03225874900817871,3.444093942642212,N,81
1,2,80,9,5,0.027881860733032227,5.323332786560059,N,81
1,2,80,9,5,0.02676081657409668,5.373573303222656,N,81
1,2,80,9,5,0.03250908851623535,0.4293088912963867,N,81
1,2,80,9,5,0.02721881866455078,7.111710071563721,N,81
1,2,80,9,5,0.02891993522644043,1.6429169178009033,N,81
1,2,80,9,5,0.029600143432617188,5.8673341274261475,N,81
1,2,80,9,5,0.029695987701416016,0.7652130126953125,N,81
1,2,80,9,5,0.028521299362182617,1.2939870357513428,N,81
1,2,80,9,5,0.028212308883666992,0.461406946182251,N,81
1,2,80,9,5,0.028825044631958008,0.3978879451751709,N,81
1,2,80,9,5,0.026387929916381836,0.6975369453430176,N,81
1,2,80,9,5,0.027168989181518555,1.7299787998199463,N,81
1,2,90,10,5,0.04051375389099121,32.44346594810486,N,90
1,2,90,10,5,0.03598904609680176,7.744117021560669,N,90
1,2,90,10,5,0.03422808647155762,6.211043119430542,N,90
1,2,90,10,5,0.041165828704833984,214.6236720085144,N,90
1,2,90,10,5,0.03522491455078125,22.887753009796143,N,90
1,2,90,10,5,0.04029393196105957,22.699484825134277,N,90
1,2,90,10,5,0.03421902656555176,7.230977773666382,N,90
1,2,90,10,5,0.040776968002319336,5.467083930969238,N,90
1,2,90,10,5,0.039994239807128906,4.325514078140259,N,90
1,2,90,10,5,0.04013228416442871,27.546812057495117,N,90
1,2,90,10,5,0.0355379581451416,5.503725051879883,N,90
1,2,90,10,5,0.03651285171508789,4.671824932098389,N,90
1,2,90,10,5,0.03718900680541992,7.527334928512573,N,90
1,2,90,10,5,0.04089188575744629,26.84718108177185,N,90
1,2,90,10,5,0.03379702568054199,6.05628514289856,N,90
1,2,90,10,5,0.03448796272277832,4.240910768508911,N,90
1,2,90,10,5,0.04073500633239746,31.028342962265015,N,90
1,2,90,10,5,0.04246878623962402,8.124092817306519,N,90
1,2,90,10,5,0.036570072174072266,16.584595918655396,N,90
1,2,90,10,5,0.03501415252685547,5.5519490242004395,N,90
1,2,100,10,5,0.056561946868896484,308.7146906852722,N,100
1,2,100,10,5,0.051831722259521484,207.39007592201233,N,100
1,2,100,10,5,0.04586005210876465,6.005332946777344,N,100
1,2,100,10,5,0.05050015449523926,1088.749768257141,N,100
1,2,100,10,5,0.04972386360168457,193.0529341697693,N,100
1,2,100,10,5,0.05138111114501953,46.81871724128723,N,100
1,2,100,10,5,0.0498201847076416,8.749552726745605,N,100
1,2,100,10,5,0.0531163215637207,27.937448263168335,N,100
1,2,100,10,5,0.05737018585205078,162.87550830841064,N,100
1,2,100,10,5,0.04496479034423828,29.914165019989014,N,100
1,2,100,10,5,0.04722905158996582,29.494962215423584,N,100
1,2,100,10,5,0.05014991760253906,206.2773458957672,N,100
1,2,100,10,5,0.04865002632141113,174.8049201965332,N,100
1,2,100,10,5,0.05331611633300781,6.474822282791138,N,100
1,2,100,10,5,0.049887895584106445,31.11343789100647,N,100
1,2,100,10,5,0.057435035705566406,8.18528699874878,N,100
1,2,100,10,5,0.04772019386291504,39.79694104194641,N,100
1,2,100,10,5,0.05151796340942383,30.199776649475098,N,100
1,2,100,10,5,0.053064823150634766,46.23147416114807,N,100
1,2,100,10,5,0.05709099769592285,7.844766139984131,N,100
1,1,10,4,2,0.0006151199340820312,0.00013303756713867188,N,10
1,1,10,4,2,0.0005681514739990234,8.034706115722656e-05,N,11
1,1,10,4,2,0.0005359649658203125,9.298324584960938e-05,N,11
1,1,10,4,2,0.0005407333374023438,0.00010991096496582031,N,12
1,1,10,4,2,0.0005588531494140625,0.00011372566223144531,N,12
1,1,10,4,2,0.0005331039428710938,8.20159912109375e-05,N,12
1,1,10,4,2,0.0005292892456054688,8.916854858398438e-05,N,12
1,1,10,4,2,0.0005280971527099609,9.083747863769531e-05,N,11
1,1,10,4,2,0.0005223751068115234,0.00012302398681640625,N,11
1,1,10,4,2,0.0005161762237548828,9.489059448242188e-05,N,10
1,1,10,4,2,0.0005338191986083984,0.00016379356384277344,N,11
1,1,10,4,2,0.0005331039428710938,9.489059448242188e-05,N,11
1,1,10,4,2,0.0005340576171875,7.915496826171875e-05,N,12
1,1,10,4,2,0.0005500316619873047,0.00010919570922851562,N,12
1,1,10,4,2,0.0005581378936767578,2.2172927856445312e-05,N,11
1,1,10,4,2,0.0005817413330078125,2.4080276489257812e-05,N,11
1,1,10,4,2,0.0005991458892822266,0.00013113021850585938,N,11
1,1,10,4,2,0.0006000995635986328,0.00018978118896484375,N,12
1,1,10,4,2,0.0006082057952880859,9.512901306152344e-05,N,11
1,1,10,4,2,0.0006110668182373047,0.0002238750457763672,N,12
1,1,20,5,3,0.0014560222625732422,0.0008261203765869141,N,15
1,1,20,5,3,0.0015320777893066406,0.00015497207641601562,N,15
1,1,20,5,3,0.0015430450439453125,0.0001862049102783203,N,15
1,1,20,5,3,0.0016210079193115234,0.00019311904907226562,N,15
1,1,20,5,3,0.0016379356384277344,0.00018215179443359375,N,15
1,1,20,5,3,0.00156402587890625,9.703636169433594e-05,N,14
1,1,20,5,3,0.0015721321105957031,0.0003581047058105469,N,15
1,1,20,5,3,0.0016179084777832031,0.0003769397735595703,N,14
1,1,20,5,3,0.0016849040985107422,0.0007290840148925781,N,15
1,1,20,5,3,0.0017938613891601562,0.00015163421630859375,N,15
1,1,20,5,3,0.0032677650451660156,0.00035381317138671875,N,15
1,1,20,5,3,0.0033881664276123047,0.0003581047058105469,N,15
1,1,20,5,3,0.0026569366455078125,0.0003268718719482422,N,15
1,1,20,5,3,0.0017142295837402344,0.00020575523376464844,N,15
1,1,20,5,3,0.00160980224609375,9.012222290039062e-05,N,15
1,1,20,5,3,0.0016169548034667969,0.0001308917999267578,N,15
1,1,20,5,3,0.0016148090362548828,0.0009241104125976562,N,15
1,1,20,5,3,0.0016880035400390625,0.0005309581756591797,N,15
1,1,20,5,3,0.0018761157989501953,0.0001499652862548828,N,15
1,1,20,5,3,0.0031130313873291016,0.00026106834411621094,N,15
1,1,30,6,3,0.0039081573486328125,0.0006079673767089844,N,24
1,1,30,6,3,0.003918170928955078,0.0005979537963867188,N,24
1,1,30,6,3,0.003587007522583008,0.0008151531219482422,N,24
1,1,30,6,3,0.003921985626220703,0.0024378299713134766,N,24
1,1,30,6,3,0.003776073455810547,0.0007658004760742188,N,24
1,1,30,6,3,0.003412008285522461,0.0006241798400878906,N,24
1,1,30,6,3,0.003593921661376953,0.0019068717956542969,N,24
1,1,30,6,3,0.0033626556396484375,0.0010759830474853516,N,24
1,1,30,6,3,0.003564119338989258,0.00010800361633300781,N,24
1,1,30,6,3,0.0034058094024658203,0.0005438327789306641,N,24
1,1,30,6,3,0.0031380653381347656,0.0008141994476318359,N,24
1,1,30,6,3,0.0033998489379882812,0.0007338523864746094,N,24
1,1,30,6,3,0.003762960433959961,0.00013899803161621094,N,24
1,1,30,6,3,0.003399372100830078,0.0005221366882324219,N,23
1,1,30,6,3,0.0035011768341064453,0.0010290145874023438,N,24
1,1,30,6,3,0.003381013870239258,0.0006840229034423828,N,24
1,1,30,6,3,0.003194093704223633,0.00039076805114746094,N,24
1,1,30,6,3,0.003384828567504883,0.0008807182312011719,N,24
1,1,30,6,3,0.004478931427001953,0.0011241436004638672,N,24
1,1,30,6,3,0.003545045852661133,0.0005371570587158203,N,24
1,1,40,7,4,0.007761240005493164,0.0014619827270507812,N,27
1,1,40,7,4,0.006003856658935547,0.0011341571807861328,N,27
1,1,40,7,4,0.006491899490356445,0.0014989376068115234,N,28
1,1,40,7,4,0.007049083709716797,0.0012919902801513672,N,27
1,1,40,7,4,0.006244182586669922,0.00030517578125,N,27
1,1,40,7,4,0.006356000900268555,0.001950979232788086,N,28
1,1,40,7,4,0.0061092376708984375,0.0012969970703125,N,28
1,1,40,7,4,0.00609898567199707,0.0010521411895751953,N,28
1,1,40,7,4,0.005979061126708984,0.0008890628814697266,N,28
1,1,40,7,4,0.005422115325927734,0.0039000511169433594,N,28
1,1,40,7,4,0.0061910152435302734,0.00040411949157714844,N,28
1,1,40,7,4,0.006007671356201172,0.0011289119720458984,N,28
1,1,40,7,4,0.005900144577026367,0.0006017684936523438,N,28
1,1,40,7,4,0.006173849105834961,0.002633810043334961,N,28
1,1,40,7,4,0.005812168121337891,0.008924007415771484,N,28
1,1,40,7,4,0.00543212890625,0.0006148815155029297,N,28
1,1,40,7,4,0.005404949188232422,0.0060749053955078125,N,28
1,1,40,7,4,0.005778312683105469,0.00151824951171875,N,28
1,1,40,7,4,0.005991935729980469,0.001119852066040039,N,28
1,1,40,7,4,0.006321907043457031,0.0010869503021240234,N,28
1,1,50,8,4,0.008604288101196289,0.004433870315551758,N,32
1,1,50,8,4,0.008355140686035156,0.004743337631225586,N,32
1,1,50,8,4,0.007394075393676758,0.0058138370513916016,N,32
1,1,50,8,4,0.008543014526367188,0.010728120803833008,N,32
1,1,50,8,4,0.008491039276123047,0.004775047302246094,N,31
1,1,50,8,4,0.007909059524536133,0.005851030349731445,N,32
1,1,50,8,4,0.008831024169921875,0.002012968063354492,N,32
1,1,50,8,4,0.008283853530883789,0.0025358200073242188,N,32
1,1,50,8,4,0.007540225982666016,0.006414175033569336,N,32
1,1,50,8,4,0.007859945297241211,0.0013341903686523438,N,32
1,1,50,8,4,0.008241891860961914,0.0073778629302978516,N,32
1,1,50,8,4,0.010077238082885742,0.006163120269775391,N,32
1,1,50,8,4,0.008176803588867188,0.004540920257568359,N,32
1,1,50,8,4,0.008547067642211914,0.0023920536041259766,N,32
1,1,50,8,4,0.007818937301635742,0.0045969486236572266,N,32
1,1,50,8,4,0.007279872894287109,0.0015769004821777344,N,32
1,1,50,8,4,0.007799863815307617,0.011315345764160156,N,32
1,1,50,8,4,0.009882926940917969,0.01076197624206543,N,32
1,1,50,8,4,0.009414196014404297,0.00816798210144043,N,32
1,1,50,8,4,0.01332712173461914,0.006722927093505859,N,32
1,1,60,8,4,0.018075942993164062,0.002003908157348633,N,40
1,1,60,8,4,0.015320777893066406,0.04667186737060547,N,40
1,1,60,8,4,0.012321949005126953,0.0033342838287353516,N,40
1,1,60,8,4,0.011982202529907227,0.06804800033569336,N,40
1,1,60,8,4,0.01109623908996582,0.035553693771362305,N,40
1,1,60,8,4,0.012227773666381836,0.002251863479614258,N,40
1,1,60,8,4,0.012099742889404297,0.0021741390228271484,N,40
1,1,60,8,4,0.012621879577636719,0.03349876403808594,N,40
1,1,60,8,4,0.01326608657836914,0.024259090423583984,N,40
1,1,60,8,4,0.012472152709960938,0.0038406848907470703,N,40
1,1,60,8,4,0.010930776596069336,0.0019788742065429688,N,40
1,1,60,8,4,0.012262105941772461,0.008704900741577148,N,40
1,1,60,8,4,0.011373043060302734,0.0016090869903564453,N,40
1,1,60,8,4,0.012201070785522461,0.0145721435546875,N,40
1,1,60,8,4,0.011986970901489258,0.0028371810913085938,N,40
1,1,60,8,4,0.012807846069335938,0.027196168899536133,N,40
1,1,60,8,4,0.011141777038574219,0.0016481876373291016,N,40
1,1,60,8,4,0.012568950653076172,0.0027017593383789062,N,40
1,1,60,8,4,0.01431417465209961,0.017672300338745117,N,40
1,1,60,8,4,0.011446952819824219,0.006245851516723633,N,40
1,1,70,9,5,0.015368938446044922,0.02800583839416504,N,45
1,1,70,9,5,0.01690506935119629,0.012247800827026367,N,45
1,1,70,9,5,0.016275882720947266,0.010413169860839844,N,45
1,1,70,9,5,0.014754056930541992,0.004421234130859375,N,44
1,1,70,9,5,0.015121936798095703,0.003565073013305664,N,45
1,1,70,9,5,0.015904903411865234,0.01576709747314453,N,45
1,1,70,9,5,0.01651906967163086,0.0018439292907714844,N,45
1,1,70,9,5,0.01538705825805664,0.009368896484375,N,45
1,1,70,9,5,0.01665806770324707,0.0059967041015625,N,44
1,1,70,9,5,0.017910003662109375,0.004050254821777344,N,45
1,1,70,9,5,0.018222808837890625,0.002838134765625,N,45
1,1,70,9,5,0.01760721206665039,0.019186019897460938,N,45
1,1,70,9,5,0.01571202278137207,0.009961366653442383,N,45
1,1,70,9,5,0.015173196792602539,0.008640050888061523,N,45
1,1,70,9,5,0.016340017318725586,0.0036780834197998047,N,45
1,1,70,9,5,0.017822980880737305,0.004143238067626953,N,45
1,1,70,9,5,0.01826024055480957,0.003240823745727539,N,45
1,1,70,9,5,0.0169680118560791,0.024838924407958984,N,45
1,1,70,9,5,0.017802000045776367,0.12777304649353027,N,45
1,1,70,9,5,0.01450800895690918,0.01169896125793457,N,45
1,1,80,9,5,0.019603967666625977,0.0032320022583007812,N,45
1,1,80,9,5,0.019575834274291992,0.01856398582458496,N,45
1,1,80,9,5,0.01938009262084961,0.012166261672973633,N,45
1,1,80,9,5,0.019519805908203125,0.014385700225830078,N,45
1,1,80,9,5,0.02101612091064453,0.004084110260009766,N,45
1,1,80,9,5,0.022005081176757812,0.022684097290039062,N,45
1,1,80,9,5,0.019939899444580078,0.005650997161865234,N,45
1,1,80,9,5,0.021030902862548828,0.011326789855957031,N,45
1,1,80,9,5,0.02162027359008789,0.011879205703735352,N,45
1,1,80,9,5,0.02021312713623047,0.008504867553710938,N,45
1,1,80,9,5,0.01912403106689453,0.004004240036010742,N,45
1,1,80,9,5,0.021816730499267578,0.006409883499145508,N,45
1,1,80,9,5,0.021764755249023438,0.011608123779296875,N,45
1,1,80,9,5,0.02148890495300293,0.0309140682220459,N,45
1,1,80,9,5,0.018857955932617188,0.003297090530395508,N,45
1,1,80,9,5,0.020386934280395508,0.004143953323364258,N,45
1,1,80,9,5,0.018657922744750977,0.011175870895385742,N,45
1,1,80,9,5,0.019114017486572266,0.020310163497924805,N,45
1,1,80,9,5,0.01972031593322754,0.0024271011352539062,N,45
1,1,80,9,5,0.021698951721191406,0.038743019104003906,N,45
1,1,90,10,5,0.023606061935424805,0.008221149444580078,N,50
1,1,90,10,5,0.025307893753051758,0.019109249114990234,N,50
1,1,90,10,5,0.02498793601989746,0.08412694931030273,N,50
1,1,90,10,5,0.02714085578918457,0.006064891815185547,N,50
1,1,90,10,5,0.02812480926513672,0.0035102367401123047,N,50
1,1,90,10,5,0.0237576961517334,0.038771867752075195,N,50
1,1,90,10,5,0.02339911460876465,0.11464595794677734,N,50
1,1,90,10,5,0.025356054306030273,0.03207993507385254,N,50
1,1,90,10,5,0.025890111923217773,0.02663135528564453,N,50
1,1,90,10,5,0.023181915283203125,0.1730811595916748,N,50
1,1,90,10,5,0.025464773178100586,0.011751890182495117,N,50
1,1,90,10,5,0.023686885833740234,0.013442039489746094,N,50
1,1,90,10,5,0.02439284324645996,0.01611804962158203,N,50
1,1,90,10,5,0.024911880493164062,0.011049032211303711,N,50
1,1,90,10,5,0.026548385620117188,0.004010915756225586,N,50
1,1,90,10,5,0.023463964462280273,0.0049648284912109375,N,50
1,1,90,10,5,0.028530120849609375,0.0051479339599609375,N,50
1,1,90,10,5,0.02350902557373047,0.1101219654083252,N,50
1,1,90,10,5,0.026142120361328125,0.025081157684326172,N,50
1,1,90,10,5,0.024847030639648438,0.0054891109466552734,N,50
1,1,100,10,5,0.02978801727294922,0.010181903839111328,N,50
1,1,100,10,5,0.030149221420288086,0.021351337432861328,N,50
1,1,100,10,5,0.028912782669067383,0.033525943756103516,N,50
1,1,100,10,5,0.030472993850708008,0.04210305213928223,N,50
1,1,100,10,5,0.03115701675415039,0.17049503326416016,N,50
1,1,100,10,5,0.02893209457397461,0.013986825942993164,N,50
1,1,100,10,5,0.03119802474975586,0.024155855178833008,N,50
1,1,100,10,5,0.029122114181518555,0.14507198333740234,N,50
1,1,100,10,5,0.027666091918945312,0.0054149627685546875,N,50
1,1,100,10,5,0.029771089553833008,0.025979995727539062,N,50
1,1,100,10,5,0.03133416175842285,0.1672372817993164,N,50
1,1,100,10,5,0.028564929962158203,0.02071523666381836,N,50
1,1,100,10,5,0.02983689308166504,0.012557744979858398,N,50
1,1,100,10,5,0.03067493438720703,0.009310007095336914,N,50
1,1,100,10,5,0.03003072738647461,0.02185797691345215,N,50
1,1,100,10,5,0.028595924377441406,0.06449770927429199,N,50
1,1,100,10,5,0.031806230545043945,0.021788358688354492,N,50
1,1,100,10,5,0.0291440486907959,0.01826786994934082,N,50
1,1,100,10,5,0.029119014739990234,0.08088898658752441,N,50
1,1,100,10,5,0.030392169952392578,0.11952495574951172,N,50
