c,d,n,k,r,gen_time,solve_time,valid,sel_len
12,12,10,4,2,0.007806062698364258,0.00014591217041015625,Y,251
12,12,10,4,2,0.007314920425415039,0.00012183189392089844,Y,255
12,12,10,4,2,0.008829832077026367,0.00013494491577148438,Y,255
12,12,10,4,2,0.0072438716888427734,0.00012755393981933594,Y,257
12,12,10,4,2,0.008996009826660156,0.00014710426330566406,Y,258
12,12,10,4,2,0.007302284240722656,0.0001385211944580078,Y,247
12,12,10,4,2,0.007539987564086914,0.00012683868408203125,Y,252
12,12,10,4,2,0.0071408748626708984,0.0001270771026611328,Y,259
12,12,10,4,2,0.006308794021606445,0.0001049041748046875,Y,258
12,12,10,4,2,0.007210969924926758,0.00013399124145507812,Y,258
12,12,10,4,2,0.005956172943115234,0.00010180473327636719,Y,250
12,12,10,4,2,0.0065670013427734375,0.00012302398681640625,Y,253
12,12,10,4,2,0.006247043609619141,0.00010824203491210938,Y,257
12,12,10,4,2,0.00582122802734375,0.00014257431030273438,Y,251
12,12,10,4,2,0.0058710575103759766,9.322166442871094e-05,Y,254
12,12,10,4,2,0.005859851837158203,9.751319885253906e-05,Y,262
12,12,10,4,2,0.006378889083862305,0.00011110305786132812,Y,250
12,12,10,4,2,0.00568699836730957,9.202957153320312e-05,Y,261
12,12,10,4,2,0.00590205192565918,9.489059448242188e-05,Y,261
12,12,10,4,2,0.005689859390258789,9.489059448242188e-05,Y,260
12,12,20,5,3,0.028018712997436523,0.0006420612335205078,Y,630
12,12,20,5,3,0.029322385787963867,0.0006835460662841797,Y,627
12,12,20,5,3,0.027547121047973633,0.0006508827209472656,Y,635
12,12,20,5,3,0.028070449829101562,0.0006539821624755859,Y,611
12,12,20,5,3,0.026410818099975586,0.0006251335144042969,Y,621
12,12,20,5,3,0.028040170669555664,0.0006341934204101562,Y,617
12,12,20,5,3,0.02707195281982422,0.0006465911865234375,Y,620
12,12,20,5,3,0.027409076690673828,0.0007777214050292969,Y,612
12,12,20,5,3,0.027988910675048828,0.0005810260772705078,Y,620
12,12,20,5,3,0.031307220458984375,0.00080108642578125,Y,601
12,12,20,5,3,0.026023149490356445,0.0005402565002441406,Y,614
12,12,20,5,3,0.02850484848022461,0.0005888938903808594,Y,613
12,12,20,5,3,0.02679300308227539,0.0005950927734375,Y,628
12,12,20,5,3,0.027946949005126953,0.0006198883056640625,Y,605
12,12,20,5,3,0.031206846237182617,0.0006589889526367188,Y,623
12,12,20,5,3,0.0385739803314209,0.0008733272552490234,Y,617
12,12,20,5,3,0.05063915252685547,0.0012521743774414062,Y,625
12,12,20,5,3,0.029641389846801758,0.0006639957427978516,Y,626
12,12,20,5,3,0.02790665626525879,0.0007300376892089844,Y,621
12,12,20,5,3,0.026900053024291992,0.0005750656127929688,Y,616
12,12,30,6,3,0.07088708877563477,0.0010340213775634766,Y,1004
12,12,30,6,3,0.06792426109313965,0.001142263412475586,Y,1023
12,12,30,6,3,0.06671309471130371,0.0010058879852294922,Y,1015
12,12,30,6,3,0.06944990158081055,0.001134634017944336,Y,1017
12,12,30,6,3,0.06840872764587402,0.0011181831359863281,Y,1016
12,12,30,6,3,0.06940698623657227,0.001094818115234375,Y,1023
12,12,30,6,3,0.06666183471679688,0.001003265380859375,Y,1011
12,12,30,6,3,0.06899619102478027,0.001071929931640625,Y,1025
12,12,30,6,3,0.06715583801269531,0.0009293556213378906,Y,1015
12,12,30,6,3,0.06602096557617188,0.0009138584136962891,Y,998
12,12,30,6,3,0.06748628616333008,0.0008945465087890625,Y,998
12,12,30,6,3,0.06746101379394531,0.0009703636169433594,Y,1037
12,12,30,6,3,0.06723880767822266,0.0011286735534667969,Y,1003
12,12,30,6,3,0.068603515625,0.0012803077697753906,Y,1026
12,12,30,6,3,0.06961679458618164,0.0013263225555419922,Y,1001
12,12,30,6,3,0.07488322257995605,0.0015270709991455078,Y,1003
12,12,30,6,3,0.08747696876525879,0.0016891956329345703,Y,988
12,12,30,6,3,0.08328008651733398,0.001516580581665039,Y,1016
12,12,30,6,3,0.07485318183898926,0.0012459754943847656,Y,1013
12,12,30,6,3,0.06707572937011719,0.001033782958984375,Y,1015
12,12,40,7,4,0.14180350303649902,0.002396821975708008,Y,1445
12,12,40,7,4,0.13328170776367188,0.004764080047607422,Y,1445
12,12,40,7,4,0.13234782218933105,0.003075122833251953,Y,1429
12,12,40,7,4,0.13436102867126465,0.003312826156616211,Y,1419
12,12,40,7,4,0.13519787788391113,0.0025899410247802734,Y,1413
12,12,40,7,4,0.126953125,0.0033915042877197266,Y,1434
12,12,40,7,4,0.13348841667175293,0.0037376880645751953,Y,1431
12,12,40,7,4,0.13367509841918945,0.002809762954711914,Y,1438
12,12,40,7,4,0.13083362579345703,0.002508878707885742,Y,1432
12,12,40,7,4,0.12879323959350586,0.002429962158203125,Y,1446
12,12,40,7,4,0.12479329109191895,0.0033562183380126953,Y,1449
12,12,40,7,4,0.13460731506347656,0.003892183303833008,Y,1444
12,12,40,7,4,0.13422369956970215,0.00304412841796875,Y,1439
12,12,40,7,4,0.12936162948608398,0.0032138824462890625,Y,1424
12,12,40,7,4,0.1284942626953125,0.002943277359008789,Y,1442
12,12,40,7,4,0.13111281394958496,0.0032219886779785156,Y,1432
12,12,40,7,4,0.1325969696044922,0.0034399032592773438,Y,1449
12,12,40,7,4,0.13914728164672852,0.002978086471557617,Y,1450
12,12,40,7,4,0.13223719596862793,0.0034265518188476562,Y,1440
12,12,40,7,4,0.12876224517822266,0.0027086734771728516,Y,1429
12,12,50,8,4,0.21664786338806152,0.003860950469970703,Y,1833
12,12,50,8,4,0.2821967601776123,0.008378267288208008,Y,1848
12,12,50,8,4,0.3132762908935547,0.007454633712768555,Y,1846
12,12,50,8,4,0.276045560836792,0.007095813751220703,Y,1861
12,12,50,8,4,0.2784256935119629,0.00426030158996582,Y,1860
12,12,50,8,4,0.2774667739868164,0.0049626827239990234,Y,1834
12,12,50,8,4,0.27341651916503906,0.007021665573120117,Y,1858
12,12,50,8,4,0.2700161933898926,0.0060710906982421875,Y,1846
12,12,50,8,4,0.27026891708374023,0.0061109066009521484,Y,1837
12,12,50,8,4,0.2700507640838623,0.006287813186645508,Y,1835
12,12,50,8,4,0.2703521251678467,0.006263017654418945,Y,1836
12,12,50,8,4,0.2692229747772217,0.0060901641845703125,Y,1826
12,12,50,8,4,0.27028369903564453,0.004239082336425781,Y,1842
12,12,50,8,4,0.27307820320129395,0.005780220031738281,Y,1840
12,12,50,8,4,0.26940298080444336,0.005223989486694336,Y,1818
12,12,50,8,4,0.26917099952697754,0.004141092300415039,Y,1812
12,12,50,8,4,0.26935577392578125,0.006597995758056641,Y,1842
12,12,50,8,4,0.2698225975036621,0.004729032516479492,Y,1843
12,12,50,8,4,0.27166295051574707,0.004834175109863281,Y,1868
12,12,50,8,4,0.2731053829193115,0.006255388259887695,Y,1834
12,12,60,8,4,0.4429478645324707,0.008363008499145508,Y,2242
12,12,60,8,4,0.40413618087768555,0.009666204452514648,Y,2264
12,12,60,8,4,0.40109992027282715,0.008303165435791016,Y,2225
12,12,60,8,4,0.40427446365356445,0.009459972381591797,Y,2219
12,12,60,8,4,0.40506696701049805,0.010812044143676758,Y,2262
12,12,60,8,4,0.40764498710632324,0.008523225784301758,Y,2234
12,12,60,8,4,0.4134788513183594,0.007895946502685547,Y,2222
12,12,60,8,4,0.40099501609802246,0.0107421875,Y,2223
12,12,60,8,4,0.4030168056488037,0.010808229446411133,Y,2212
12,12,60,8,4,0.42780327796936035,0.013532876968383789,Y,2250
12,12,60,8,4,0.4203512668609619,0.015395164489746094,Y,2232
12,12,60,8,4,0.4047377109527588,0.011131763458251953,Y,2248
12,12,60,8,4,0.401735782623291,0.008620023727416992,Y,2219
12,12,60,8,4,0.40624237060546875,0.008267402648925781,Y,2253
12,12,60,8,4,0.4045729637145996,0.008797645568847656,Y,2267
12,12,60,8,4,0.40574216842651367,0.009261131286621094,Y,2255
12,12,60,8,4,0.4017801284790039,0.007947206497192383,Y,2215
12,12,60,8,4,0.4036080837249756,0.012955188751220703,Y,2236
12,12,60,8,4,0.40428996086120605,0.009103059768676758,Y,2231
12,12,60,8,4,0.4040393829345703,0.009636878967285156,Y,2228
12,12,70,9,5,0.738548994064331,0.025728940963745117,Y,2610
12,12,70,9,5,0.7380139827728271,0.031008243560791016,Y,2619
12,12,70,9,5,0.7745018005371094,0.019051551818847656,Y,2634
12,12,70,9,5,0.742379903793335,0.039481163024902344,Y,2635
12,12,70,9,5,0.73573899269104,0.02602410316467285,Y,2616
12,12,70,9,5,0.7473487854003906,0.038308143615722656,Y,2636
12,12,70,9,5,0.6380484104156494,0.02208542823791504,Y,2641
12,12,70,9,5,0.5854082107543945,0.02595376968383789,Y,2640
12,12,70,9,5,0.6280992031097412,0.02014017105102539,Y,2617
12,12,70,9,5,0.8106894493103027,0.030000686645507812,Y,2611
12,12,70,9,5,0.6583342552185059,0.023885011672973633,Y,2659
12,12,70,9,5,0.6241228580474854,0.015436649322509766,Y,2656
12,12,70,9,5,0.6318600177764893,0.017010211944580078,Y,2662
12,12,70,9,5,0.6115889549255371,0.0195925235748291,Y,2663
12,12,70,9,5,0.6262607574462891,0.024809837341308594,Y,2620
12,12,70,9,5,0.6114256381988525,0.02061605453491211,Y,2624
12,12,70,9,5,0.6611719131469727,0.021636009216308594,Y,2644
12,12,70,9,5,0.6401078701019287,0.02657175064086914,Y,2629
12,12,70,9,5,0.6677138805389404,0.026882648468017578,Y,2633
12,12,70,9,5,0.6508769989013672,0.017869949340820312,Y,2662
12,12,80,9,5,0.8568227291107178,0.026640892028808594,Y,3008
12,12,80,9,5,0.8590593338012695,0.026242971420288086,Y,3012
12,12,80,9,5,1.038130283355713,0.030997753143310547,Y,3005
12,12,80,9,5,1.0612120628356934,0.033493995666503906,Y,2990
12,12,80,9,5,0.9758877754211426,0.032740116119384766,Y,3047
12,12,80,9,5,0.8732640743255615,0.017022132873535156,Y,2997
12,12,80,9,5,0.8669593334197998,0.05080699920654297,Y,2980
12,12,80,9,5,0.8932561874389648,0.03380179405212402,Y,3032
12,12,80,9,5,0.8532969951629639,0.023769855499267578,Y,3017
12,12,80,9,5,0.8481581211090088,0.024702072143554688,Y,3014
12,12,80,9,5,0.8867273330688477,0.035249948501586914,Y,3039
12,12,80,9,5,0.8632206916809082,0.02021622657775879,Y,2990
12,12,80,9,5,0.8897929191589355,0.03390049934387207,Y,2982
12,12,80,9,5,0.8581051826477051,0.029392004013061523,Y,2991
12,12,80,9,5,0.8553462028503418,0.027924776077270508,Y,3010
12,12,80,9,5,0.8704409599304199,0.027176856994628906,Y,3017
12,12,80,9,5,0.8569760322570801,0.03086256980895996,Y,3004
12,12,80,9,5,0.8616790771484375,0.03991961479187012,Y,2993
12,12,80,9,5,0.8609230518341064,0.03155183792114258,Y,3041
12,12,80,9,5,0.9128069877624512,0.028809070587158203,Y,3031
12,12,90,10,5,1.1195387840270996,0.027026653289794922,Y,3414
12,12,90,10,5,1.1083462238311768,0.0379788875579834,Y,3424
12,12,90,10,5,1.2540602684020996,0.03515934944152832,Y,3421
12,12,90,10,5,1.1930897235870361,0.03231620788574219,Y,3442
12,12,90,10,5,1.1236119270324707,0.05246233940124512,Y,3428
12,12,90,10,5,1.1193349361419678,0.029288053512573242,Y,3425
12,12,90,10,5,1.12717604637146,0.03495025634765625,Y,3427
12,12,90,10,5,1.1617670059204102,0.035745859146118164,Y,3432
12,12,90,10,5,1.1283345222473145,0.0249481201171875,Y,3480
12,12,90,10,5,1.127729892730713,0.0443730354309082,Y,3448
12,12,90,10,5,1.1229937076568604,0.03200840950012207,Y,3440
12,12,90,10,5,1.14296293258667,0.030737876892089844,Y,3451
12,12,90,10,5,1.1741678714752197,0.03422045707702637,Y,3423
12,12,90,10,5,1.1354267597198486,0.036947011947631836,Y,3390
12,12,90,10,5,1.1347901821136475,0.03509354591369629,Y,3439
12,12,90,10,5,1.1413812637329102,0.03004598617553711,Y,3424
12,12,90,10,5,1.147416353225708,0.05405426025390625,Y,3422
12,12,90,10,5,1.1417310237884521,0.04255509376525879,Y,3419
12,12,90,10,5,1.1488375663757324,0.03852415084838867,Y,3472
12,12,90,10,5,1.1574599742889404,0.027116775512695312,Y,3432
12,12,100,10,5,1.4481439590454102,0.041246652603149414,Y,3785
12,12,100,10,5,1.448998212814331,0.03224301338195801,Y,3813
12,12,100,10,5,1.452495813369751,0.039862632751464844,Y,3807
12,12,100,10,5,1.5053610801696777,0.03202104568481445,Y,3771
12,12,100,10,5,1.4422662258148193,0.034903764724731445,Y,3816
12,12,100,10,5,1.4596307277679443,0.03686404228210449,Y,3818
12,12,100,10,5,1.4570629596710205,0.03393888473510742,Y,3825
12,12,100,10,5,1.4382050037384033,0.03498530387878418,Y,3805
12,12,100,10,5,1.4477777481079102,0.03283858299255371,Y,3828
12,12,100,10,5,1.4707019329071045,0.034339189529418945,Y,3783
12,12,100,10,5,1.4811439514160156,0.03604722023010254,Y,3812
12,12,100,10,5,1.4618377685546875,0.03959202766418457,Y,3823
12,12,100,10,5,1.455366849899292,0.03258013725280762,Y,3852
12,12,100,10,5,1.4429922103881836,0.034908294677734375,Y,3786
12,12,100,10,5,1.4606668949127197,0.03367280960083008,Y,3834
12,12,100,10,5,1.449195384979248,0.03493165969848633,Y,3799
12,12,100,10,5,1.457226276397705,0.037535905838012695,Y,3843
12,12,100,10,5,1.4635992050170898,0.030158042907714844,Y,3838
12,12,100,10,5,1.446972131729126,0.033013105392456055,Y,3842
12,12,100,10,5,1.451012134552002,0.03304266929626465,Y,3809
12,12,200,15,8,7.398377895355225,0.6278951168060303,Y,7743
12,12,200,15,8,6.655039072036743,0.5379297733306885,Y,7767
12,12,200,15,8,6.578953742980957,0.45517420768737793,Y,7662
12,12,200,15,8,6.590557336807251,0.33356285095214844,Y,7686
12,12,200,15,8,6.5406293869018555,0.44208216667175293,Y,7711
12,12,200,15,8,6.536594390869141,0.46213269233703613,Y,7766
12,12,200,15,8,6.538564920425415,0.38831663131713867,Y,7762
12,12,200,15,8,6.560939073562622,0.4874444007873535,Y,7745
12,12,200,15,8,6.494710206985474,0.40950489044189453,Y,7677
12,12,200,15,8,6.698318004608154,0.382051944732666,Y,7778
12,12,200,15,8,6.567978143692017,0.21451306343078613,Y,7742
12,12,200,15,8,6.535939455032349,0.5817971229553223,Y,7800
12,12,200,15,8,6.626040697097778,0.3900411128997803,Y,7721
12,12,200,15,8,6.578400135040283,0.43546295166015625,Y,7713
12,12,200,15,8,6.4452903270721436,0.4400150775909424,Y,7734
12,12,200,15,8,6.53719687461853,0.42717909812927246,Y,7701
12,12,200,15,8,6.543057918548584,0.33999013900756836,Y,7772
12,12,200,15,8,6.576911211013794,0.375535249710083,Y,7729
12,12,200,15,8,6.54404616355896,0.3606691360473633,Y,7683
12,12,200,15,8,6.5523459911346436,0.40984082221984863,Y,7744
12,12,300,18,9,15.445286273956299,0.8752415180206299,Y,11193
12,12,300,18,9,15.39210319519043,0.7824223041534424,Y,11148
12,12,300,18,9,15.302059888839722,0.9010870456695557,Y,11259
12,12,300,18,9,15.437787294387817,0.7043497562408447,Y,11200
12,12,300,18,9,15.611207723617554,0.7834417819976807,Y,11173
12,12,300,18,9,15.657882928848267,0.7333381175994873,Y,11211
12,12,300,18,9,15.444947242736816,0.7410142421722412,Y,11219
12,12,300,18,9,15.529642343521118,0.7537341117858887,Y,11181
12,12,300,18,9,15.560514688491821,0.8014140129089355,Y,11249
12,12,300,18,9,15.45937991142273,0.7481024265289307,Y,11176
12,12,300,18,9,15.271303415298462,0.7616567611694336,Y,11213
12,12,300,18,9,15.237377166748047,0.7116971015930176,Y,11240
12,12,300,18,9,15.251659870147705,0.7027122974395752,Y,11223
12,12,300,18,9,15.127847909927368,0.7114779949188232,Y,11210
12,12,300,18,9,15.15412712097168,0.7415022850036621,Y,11150
12,12,300,18,9,15.182115077972412,0.7617735862731934,Y,11211
12,12,300,18,9,14.98586368560791,0.7442560195922852,Y,11190
12,12,300,18,9,15.062643051147461,0.8596146106719971,Y,11209
12,12,300,18,9,15.006030559539795,0.7675590515136719,Y,11194
12,12,300,18,9,14.940608501434326,0.7065315246582031,Y,11224
12,12,400,20,10,27.105108737945557,1.303879976272583,Y,14044
12,12,400,20,10,26.99858784675598,1.6024339199066162,Y,14018
12,12,400,20,10,26.857941389083862,1.295367956161499,Y,14029
12,12,400,20,10,26.94661808013916,1.3250529766082764,Y,14029
12,12,400,20,10,26.932663917541504,1.280914306640625,Y,14012
12,12,400,20,10,26.89739489555359,1.3205516338348389,Y,14104
12,12,400,20,10,26.857895612716675,1.5491178035736084,Y,13985
12,12,400,20,10,26.773865938186646,1.2754278182983398,Y,14000
12,12,400,20,10,26.711113929748535,1.081709861755371,Y,14097
12,12,400,20,10,27.007357835769653,1.361633062362671,Y,13992
12,12,400,20,10,26.87873363494873,1.3216185569763184,Y,14076
12,12,400,20,10,26.920204877853394,1.189100980758667,Y,14061
12,12,400,20,10,26.95944905281067,1.4143354892730713,Y,14046
12,12,400,20,10,26.809488534927368,1.431107521057129,Y,13960
12,12,400,20,10,26.9202401638031,1.2671387195587158,Y,14054
12,12,400,20,10,27.86230993270874,1.493232250213623,Y,14088
12,12,400,20,10,27.10471224784851,1.2206220626831055,Y,13989
12,12,400,20,10,26.996663331985474,1.2000064849853516,Y,14060
12,12,400,20,10,26.921586990356445,1.4041821956634521,Y,14029
12,12,400,20,10,26.688907623291016,1.3229022026062012,Y,13907
12,12,500,23,12,43.04615354537964,2.2198731899261475,Y,17275
12,12,500,23,12,43.23938322067261,2.516011953353882,Y,17330
12,12,500,23,12,43.05423069000244,2.278904914855957,Y,17216
12,12,500,23,12,43.41946506500244,2.7481436729431152,Y,17370
12,12,500,23,12,43.03366684913635,2.404751777648926,Y,17321
12,12,500,23,12,43.07413363456726,2.386770009994507,Y,17348
12,12,500,23,12,43.108163595199585,2.5506949424743652,Y,17225
12,12,500,23,12,43.108845949172974,2.6508069038391113,Y,17326
12,12,500,23,12,43.002912282943726,2.3919761180877686,Y,17318
12,12,500,23,12,42.99660325050354,2.4585070610046387,Y,17344
12,12,500,23,12,43.23884725570679,2.1416213512420654,Y,17304
12,12,500,23,12,43.2255220413208,2.11488676071167,Y,17373
12,12,500,23,12,42.99083089828491,2.4823527336120605,Y,17275
12,12,500,23,12,43.2438690662384,2.7255003452301025,Y,17309
12,12,500,23,12,42.99887466430664,2.476217031478882,Y,17301
12,12,500,23,12,43.126811027526855,2.2167868614196777,Y,17292
12,12,500,23,12,43.28437161445618,2.563920736312866,Y,17290
12,12,500,23,12,43.314045667648315,2.6546032428741455,Y,17374
12,12,500,23,12,43.1353063583374,2.560396909713745,Y,17305
12,12,500,23,12,43.202505350112915,2.0897388458251953,Y,17335
12,8,10,4,2,0.004972696304321289,0.00010919570922851562,Y,173
12,8,10,4,2,0.004699230194091797,0.00010013580322265625,Y,179
12,8,10,4,2,0.004673480987548828,9.870529174804688e-05,Y,168
12,8,10,4,2,0.004330873489379883,8.988380432128906e-05,Y,177
12,8,10,4,2,0.004428863525390625,9.298324584960938e-05,Y,176
12,8,10,4,2,0.004983186721801758,0.00010967254638671875,Y,170
12,8,10,4,2,0.005310535430908203,0.0001327991485595703,Y,172
12,8,10,4,2,0.00625157356262207,0.0001575946807861328,Y,171
12,8,10,4,2,0.004642963409423828,0.00010991096496582031,Y,167
12,8,10,4,2,0.004684925079345703,0.00010609626770019531,Y,180
12,8,10,4,2,0.005056619644165039,0.0001201629638671875,Y,167
12,8,10,4,2,0.004648923873901367,0.00010395050048828125,Y,171
12,8,10,4,2,0.004544734954833984,0.00010395050048828125,Y,170
12,8,10,4,2,0.00455927848815918,0.00010204315185546875,Y,181
12,8,10,4,2,0.005110025405883789,0.0001246929168701172,Y,175
12,8,10,4,2,0.00619053840637207,0.000148773193359375,Y,175
12,8,10,4,2,0.005186796188354492,0.00012063980102539062,Y,174
12,8,10,4,2,0.004559040069580078,0.00010395050048828125,Y,168
12,8,10,4,2,0.004879951477050781,0.00010514259338378906,Y,181
12,8,10,4,2,0.005047321319580078,0.00010991096496582031,Y,180
12,8,20,5,3,0.02158355712890625,0.0007359981536865234,Y,414
12,8,20,5,3,0.0219724178314209,0.0009081363677978516,Y,419
12,8,20,5,3,0.01996755599975586,0.0006601810455322266,Y,422
12,8,20,5,3,0.020129919052124023,0.0006849765777587891,Y,409
12,8,20,5,3,0.020075082778930664,0.0007517337799072266,Y,412
12,8,20,5,3,0.020019054412841797,0.0007853507995605469,Y,410
12,8,20,5,3,0.020708084106445312,0.000705718994140625,Y,409
12,8,20,5,3,0.02156805992126465,0.0007963180541992188,Y,413
12,8,20,5,3,0.020106077194213867,0.0006067752838134766,Y,418
12,8,20,5,3,0.02206134796142578,0.000782012939453125,Y,409
12,8,20,5,3,0.023169517517089844,0.0007579326629638672,Y,410
12,8,20,5,3,0.01993083953857422,0.0006287097930908203,Y,422
12,8,20,5,3,0.02016615867614746,0.0006825923919677734,Y,403
12,8,20,5,3,0.02013087272644043,0.0006601810455322266,Y,414
12,8,20,5,3,0.020844221115112305,0.0007336139678955078,Y,406
12,8,20,5,3,0.022710084915161133,0.0007379055023193359,Y,407
12,8,20,5,3,0.020985126495361328,0.0008120536804199219,Y,400
12,8,20,5,3,0.021404266357421875,0.0008485317230224609,Y,415
12,8,20,5,3,0.0219423770904541,0.0007977485656738281,Y,405
12,8,20,5,3,0.019891977310180664,0.0007560253143310547,Y,416
12,8,30,6,3,0.05586123466491699,0.0011260509490966797,Y,699
12,8,30,6,3,0.057589054107666016,0.0011985301971435547,Y,686
12,8,30,6,3,0.0495295524597168,0.0009372234344482422,Y,690
12,8,30,6,3,0.051345109939575195,0.0012238025665283203,Y,699
12,8,30,6,3,0.05344748497009277,0.0015118122100830078,Y,686
12,8,30,6,3,0.05714774131774902,0.0011897087097167969,Y,689
12,8,30,6,3,0.05285978317260742,0.0010077953338623047,Y,698
12,8,30,6,3,0.05302119255065918,0.0010478496551513672,Y,704
12,8,30,6,3,0.0515596866607666,0.0010061264038085938,Y,673
12,8,30,6,3,0.04977703094482422,0.0015571117401123047,Y,687
12,8,30,6,3,0.05108284950256348,0.0010423660278320312,Y,695
12,8,30,6,3,0.05085039138793945,0.0011146068572998047,Y,691
12,8,30,6,3,0.05080270767211914,0.0009667873382568359,Y,688
12,8,30,6,3,0.05697989463806152,0.0015940666198730469,Y,693
12,8,30,6,3,0.04935479164123535,0.0011615753173828125,Y,676
12,8,30,6,3,0.05450153350830078,0.001386404037475586,Y,674
12,8,30,6,3,0.05312657356262207,0.0012886524200439453,Y,677
12,8,30,6,3,0.053041696548461914,0.0011131763458251953,Y,690
12,8,30,6,3,0.051285743713378906,0.0011627674102783203,Y,694
12,8,30,6,3,0.05088973045349121,0.0012006759643554688,Y,680
12,8,40,7,4,0.10843825340270996,0.005412101745605469,Y,927
12,8,40,7,4,0.11954140663146973,0.004145145416259766,Y,961
12,8,40,7,4,0.10529088973999023,0.003362894058227539,Y,995
12,8,40,7,4,0.09913349151611328,0.003512144088745117,Y,943
12,8,40,7,4,0.09939908981323242,0.0038957595825195312,Y,943
12,8,40,7,4,0.09806990623474121,0.0029120445251464844,Y,944
12,8,40,7,4,0.09788227081298828,0.0035953521728515625,Y,956
12,8,40,7,4,0.09440207481384277,0.004005908966064453,Y,951
12,8,40,7,4,0.09558415412902832,0.0032999515533447266,Y,950
12,8,40,7,4,0.09799695014953613,0.0033533573150634766,Y,973
12,8,40,7,4,0.09188199043273926,0.0033292770385742188,Y,953
12,8,40,7,4,0.09415721893310547,0.003137826919555664,Y,972
12,8,40,7,4,0.09994816780090332,0.003297090530395508,Y,956
12,8,40,7,4,0.09431076049804688,0.003474712371826172,Y,971
12,8,40,7,4,0.09914898872375488,0.002663850784301758,Y,943
12,8,40,7,4,0.10357046127319336,0.0038378238677978516,Y,961
12,8,40,7,4,0.09207773208618164,0.002586841583251953,Y,955
12,8,40,7,4,0.10133028030395508,0.003661632537841797,Y,971
12,8,40,7,4,0.10118865966796875,0.0032892227172851562,Y,941
12,8,40,7,4,0.10419416427612305,0.003709077835083008,Y,941
12,8,50,8,4,0.16106128692626953,0.005654335021972656,Y,1232
12,8,50,8,4,0.15530657768249512,0.004914760589599609,Y,1261
12,8,50,8,4,0.16288185119628906,0.004334926605224609,Y,1257
12,8,50,8,4,0.1563277244567871,0.0047686100006103516,Y,1245
12,8,50,8,4,0.1626579761505127,0.004365205764770508,Y,1246
12,8,50,8,4,0.15209579467773438,0.0035462379455566406,Y,1267
12,8,50,8,4,0.15872478485107422,0.0039331912994384766,Y,1246
12,8,50,8,4,0.1549663543701172,0.004281520843505859,Y,1273
12,8,50,8,4,0.16712117195129395,0.005126237869262695,Y,1263
12,8,50,8,4,0.16172289848327637,0.00541377067565918,Y,1256
12,8,50,8,4,0.1693718433380127,0.005220890045166016,Y,1242
12,8,50,8,4,0.162689208984375,0.005278348922729492,Y,1240
12,8,50,8,4,0.15462064743041992,0.005339145660400391,Y,1276
12,8,50,8,4,0.1583404541015625,0.0033702850341796875,Y,1261
12,8,50,8,4,0.1628129482269287,0.003962993621826172,Y,1241
12,8,50,8,4,0.16015005111694336,0.004009723663330078,Y,1263
12,8,50,8,4,0.15761065483093262,0.003985881805419922,Y,1248
12,8,50,8,4,0.16215062141418457,0.003900289535522461,Y,1239
12,8,50,8,4,0.15967941284179688,0.005848884582519531,Y,1266
12,8,50,8,4,0.15183496475219727,0.004358053207397461,Y,1248
12,8,60,8,4,0.22945857048034668,0.007585287094116211,Y,1460
12,8,60,8,4,0.23101592063903809,0.006556987762451172,Y,1493
12,8,60,8,4,0.22895503044128418,0.007652997970581055,Y,1459
12,8,60,8,4,0.2311861515045166,0.008979082107543945,Y,1494
12,8,60,8,4,0.22564411163330078,0.0076520442962646484,Y,1484
12,8,60,8,4,0.2245490550994873,0.00967097282409668,Y,1464
12,8,60,8,4,0.23073077201843262,0.006450176239013672,Y,1480
12,8,60,8,4,0.22562003135681152,0.007737159729003906,Y,1490
12,8,60,8,4,0.23310494422912598,0.00759577751159668,Y,1492
12,8,60,8,4,0.24161601066589355,0.009122848510742188,Y,1455
12,8,60,8,4,0.22789692878723145,0.0061075687408447266,Y,1488
12,8,60,8,4,0.22698259353637695,0.00678706169128418,Y,1472
12,8,60,8,4,0.2319660186767578,0.0073931217193603516,Y,1474
12,8,60,8,4,0.23262476921081543,0.00829315185546875,Y,1473
12,8,60,8,4,0.24286127090454102,0.010101318359375,Y,1482
12,8,60,8,4,0.23452091217041016,0.009200096130371094,Y,1481
12,8,60,8,4,0.2333087921142578,0.008900165557861328,Y,1471
12,8,60,8,4,0.2283926010131836,0.006820201873779297,Y,1483
12,8,60,8,4,0.23502540588378906,0.007792472839355469,Y,1501
12,8,60,8,4,0.2546381950378418,0.009012937545776367,Y,1463
12,8,70,9,5,0.4383549690246582,0.024199485778808594,Y,1772
12,8,70,9,5,0.4484701156616211,0.01561427116394043,Y,1771
12,8,70,9,5,0.42847514152526855,0.018949031829833984,Y,1774
12,8,70,9,5,0.41709208488464355,0.01746058464050293,Y,1757
12,8,70,9,5,0.42591404914855957,0.03176259994506836,Y,1733
12,8,70,9,5,0.4315617084503174,0.021384477615356445,Y,1766
12,8,70,9,5,0.4190549850463867,0.015319347381591797,Y,1764
12,8,70,9,5,0.42820215225219727,0.019125699996948242,Y,1781
12,8,70,9,5,0.42580413818359375,0.025011777877807617,Y,1763
12,8,70,9,5,0.4296729564666748,0.019977092742919922,Y,1744
12,8,70,9,5,0.427257776260376,0.020461320877075195,Y,1736
12,8,70,9,5,0.42673301696777344,0.023565053939819336,Y,1771
12,8,70,9,5,0.4288170337677002,0.018780946731567383,Y,1780
12,8,70,9,5,0.4219970703125,0.02190566062927246,Y,1755
12,8,70,9,5,0.417525053024292,0.02382969856262207,Y,1700
12,8,70,9,5,0.43070149421691895,0.0257260799407959,Y,1736
12,8,70,9,5,0.42480969429016113,0.01577138900756836,Y,1760
12,8,70,9,5,0.43354010581970215,0.020563364028930664,Y,1800
12,8,70,9,5,0.4373779296875,0.02307295799255371,Y,1737
12,8,70,9,5,0.41969919204711914,0.022858142852783203,Y,1732
12,8,80,9,5,0.5857021808624268,0.022673845291137695,Y,2043
12,8,80,9,5,0.6092519760131836,0.03335762023925781,Y,2015
12,8,80,9,5,0.5688889026641846,0.018959999084472656,Y,2048
12,8,80,9,5,0.5754330158233643,0.02941155433654785,Y,2047
12,8,80,9,5,0.575084924697876,0.022639036178588867,Y,2039
12,8,80,9,5,0.5755496025085449,0.03838086128234863,Y,2036
12,8,80,9,5,0.5756969451904297,0.04372453689575195,Y,2053
12,8,80,9,5,0.5796070098876953,0.025912761688232422,Y,2040
12,8,80,9,5,0.5756580829620361,0.025507211685180664,Y,2045
12,8,80,9,5,0.5978810787200928,0.03067779541015625,Y,2044
12,8,80,9,5,0.576723575592041,0.02034449577331543,Y,1999
12,8,80,9,5,0.5776586532592773,0.02162027359008789,Y,2034
12,8,80,9,5,0.5903232097625732,0.022465229034423828,Y,2061
12,8,80,9,5,0.5770981311798096,0.022268295288085938,Y,2049
12,8,80,9,5,0.5939931869506836,0.03133273124694824,Y,2070
12,8,80,9,5,0.5837693214416504,0.035752296447753906,Y,2051
12,8,80,9,5,0.5740220546722412,0.026732206344604492,Y,2047
12,8,80,9,5,0.613961935043335,0.032208919525146484,Y,2047
12,8,80,9,5,0.575465202331543,0.023118257522583008,Y,2034
12,8,80,9,5,0.5633871555328369,0.017406940460205078,Y,2070
12,8,90,10,5,0.7312917709350586,0.04063296318054199,Y,2286
12,8,90,10,5,0.7155599594116211,0.03727102279663086,Y,2271
12,8,90,10,5,0.7303013801574707,0.037019968032836914,Y,2277
12,8,90,10,5,0.7228829860687256,0.03422689437866211,Y,2275
12,8,90,10,5,0.7393591403961182,0.031481027603149414,Y,2311
12,8,90,10,5,0.7323198318481445,0.032480478286743164,Y,2295
12,8,90,10,5,0.7272119522094727,0.031685829162597656,Y,2304
12,8,90,10,5,0.7119646072387695,0.0315098762512207,Y,2275
12,8,90,10,5,0.7328200340270996,0.034021854400634766,Y,2287
12,8,90,10,5,0.7260615825653076,0.024248838424682617,Y,2292
12,8,90,10,5,0.7317070960998535,0.04586362838745117,Y,2285
12,8,90,10,5,0.76534104347229,0.025422096252441406,Y,2309
12,8,90,10,5,0.7437782287597656,0.03418922424316406,Y,2297
12,8,90,10,5,0.735468864440918,0.0301971435546875,Y,2289
12,8,90,10,5,0.7235531806945801,0.02816319465637207,Y,2271
12,8,90,10,5,0.730644941329956,0.03699970245361328,Y,2271
12,8,90,10,5,0.7382144927978516,0.0408930778503418,Y,2267
12,8,90,10,5,0.7290122509002686,0.04107522964477539,Y,2283
12,8,90,10,5,0.7350518703460693,0.05010271072387695,Y,2260
12,8,90,10,5,0.7229561805725098,0.03280019760131836,Y,2300
12,8,100,10,5,0.915740966796875,0.03276324272155762,Y,2526
12,8,100,10,5,0.9147286415100098,0.03891468048095703,Y,2511
12,8,100,10,5,0.9047951698303223,0.03639721870422363,Y,2489
12,8,100,10,5,0.9240820407867432,0.0467228889465332,Y,2519
12,8,100,10,5,0.9236738681793213,0.03365015983581543,Y,2499
12,8,100,10,5,0.9032704830169678,0.03379201889038086,Y,2507
12,8,100,10,5,0.8947453498840332,0.026310443878173828,Y,2506
12,8,100,10,5,0.891132116317749,0.03717041015625,Y,2514
12,8,100,10,5,0.9317460060119629,0.0409855842590332,Y,2489
12,8,100,10,5,0.9004838466644287,0.03267693519592285,Y,2481
12,8,100,10,5,0.9180831909179688,0.033734798431396484,Y,2507
12,8,100,10,5,0.9177737236022949,0.037070512771606445,Y,2521
12,8,100,10,5,0.8958091735839844,0.02968883514404297,Y,2523
12,8,100,10,5,0.9094219207763672,0.03007793426513672,Y,2485
12,8,100,10,5,0.9512979984283447,0.03705620765686035,Y,2492
12,8,100,10,5,0.9136309623718262,0.03314828872680664,Y,2483
12,8,100,10,5,0.9021279811859131,0.033199310302734375,Y,2529
12,8,100,10,5,0.9085557460784912,0.03162407875061035,Y,2518
12,8,100,10,5,0.9147403240203857,0.03769040107727051,Y,2524
12,8,100,10,5,0.906991720199585,0.0359804630279541,Y,2496
12,8,200,15,8,4.153277397155762,0.48807454109191895,Y,5176
12,8,200,15,8,4.130993127822876,0.4059181213378906,Y,5196
12,8,200,15,8,4.099945783615112,0.43175506591796875,Y,5138
12,8,200,15,8,4.152754783630371,0.41332268714904785,Y,5254
12,8,200,15,8,4.079519271850586,0.39009833335876465,Y,5231
12,8,200,15,8,4.140693187713623,0.4084336757659912,Y,5196
12,8,200,15,8,4.0881617069244385,0.42324113845825195,Y,5159
12,8,200,15,8,4.1629393100738525,0.3744966983795166,Y,5212
12,8,200,15,8,4.066840410232544,0.4049956798553467,Y,5200
12,8,200,15,8,4.13550066947937,0.3762333393096924,Y,5256
12,8,200,15,8,4.113496541976929,0.4654541015625,Y,5220
12,8,200,15,8,4.0861217975616455,0.48833703994750977,Y,5180
12,8,200,15,8,4.135818243026733,0.3639707565307617,Y,5197
12,8,200,15,8,4.083694696426392,0.35442137718200684,Y,5225
12,8,200,15,8,4.116663694381714,0.31640625,Y,5223
12,8,200,15,8,4.068417072296143,0.41094017028808594,Y,5171
12,8,200,15,8,4.135104656219482,0.2299809455871582,Y,5233
12,8,200,15,8,4.092560529708862,0.4203317165374756,Y,5197
12,8,200,15,8,4.147494316101074,0.31925511360168457,Y,5204
12,8,200,15,8,4.090611457824707,0.31543803215026855,Y,5206
12,8,300,18,9,9.73060941696167,0.9168961048126221,Y,7506
12,8,300,18,9,9.566137313842773,0.7557504177093506,Y,7491
12,8,300,18,9,9.562358856201172,0.698693037033081,Y,7473
12,8,300,18,9,9.656044244766235,0.699479341506958,Y,7454
12,8,300,18,9,9.61057186126709,0.7410342693328857,Y,7477
12,8,300,18,9,9.557578802108765,0.689385175704956,Y,7479
12,8,300,18,9,9.562264919281006,0.7590277194976807,Y,7433
12,8,300,18,9,9.612590074539185,0.6877179145812988,Y,7501
12,8,300,18,9,9.543861389160156,0.6816411018371582,Y,7475
12,8,300,18,9,9.683398962020874,0.7101051807403564,Y,7475
12,8,300,18,9,9.575143098831177,0.8409390449523926,Y,7500
12,8,300,18,9,9.51976990699768,0.7561309337615967,Y,7451
12,8,300,18,9,9.544388771057129,0.7124638557434082,Y,7490
12,8,300,18,9,9.568474054336548,0.7486767768859863,Y,7492
12,8,300,18,9,9.589446306228638,0.7323660850524902,Y,7460
12,8,300,18,9,9.596315145492554,0.6626112461090088,Y,7470
12,8,300,18,9,9.539528131484985,0.7583203315734863,Y,7416
12,8,300,18,9,9.61940884590149,0.7615532875061035,Y,7383
12,8,300,18,9,9.561140775680542,0.6364738941192627,Y,7481
12,8,300,18,9,9.632430076599121,0.735769510269165,Y,7437
12,8,400,20,10,17.372579336166382,1.2395217418670654,Y,9339
12,8,400,20,10,17.2916362285614,1.235243320465088,Y,9332
12,8,400,20,10,17.272243976593018,1.267054796218872,Y,9345
12,8,400,20,10,17.311896085739136,1.1655619144439697,Y,9388
12,8,400,20,10,17.267679929733276,1.0919337272644043,Y,9362
12,8,400,20,10,17.210288286209106,1.3018052577972412,Y,9347
12,8,400,20,10,17.31581473350525,1.2948689460754395,Y,9379
12,8,400,20,10,17.259554862976074,1.3083815574645996,Y,9355
12,8,400,20,10,17.295947790145874,1.3310778141021729,Y,9430
12,8,400,20,10,17.342977046966553,1.1979742050170898,Y,9399
12,8,400,20,10,17.343076705932617,1.2644898891448975,Y,9352
12,8,400,20,10,17.184629201889038,1.1023330688476562,Y,9314
12,8,400,20,10,17.384979009628296,1.2997968196868896,Y,9376
12,8,400,20,10,17.33802890777588,1.2967562675476074,Y,9422
12,8,400,20,10,17.349497318267822,1.2471363544464111,Y,9366
12,8,400,20,10,17.223167181015015,1.0621140003204346,Y,9303
12,8,400,20,10,17.384264707565308,1.316575527191162,Y,9461
12,8,400,20,10,17.23703384399414,1.1928751468658447,Y,9336
12,8,400,20,10,17.307291746139526,1.3622682094573975,Y,9351
12,8,400,20,10,17.28389263153076,1.2598857879638672,Y,9347
12,8,500,23,12,27.56101632118225,2.2681188583374023,Y,11525
12,8,500,23,12,27.812583684921265,2.2430872917175293,Y,11611
12,8,500,23,12,27.85499668121338,2.463472843170166,Y,11616
12,8,500,23,12,27.88920259475708,2.365971088409424,Y,11515
12,8,500,23,12,27.74704337120056,2.26305890083313,Y,11610
12,8,500,23,12,27.79477596282959,2.2426042556762695,Y,11561
12,8,500,23,12,27.754541873931885,2.610167980194092,Y,11550
12,8,500,23,12,27.79140877723694,2.2964890003204346,Y,11533
12,8,500,23,12,27.744894981384277,2.3857710361480713,Y,11586
12,8,500,23,12,27.883335828781128,2.292649507522583,Y,11595
12,8,500,23,12,27.741887092590332,2.52530574798584,Y,11582
12,8,500,23,12,27.715293884277344,2.3961241245269775,Y,11582
12,8,500,23,12,27.72143292427063,2.491194725036621,Y,11572
12,8,500,23,12,27.684074878692627,2.574014663696289,Y,11537
12,8,500,23,12,27.68911910057068,2.379135847091675,Y,11530
12,8,500,23,12,27.574796676635742,2.5334110260009766,Y,11554
12,8,500,23,12,27.631248474121094,2.4117794036865234,Y,11532
12,8,500,23,12,27.784125566482544,2.346440315246582,Y,11550
12,8,500,23,12,27.753638982772827,2.425461530685425,Y,11555
12,8,500,23,12,27.730247020721436,2.365363836288452,Y,11511
12,4,10,4,2,0.0027463436126708984,0.00010037422180175781,Y,89
12,4,10,4,2,0.0025970935821533203,9.369850158691406e-05,Y,90
12,4,10,4,2,0.0026123523712158203,9.131431579589844e-05,Y,92
12,4,10,4,2,0.002742290496826172,9.322166442871094e-05,Y,94
12,4,10,4,2,0.002851724624633789,9.799003601074219e-05,Y,91
12,4,10,4,2,0.002990245819091797,0.00010323524475097656,Y,90
12,4,10,4,2,0.002954244613647461,0.00010204315185546875,Y,90
12,4,10,4,2,0.0030531883239746094,0.00010728836059570312,Y,91
12,4,10,4,2,0.0031108856201171875,0.00010561943054199219,Y,90
12,4,10,4,2,0.0031585693359375,0.00011420249938964844,Y,92
12,4,10,4,2,0.006337165832519531,0.00018477439880371094,Y,93
12,4,10,4,2,0.004564523696899414,0.0001552104949951172,Y,96
12,4,10,4,2,0.002941131591796875,0.00010728836059570312,Y,95
12,4,10,4,2,0.0031027793884277344,0.00010728836059570312,Y,93
12,4,10,4,2,0.0031850337982177734,0.00011491775512695312,Y,88
12,4,10,4,2,0.0029959678649902344,0.00010895729064941406,Y,92
12,4,10,4,2,0.003028392791748047,0.0001552104949951172,Y,94
12,4,10,4,2,0.004427909851074219,0.0001728534698486328,Y,92
12,4,10,4,2,0.003076314926147461,0.00011301040649414062,Y,90
12,4,10,4,2,0.0037086009979248047,0.00013136863708496094,Y,94
12,4,20,5,3,0.011946678161621094,0.0007340908050537109,Y,201
12,4,20,5,3,0.013503074645996094,0.0007491111755371094,Y,209
12,4,20,5,3,0.010866880416870117,0.0006327629089355469,Y,202
12,4,20,5,3,0.012393951416015625,0.0007119178771972656,Y,206
12,4,20,5,3,0.012315750122070312,0.0007987022399902344,Y,206
12,4,20,5,3,0.01417088508605957,0.0009191036224365234,Y,202
12,4,20,5,3,0.011429071426391602,0.0006403923034667969,Y,207
12,4,20,5,3,0.01270604133605957,0.0007801055908203125,Y,208
12,4,20,5,3,0.010629892349243164,0.0006706714630126953,Y,197
12,4,20,5,3,0.012038707733154297,0.0007307529449462891,Y,209
12,4,20,5,3,0.01273202896118164,0.0007381439208984375,Y,210
12,4,20,5,3,0.012387514114379883,0.0006964206695556641,Y,204
12,4,20,5,3,0.011978864669799805,0.0007290840148925781,Y,200
12,4,20,5,3,0.01157689094543457,0.0007562637329101562,Y,207
12,4,20,5,3,0.011382102966308594,0.0008020401000976562,Y,202
12,4,20,5,3,0.011683940887451172,0.0006802082061767578,Y,213
12,4,20,5,3,0.011910438537597656,0.0006785392761230469,Y,210
12,4,20,5,3,0.01185917854309082,0.0007631778717041016,Y,204
12,4,20,5,3,0.012271642684936523,0.0008041858673095703,Y,203
12,4,20,5,3,0.012580156326293945,0.0008308887481689453,Y,204
12,4,30,6,3,0.026319026947021484,0.0008678436279296875,Y,342
12,4,30,6,3,0.028948068618774414,0.0012962818145751953,Y,343
12,4,30,6,3,0.028100252151489258,0.0015635490417480469,Y,341
12,4,30,6,3,0.02778005599975586,0.0010035037994384766,Y,362
12,4,30,6,3,0.026735782623291016,0.0010628700256347656,Y,342
12,4,30,6,3,0.028989076614379883,0.0010902881622314453,Y,363
12,4,30,6,3,0.028819561004638672,0.0013267993927001953,Y,345
12,4,30,6,3,0.02753615379333496,0.0010437965393066406,Y,344
12,4,30,6,3,0.029193401336669922,0.0012869834899902344,Y,341
12,4,30,6,3,0.02902817726135254,0.0009608268737792969,Y,353
12,4,30,6,3,0.030215978622436523,0.0012359619140625,Y,340
12,4,30,6,3,0.029938697814941406,0.0013492107391357422,Y,344
12,4,30,6,3,0.0273134708404541,0.0010182857513427734,Y,345
12,4,30,6,3,0.026959657669067383,0.0010628700256347656,Y,345
12,4,30,6,3,0.026710987091064453,0.0012660026550292969,Y,334
12,4,30,6,3,0.025758981704711914,0.000942230224609375,Y,343
12,4,30,6,3,0.0272369384765625,0.0010848045349121094,Y,346
12,4,30,6,3,0.02942657470703125,0.0010707378387451172,Y,345
12,4,30,6,3,0.03187298774719238,0.0011801719665527344,Y,356
12,4,30,6,3,0.02997589111328125,0.0010666847229003906,Y,348
12,4,40,7,4,0.05295443534851074,0.004444599151611328,Y,478
12,4,40,7,4,0.052696943283081055,0.00400543212890625,Y,469
12,4,40,7,4,0.05081367492675781,0.0027189254760742188,Y,489
12,4,40,7,4,0.04945707321166992,0.004142284393310547,Y,467
12,4,40,7,4,0.05232596397399902,0.00476384162902832,Y,475
12,4,40,7,4,0.05132627487182617,0.002776622772216797,Y,489
12,4,40,7,4,0.050617218017578125,0.0027871131896972656,Y,462
12,4,40,7,4,0.04813504219055176,0.004212856292724609,Y,485
12,4,40,7,4,0.05239748954772949,0.0026090145111083984,Y,476
12,4,40,7,4,0.053273916244506836,0.0047740936279296875,Y,477
12,4,40,7,4,0.0497281551361084,0.0033102035522460938,Y,485
12,4,40,7,4,0.04944014549255371,0.003921985626220703,Y,484
12,4,40,7,4,0.05357646942138672,0.002932310104370117,Y,481
12,4,40,7,4,0.053936004638671875,0.0028564929962158203,Y,487
12,4,40,7,4,0.04823613166809082,0.003380298614501953,Y,488
12,4,40,7,4,0.05028390884399414,0.0032100677490234375,Y,503
12,4,40,7,4,0.04889106750488281,0.0029239654541015625,Y,481
12,4,40,7,4,0.0545346736907959,0.003913164138793945,Y,481
12,4,40,7,4,0.05170893669128418,0.004715919494628906,Y,468
12,4,40,7,4,0.0498967170715332,0.0028536319732666016,Y,480
12,4,50,8,4,0.08647823333740234,0.00529026985168457,Y,626
12,4,50,8,4,0.07876396179199219,0.003599405288696289,Y,617
12,4,50,8,4,0.08097720146179199,0.004741191864013672,Y,629
12,4,50,8,4,0.0855870246887207,0.005419492721557617,Y,621
12,4,50,8,4,0.09053897857666016,0.00455784797668457,Y,623
12,4,50,8,4,0.07796311378479004,0.0035080909729003906,Y,609
12,4,50,8,4,0.0830070972442627,0.004067182540893555,Y,632
12,4,50,8,4,0.07954978942871094,0.0030422210693359375,Y,631
12,4,50,8,4,0.07922625541687012,0.004001140594482422,Y,620
12,4,50,8,4,0.0817861557006836,0.004148960113525391,Y,630
12,4,50,8,4,0.0790562629699707,0.004647970199584961,Y,622
12,4,50,8,4,0.08296561241149902,0.004068851470947266,Y,645
12,4,50,8,4,0.08776593208312988,0.005666017532348633,Y,623
12,4,50,8,4,0.08779168128967285,0.004448890686035156,Y,630
12,4,50,8,4,0.0896308422088623,0.003838777542114258,Y,639
12,4,50,8,4,0.08527898788452148,0.0043182373046875,Y,618
12,4,50,8,4,0.0836341381072998,0.0047588348388671875,Y,633
12,4,50,8,4,0.08680009841918945,0.004855155944824219,Y,620
12,4,50,8,4,0.07949495315551758,0.003719806671142578,Y,608
12,4,50,8,4,0.08289098739624023,0.004851102828979492,Y,639
12,4,60,8,4,0.15953874588012695,0.008946895599365234,Y,762
12,4,60,8,4,0.1278531551361084,0.00814509391784668,Y,753
12,4,60,8,4,0.12407493591308594,0.007975578308105469,Y,772
12,4,60,8,4,0.12171173095703125,0.008039236068725586,Y,745
12,4,60,8,4,0.1212015151977539,0.008679866790771484,Y,764
12,4,60,8,4,0.12660789489746094,0.008077859878540039,Y,775
12,4,60,8,4,0.12775707244873047,0.007817745208740234,Y,772
12,4,60,8,4,0.12154626846313477,0.007384061813354492,Y,755
12,4,60,8,4,0.11994218826293945,0.009975194931030273,Y,751
12,4,60,8,4,0.1326909065246582,0.00937342643737793,Y,749
12,4,60,8,4,0.1278080940246582,0.00762486457824707,Y,756
12,4,60,8,4,0.12194585800170898,0.008056640625,Y,743
12,4,60,8,4,0.12701106071472168,0.00883793830871582,Y,747
12,4,60,8,4,0.1232900619506836,0.007455110549926758,Y,776
12,4,60,8,4,0.12079286575317383,0.008306026458740234,Y,779
12,4,60,8,4,0.12067389488220215,0.008676767349243164,Y,765
12,4,60,8,4,0.12743353843688965,0.007498025894165039,Y,756
12,4,60,8,4,0.13004612922668457,0.00939178466796875,Y,761
12,4,60,8,4,0.12307214736938477,0.008532524108886719,Y,757
12,4,60,8,4,0.11975622177124023,0.009150028228759766,Y,760
12,4,70,9,5,0.22064948081970215,0.02049112319946289,Y,902
12,4,70,9,5,0.23243284225463867,0.017333269119262695,Y,874
12,4,70,9,5,0.22598624229431152,0.01745128631591797,Y,863
12,4,70,9,5,0.22440814971923828,0.01525425910949707,Y,899
12,4,70,9,5,0.2135918140411377,0.018815279006958008,Y,883
12,4,70,9,5,0.23480987548828125,0.021626949310302734,Y,886
12,4,70,9,5,0.23039817810058594,0.020529508590698242,Y,865
12,4,70,9,5,0.23120522499084473,0.020238876342773438,Y,879
12,4,70,9,5,0.22734618186950684,0.018094778060913086,Y,897
12,4,70,9,5,0.2135004997253418,0.017058372497558594,Y,898
12,4,70,9,5,0.21483302116394043,0.01631307601928711,Y,886
12,4,70,9,5,0.22307729721069336,0.019280433654785156,Y,867
12,4,70,9,5,0.21217107772827148,0.01775074005126953,Y,871
12,4,70,9,5,0.23060321807861328,0.02126908302307129,Y,875
12,4,70,9,5,0.21849370002746582,0.017705202102661133,Y,894
12,4,70,9,5,0.22099566459655762,0.020968198776245117,Y,858
12,4,70,9,5,0.2228870391845703,0.023035764694213867,Y,884
12,4,70,9,5,0.22167754173278809,0.013687849044799805,Y,861
12,4,70,9,5,0.22026300430297852,0.01429605484008789,Y,869
12,4,70,9,5,0.2346668243408203,0.02444601058959961,Y,898
12,4,80,9,5,0.3102269172668457,0.038665056228637695,Y,1018
12,4,80,9,5,0.2968783378601074,0.029117584228515625,Y,1017
12,4,80,9,5,0.29842209815979004,0.04128909111022949,Y,1024
12,4,80,9,5,0.3051626682281494,0.02726125717163086,Y,1037
12,4,80,9,5,0.2872307300567627,0.020023107528686523,Y,1024
12,4,80,9,5,0.29242634773254395,0.037346601486206055,Y,993
12,4,80,9,5,0.3091409206390381,0.022021770477294922,Y,1035
12,4,80,9,5,0.3217177391052246,0.027141571044921875,Y,1028
12,4,80,9,5,0.2986462116241455,0.02996206283569336,Y,1005
12,4,80,9,5,0.29295849800109863,0.03804302215576172,Y,1019
12,4,80,9,5,0.2966310977935791,0.023255348205566406,Y,1016
12,4,80,9,5,0.29332900047302246,0.028406143188476562,Y,1026
12,4,80,9,5,0.2996950149536133,0.029334306716918945,Y,1003
12,4,80,9,5,0.29355907440185547,0.02216172218322754,Y,1012
12,4,80,9,5,0.30287790298461914,0.028490781784057617,Y,1021
12,4,80,9,5,0.3036196231842041,0.03433489799499512,Y,1022
12,4,80,9,5,0.2983691692352295,0.02550196647644043,Y,1022
12,4,80,9,5,0.29889774322509766,0.03490495681762695,Y,990
12,4,80,9,5,0.300706148147583,0.02554607391357422,Y,1025
12,4,80,9,5,0.2928810119628906,0.024035930633544922,Y,1036
12,4,90,10,5,0.3727080821990967,0.024324417114257812,Y,1142
12,4,90,10,5,0.3672623634338379,0.03199601173400879,Y,1149
12,4,90,10,5,0.3724658489227295,0.027150869369506836,Y,1118
12,4,90,10,5,0.37949228286743164,0.029952049255371094,Y,1158
12,4,90,10,5,0.36844587326049805,0.03493213653564453,Y,1122
12,4,90,10,5,0.3737514019012451,0.03690052032470703,Y,1140
12,4,90,10,5,0.39748239517211914,0.030163049697875977,Y,1162
12,4,90,10,5,0.37697601318359375,0.024394989013671875,Y,1141
12,4,90,10,5,0.3777644634246826,0.03462409973144531,Y,1147
12,4,90,10,5,0.3747079372406006,0.03311324119567871,Y,1157
12,4,90,10,5,0.38253307342529297,0.03088688850402832,Y,1135
12,4,90,10,5,0.3738589286804199,0.03043389320373535,Y,1133
12,4,90,10,5,0.37729644775390625,0.03528738021850586,Y,1146
12,4,90,10,5,0.36568498611450195,0.02875232696533203,Y,1140
12,4,90,10,5,0.40581798553466797,0.03625178337097168,Y,1155
12,4,90,10,5,0.3711397647857666,0.026500225067138672,Y,1137
12,4,90,10,5,0.3780710697174072,0.03505849838256836,Y,1139
12,4,90,10,5,0.3697330951690674,0.03328275680541992,Y,1135
12,4,90,10,5,0.3690519332885742,0.0261991024017334,Y,1142
12,4,90,10,5,0.37679362297058105,0.04085421562194824,Y,1134
12,4,100,10,5,0.4747955799102783,0.03289318084716797,Y,1293
12,4,100,10,5,0.4765737056732178,0.03422665596008301,Y,1305
12,4,100,10,5,0.4835820198059082,0.0328068733215332,Y,1278
12,4,100,10,5,0.4876406192779541,0.03710007667541504,Y,1308
12,4,100,10,5,0.4817202091217041,0.0379185676574707,Y,1269
12,4,100,10,5,0.4919567108154297,0.03984522819519043,Y,1272
12,4,100,10,5,0.4957571029663086,0.03954601287841797,Y,1301
12,4,100,10,5,0.49278903007507324,0.03464770317077637,Y,1306
12,4,100,10,5,0.47217679023742676,0.030750513076782227,Y,1274
12,4,100,10,5,0.4811568260192871,0.03496813774108887,Y,1290
12,4,100,10,5,0.47858309745788574,0.0392301082611084,Y,1311
12,4,100,10,5,0.4927840232849121,0.020563602447509766,Y,1280
12,4,100,10,5,0.49481201171875,0.03174996376037598,Y,1282
12,4,100,10,5,0.47783493995666504,0.03289008140563965,Y,1265
12,4,100,10,5,0.5059535503387451,0.02647876739501953,Y,1278
12,4,100,10,5,0.47878122329711914,0.03698992729187012,Y,1269
12,4,100,10,5,0.47695231437683105,0.030426979064941406,Y,1301
12,4,100,10,5,0.4826204776763916,0.04435610771179199,Y,1300
12,4,100,10,5,0.48210597038269043,0.03097391128540039,Y,1271
12,4,100,10,5,0.47091007232666016,0.03825807571411133,Y,1296
12,4,200,15,8,2.134443759918213,0.3956634998321533,Y,2666
12,4,200,15,8,2.1647000312805176,0.37592411041259766,Y,2648
12,4,200,15,8,2.1934454441070557,0.43842339515686035,Y,2655
12,4,200,15,8,2.1525919437408447,0.3105638027191162,Y,2666
12,4,200,15,8,2.159381866455078,0.39519357681274414,Y,2635
12,4,200,15,8,2.158862590789795,0.37555861473083496,Y,2685
12,4,200,15,8,2.173865795135498,0.43746232986450195,Y,2650
12,4,200,15,8,2.134084939956665,0.4860541820526123,Y,2686
12,4,200,15,8,2.1430137157440186,0.4577462673187256,Y,2659
12,4,200,15,8,2.1393580436706543,0.3564572334289551,Y,2640
12,4,200,15,8,2.1910862922668457,0.35775184631347656,Y,2664
12,4,200,15,8,2.130833387374878,0.4550895690917969,Y,2629
12,4,200,15,8,2.161095380783081,0.42104315757751465,Y,2683
12,4,200,15,8,2.1337311267852783,0.46582794189453125,Y,2657
12,4,200,15,8,2.181272268295288,0.31010007858276367,Y,2692
12,4,200,15,8,2.124444007873535,0.4688527584075928,Y,2648
12,4,200,15,8,2.1362521648406982,0.44458913803100586,Y,2668
12,4,200,15,8,2.171335458755493,0.360734224319458,Y,2672
12,4,200,15,8,2.162684917449951,0.3835768699645996,Y,2663
12,4,200,15,8,2.155488967895508,0.4243736267089844,Y,2649
12,4,300,18,9,4.870046377182007,0.7575390338897705,Y,3768
12,4,300,18,9,4.903059244155884,0.6970291137695312,Y,3717
12,4,300,18,9,4.87092924118042,0.6891710758209229,Y,3724
12,4,300,18,9,4.894190549850464,0.644324541091919,Y,3770
12,4,300,18,9,4.8886213302612305,0.6653323173522949,Y,3728
12,4,300,18,9,4.851069211959839,0.6880841255187988,Y,3705
12,4,300,18,9,4.894640684127808,0.7595508098602295,Y,3729
12,4,300,18,9,4.8460693359375,0.7357017993927002,Y,3733
12,4,300,18,9,4.857240915298462,0.7385330200195312,Y,3724
12,4,300,18,9,4.908407211303711,0.6719141006469727,Y,3728
12,4,300,18,9,4.953693151473999,0.6936266422271729,Y,3720
12,4,300,18,9,4.9032368659973145,0.7676842212677002,Y,3713
12,4,300,18,9,4.853036880493164,0.7142620086669922,Y,3717
12,4,300,18,9,4.883955717086792,0.7714700698852539,Y,3726
12,4,300,18,9,4.886775970458984,0.6358580589294434,Y,3782
12,4,300,18,9,4.851559162139893,0.8134121894836426,Y,3747
12,4,300,18,9,4.881302118301392,0.7232499122619629,Y,3745
12,4,300,18,9,4.879626989364624,0.6457004547119141,Y,3754
12,4,300,18,9,4.8489158153533936,0.8119328022003174,Y,3748
12,4,300,18,9,4.916024923324585,0.7409989833831787,Y,3728
12,4,400,20,10,8.811777591705322,1.2524840831756592,Y,4653
12,4,400,20,10,8.84094762802124,1.5046038627624512,Y,4637
12,4,400,20,10,8.80415964126587,1.2813763618469238,Y,4658
12,4,400,20,10,8.807240962982178,1.191098928451538,Y,4707
12,4,400,20,10,8.812990665435791,1.9391279220581055,Y,4689
12,4,400,20,10,8.769696712493896,2.030611991882324,Y,4670
12,4,400,20,10,8.806238412857056,1.4345622062683105,Y,4675
12,4,400,20,10,8.76092267036438,1.8653881549835205,Y,4651
12,4,400,20,10,8.736002683639526,2.032195568084717,Y,4662
12,4,400,20,10,8.761327028274536,1.657200574874878,Y,4683
12,4,400,20,10,8.778615236282349,1.2345929145812988,Y,4690
12,4,400,20,10,8.938069105148315,1.3170688152313232,Y,4679
12,4,400,20,10,8.748015880584717,1.3091251850128174,Y,4661
12,4,400,20,10,8.720549821853638,2.1335675716400146,Y,4664
12,4,400,20,10,8.872708797454834,1.7731900215148926,Y,4679
12,4,400,20,10,8.843147039413452,1.6609687805175781,Y,4651
12,4,400,20,10,8.718142032623291,1.2394380569458008,Y,4713
12,4,400,20,10,8.76759672164917,1.0806732177734375,Y,4670
12,4,400,20,10,8.717132091522217,1.843315839767456,Y,4641
12,4,400,20,10,8.758294343948364,1.760422945022583,Y,4677
12,4,500,23,12,14.067636251449585,3.1808111667633057,Y,5733
12,4,500,23,12,14.057294845581055,3.207899570465088,Y,5755
12,4,500,23,12,13.994990110397339,3.1281516551971436,Y,5736
12,4,500,23,12,14.066847801208496,3.285640239715576,Y,5781
12,4,500,23,12,14.076637983322144,2.718334436416626,Y,5775
12,4,500,23,12,14.038705587387085,3.3683419227600098,Y,5786
12,4,500,23,12,13.997512340545654,2.816166639328003,Y,5766
12,4,500,23,12,14.076323747634888,2.674184799194336,Y,5766
12,4,500,23,12,14.108016014099121,2.961550712585449,Y,5845
12,4,500,23,12,13.88397765159607,3.602602958679199,Y,5756
12,4,500,23,12,14.142436027526855,2.8389601707458496,Y,5792
12,4,500,23,12,14.0765860080719,2.7373440265655518,Y,5826
12,4,500,23,12,14.021703958511353,3.427077054977417,Y,5808
12,4,500,23,12,14.037080764770508,3.1773271560668945,Y,5784
12,4,500,23,12,14.124661684036255,3.690444231033325,Y,5783
12,4,500,23,12,13.962494134902954,2.916100025177002,Y,5781
12,4,500,23,12,14.090254306793213,3.0990991592407227,Y,5838
12,4,500,23,12,14.048306703567505,2.7251970767974854,Y,5746
12,4,500,23,12,14.055361032485962,2.6339783668518066,Y,5772
12,4,500,23,12,14.094372272491455,3.676394462585449,Y,5752
8,8,10,4,2,0.0040318965911865234,9.965896606445312e-05,Y,162
8,8,10,4,2,0.004010915756225586,8.96453857421875e-05,Y,162
8,8,10,4,2,0.0038640499114990234,8.559226989746094e-05,Y,157
8,8,10,4,2,0.003910064697265625,8.606910705566406e-05,Y,163
8,8,10,4,2,0.0040416717529296875,8.96453857421875e-05,Y,158
8,8,10,4,2,0.004317760467529297,9.632110595703125e-05,Y,173
8,8,10,4,2,0.00454401969909668,0.00010085105895996094,Y,164
8,8,10,4,2,0.005103349685668945,0.00013184547424316406,Y,165
8,8,10,4,2,0.007636547088623047,0.00013685226440429688,Y,169
8,8,10,4,2,0.005540132522583008,0.00011086463928222656,Y,161
8,8,10,4,2,0.004323244094848633,0.00010514259338378906,Y,163
8,8,10,4,2,0.004950761795043945,0.0001232624053955078,Y,172
8,8,10,4,2,0.004357099533081055,0.00010037422180175781,Y,162
8,8,10,4,2,0.004132986068725586,8.988380432128906e-05,Y,164
8,8,10,4,2,0.004076719284057617,9.202957153320312e-05,Y,169
8,8,10,4,2,0.004679679870605469,0.00010371208190917969,Y,157
8,8,10,4,2,0.005079030990600586,0.0001266002655029297,Y,161
8,8,10,4,2,0.00455474853515625,0.000102996826171875,Y,163
8,8,10,4,2,0.004765748977661133,0.00011110305786132812,Y,169
8,8,10,4,2,0.00513768196105957,0.00011467933654785156,Y,172
8,8,20,5,3,0.02176070213317871,0.000705718994140625,Y,379
8,8,20,5,3,0.021542787551879883,0.0010519027709960938,Y,380
8,8,20,5,3,0.021676063537597656,0.0008778572082519531,Y,369
8,8,20,5,3,0.021053791046142578,0.0008111000061035156,Y,387
8,8,20,5,3,0.022269248962402344,0.0008389949798583984,Y,373
8,8,20,5,3,0.020023107528686523,0.0008518695831298828,Y,385
8,8,20,5,3,0.021854400634765625,0.0007312297821044922,Y,389
8,8,20,5,3,0.020750761032104492,0.0007464885711669922,Y,384
8,8,20,5,3,0.021140098571777344,0.0007252693176269531,Y,381
8,8,20,5,3,0.022076129913330078,0.0007634162902832031,Y,378
8,8,20,5,3,0.02023911476135254,0.0008962154388427734,Y,374
8,8,20,5,3,0.018909931182861328,0.0007479190826416016,Y,383
8,8,20,5,3,0.020461082458496094,0.0007343292236328125,Y,387
8,8,20,5,3,0.02131056785583496,0.0008196830749511719,Y,369
8,8,20,5,3,0.022661209106445312,0.0008196830749511719,Y,380
8,8,20,5,3,0.021817922592163086,0.0007257461547851562,Y,381
8,8,20,5,3,0.01867222785949707,0.0006871223449707031,Y,384
8,8,20,5,3,0.019817829132080078,0.00074005126953125,Y,373
8,8,20,5,3,0.022310972213745117,0.0007703304290771484,Y,388
8,8,20,5,3,0.019904136657714844,0.0007109642028808594,Y,396
8,8,30,6,3,0.05043530464172363,0.001386404037475586,Y,636
8,8,30,6,3,0.0527949333190918,0.001277923583984375,Y,632
8,8,30,6,3,0.0530703067779541,0.0012352466583251953,Y,628
8,8,30,6,3,0.051673173904418945,0.0013930797576904297,Y,625
8,8,30,6,3,0.05000615119934082,0.0010890960693359375,Y,620
8,8,30,6,3,0.05476093292236328,0.00160980224609375,Y,624
8,8,30,6,3,0.04901599884033203,0.001645803451538086,Y,616
8,8,30,6,3,0.04845142364501953,0.0015120506286621094,Y,622
8,8,30,6,3,0.05177783966064453,0.001718282699584961,Y,644
8,8,30,6,3,0.05122089385986328,0.0011730194091796875,Y,625
8,8,30,6,3,0.048365116119384766,0.0012061595916748047,Y,642
8,8,30,6,3,0.05019021034240723,0.0010399818420410156,Y,630
8,8,30,6,3,0.049896955490112305,0.0013155937194824219,Y,630
8,8,30,6,3,0.04979419708251953,0.0013301372528076172,Y,639
8,8,30,6,3,0.048517704010009766,0.00095367431640625,Y,646
8,8,30,6,3,0.05376839637756348,0.0014617443084716797,Y,635
8,8,30,6,3,0.050737857818603516,0.0013298988342285156,Y,640
8,8,30,6,3,0.05110812187194824,0.0009758472442626953,Y,630
8,8,30,6,3,0.051062822341918945,0.0011377334594726562,Y,644
8,8,30,6,3,0.04959511756896973,0.0009391307830810547,Y,613
8,8,40,7,4,0.09376692771911621,0.0031881332397460938,Y,861
8,8,40,7,4,0.09581184387207031,0.004446983337402344,Y,872
8,8,40,7,4,0.09505820274353027,0.0027484893798828125,Y,868
8,8,40,7,4,0.09976720809936523,0.005522966384887695,Y,877
8,8,40,7,4,0.09649991989135742,0.0035431385040283203,Y,882
8,8,40,7,4,0.09562849998474121,0.0037491321563720703,Y,843
8,8,40,7,4,0.09282112121582031,0.0029625892639160156,Y,872
8,8,40,7,4,0.09650421142578125,0.004461050033569336,Y,870
8,8,40,7,4,0.09528589248657227,0.003034830093383789,Y,846
8,8,40,7,4,0.09395003318786621,0.0029821395874023438,Y,862
8,8,40,7,4,0.10041999816894531,0.003176450729370117,Y,869
8,8,40,7,4,0.10328412055969238,0.003370523452758789,Y,879
8,8,40,7,4,0.09637331962585449,0.003383159637451172,Y,866
8,8,40,7,4,0.09639477729797363,0.0031528472900390625,Y,856
8,8,40,7,4,0.0944821834564209,0.0034940242767333984,Y,872
8,8,40,7,4,0.09949040412902832,0.005198001861572266,Y,862
8,8,40,7,4,0.0995321273803711,0.004295825958251953,Y,864
8,8,40,7,4,0.09937620162963867,0.003126859664916992,Y,869
8,8,40,7,4,0.0912778377532959,0.004697322845458984,Y,861
8,8,40,7,4,0.09114313125610352,0.00494074821472168,Y,858
8,8,50,8,4,0.16060924530029297,0.006124258041381836,Y,1129
8,8,50,8,4,0.15981292724609375,0.00609135627746582,Y,1110
8,8,50,8,4,0.15574264526367188,0.006560087203979492,Y,1115
8,8,50,8,4,0.15335392951965332,0.006362438201904297,Y,1118
8,8,50,8,4,0.14774227142333984,0.004063129425048828,Y,1100
8,8,50,8,4,0.15329194068908691,0.0041959285736083984,Y,1125
8,8,50,8,4,0.15613245964050293,0.004816293716430664,Y,1136
8,8,50,8,4,0.16177773475646973,0.00687098503112793,Y,1081
8,8,50,8,4,0.14775896072387695,0.0053348541259765625,Y,1137
8,8,50,8,4,0.15482401847839355,0.005059242248535156,Y,1123
8,8,50,8,4,0.15345406532287598,0.00569915771484375,Y,1121
8,8,50,8,4,0.15030145645141602,0.004260063171386719,Y,1119
8,8,50,8,4,0.155411958694458,0.0032427310943603516,Y,1109
8,8,50,8,4,0.15252208709716797,0.0049479007720947266,Y,1124
8,8,50,8,4,0.1477220058441162,0.003930091857910156,Y,1129
8,8,50,8,4,0.15373563766479492,0.004714012145996094,Y,1123
8,8,50,8,4,0.1477804183959961,0.0054607391357421875,Y,1131
8,8,50,8,4,0.15866732597351074,0.005854129791259766,Y,1117
8,8,50,8,4,0.15640878677368164,0.00666356086730957,Y,1113
8,8,50,8,4,0.1543877124786377,0.005577802658081055,Y,1108
8,8,60,8,4,0.21921920776367188,0.009169578552246094,Y,1254
8,8,60,8,4,0.22433137893676758,0.0072476863861083984,Y,1279
8,8,60,8,4,0.21900725364685059,0.010283946990966797,Y,1264
8,8,60,8,4,0.22383594512939453,0.010918140411376953,Y,1290
8,8,60,8,4,0.21494126319885254,0.007937908172607422,Y,1280
8,8,60,8,4,0.24637913703918457,0.01299428939819336,Y,1304
8,8,60,8,4,0.2268078327178955,0.009631156921386719,Y,1315
8,8,60,8,4,0.22085881233215332,0.009342193603515625,Y,1283
8,8,60,8,4,0.23894000053405762,0.007914543151855469,Y,1293
8,8,60,8,4,0.23637723922729492,0.009917736053466797,Y,1285
8,8,60,8,4,0.2173328399658203,0.008346796035766602,Y,1288
8,8,60,8,4,0.22041726112365723,0.014980792999267578,Y,1305
8,8,60,8,4,0.21698856353759766,0.00857686996459961,Y,1313
8,8,60,8,4,0.21827387809753418,0.007154941558837891,Y,1283
8,8,60,8,4,0.23268795013427734,0.009468317031860352,Y,1315
8,8,60,8,4,0.22223377227783203,0.0065343379974365234,Y,1290
8,8,60,8,4,0.214080810546875,0.00847315788269043,Y,1308
8,8,60,8,4,0.22160696983337402,0.009798049926757812,Y,1313
8,8,60,8,4,0.21749305725097656,0.007521152496337891,Y,1276
8,8,60,8,4,0.21840786933898926,0.007843017578125,Y,1291
8,8,70,9,5,0.4138815402984619,0.03416323661804199,Y,1541
8,8,70,9,5,0.40505290031433105,0.023384809494018555,Y,1548
8,8,70,9,5,0.40320587158203125,0.027026891708374023,Y,1545
8,8,70,9,5,0.42243528366088867,0.016683101654052734,Y,1517
8,8,70,9,5,0.3977839946746826,0.01961541175842285,Y,1517
8,8,70,9,5,0.41796016693115234,0.028362751007080078,Y,1519
8,8,70,9,5,0.39098572731018066,0.01811051368713379,Y,1510
8,8,70,9,5,0.4037623405456543,0.01651906967163086,Y,1541
8,8,70,9,5,0.4232444763183594,0.020322561264038086,Y,1539
8,8,70,9,5,0.4138221740722656,0.02046942710876465,Y,1564
8,8,70,9,5,0.4067249298095703,0.02104949951171875,Y,1537
8,8,70,9,5,0.40152621269226074,0.022093772888183594,Y,1530
8,8,70,9,5,0.4219815731048584,0.031279802322387695,Y,1506
8,8,70,9,5,0.41733789443969727,0.01938319206237793,Y,1519
8,8,70,9,5,0.4040718078613281,0.02987813949584961,Y,1540
8,8,70,9,5,0.41907596588134766,0.02193593978881836,Y,1519
8,8,70,9,5,0.4172334671020508,0.02353358268737793,Y,1541
8,8,70,9,5,0.45505619049072266,0.01921987533569336,Y,1528
8,8,70,9,5,0.4049527645111084,0.018130779266357422,Y,1531
8,8,70,9,5,0.4048738479614258,0.027032136917114258,Y,1526
8,8,80,9,5,0.5543107986450195,0.03080606460571289,Y,1750
8,8,80,9,5,0.5488452911376953,0.04846477508544922,Y,1757
8,8,80,9,5,0.5626318454742432,0.03644156455993652,Y,1747
8,8,80,9,5,0.5596261024475098,0.027314424514770508,Y,1762
8,8,80,9,5,0.5550472736358643,0.024704933166503906,Y,1742
8,8,80,9,5,0.5423808097839355,0.04881429672241211,Y,1732
8,8,80,9,5,0.560309886932373,0.026231050491333008,Y,1736
8,8,80,9,5,0.5460224151611328,0.029240846633911133,Y,1759
8,8,80,9,5,0.5427508354187012,0.038762569427490234,Y,1737
8,8,80,9,5,0.549656867980957,0.02844095230102539,Y,1763
8,8,80,9,5,0.5463159084320068,0.03955984115600586,Y,1751
8,8,80,9,5,0.5426127910614014,0.03267788887023926,Y,1731
8,8,80,9,5,0.5501177310943604,0.037984371185302734,Y,1750
8,8,80,9,5,0.5448007583618164,0.03420710563659668,Y,1744
8,8,80,9,5,0.5785832405090332,0.026738643646240234,Y,1750
8,8,80,9,5,0.5536093711853027,0.029473543167114258,Y,1743
8,8,80,9,5,0.5589892864227295,0.0385587215423584,Y,1748
8,8,80,9,5,0.553088903427124,0.027628183364868164,Y,1783
8,8,80,9,5,0.5463991165161133,0.03466367721557617,Y,1749
8,8,80,9,5,0.5499138832092285,0.04075193405151367,Y,1758
8,8,90,10,5,0.7003540992736816,0.0403897762298584,Y,1916
8,8,90,10,5,0.690561056137085,0.03822755813598633,Y,1939
8,8,90,10,5,0.721459150314331,0.029540061950683594,Y,1950
8,8,90,10,5,0.690180778503418,0.030946016311645508,Y,1956
8,8,90,10,5,0.6989898681640625,0.041528940200805664,Y,1937
8,8,90,10,5,0.6968719959259033,0.037770986557006836,Y,1936
8,8,90,10,5,0.6882467269897461,0.030617713928222656,Y,1951
8,8,90,10,5,0.7117655277252197,0.042597055435180664,Y,1953
8,8,90,10,5,0.7021660804748535,0.08399271965026855,Y,1966
8,8,90,10,5,0.711644172668457,0.031164884567260742,Y,1953
8,8,90,10,5,0.6915912628173828,0.04146432876586914,Y,1952
8,8,90,10,5,0.6863009929656982,0.032491207122802734,Y,1948
8,8,90,10,5,0.697882890701294,0.03608202934265137,Y,1938
8,8,90,10,5,0.6941995620727539,0.029695510864257812,Y,1961
8,8,90,10,5,0.7004740238189697,0.039369821548461914,Y,1960
8,8,90,10,5,0.684018611907959,0.041452646255493164,Y,1943
8,8,90,10,5,0.6793920993804932,0.03706192970275879,Y,1956
8,8,90,10,5,0.6941535472869873,0.04131889343261719,Y,1920
8,8,90,10,5,0.6888911724090576,0.04313182830810547,Y,2003
8,8,90,10,5,0.6792299747467041,0.04104351997375488,Y,1960
8,8,100,10,5,0.8801631927490234,0.03994274139404297,Y,2153
8,8,100,10,5,0.8639612197875977,0.045578956604003906,Y,2112
8,8,100,10,5,0.935908317565918,0.047041893005371094,Y,2137
8,8,100,10,5,0.8566789627075195,0.030884981155395508,Y,2143
8,8,100,10,5,0.8775722980499268,0.036147117614746094,Y,2130
8,8,100,10,5,0.8696410655975342,0.05354499816894531,Y,2136
8,8,100,10,5,0.8858356475830078,0.038866281509399414,Y,2126
8,8,100,10,5,0.8832390308380127,0.042711496353149414,Y,2133
8,8,100,10,5,0.8544557094573975,0.03306102752685547,Y,2121
8,8,100,10,5,0.8723413944244385,0.03750109672546387,Y,2132
8,8,100,10,5,0.874436616897583,0.040424346923828125,Y,2121
8,8,100,10,5,0.8599522113800049,0.034719228744506836,Y,2117
8,8,100,10,5,0.8758573532104492,0.04116082191467285,Y,2122
8,8,100,10,5,0.8967020511627197,0.04184865951538086,Y,2129
8,8,100,10,5,0.8788650035858154,0.036083221435546875,Y,2160
8,8,100,10,5,0.8726725578308105,0.03635239601135254,Y,2120
8,8,100,10,5,0.87813401222229,0.04958009719848633,Y,2104
8,8,100,10,5,0.8818075656890869,0.03311419486999512,Y,2114
8,8,100,10,5,0.8634986877441406,0.03761601448059082,Y,2087
8,8,100,10,5,0.8732397556304932,0.03258919715881348,Y,2128
8,8,200,15,8,3.9222941398620605,0.5333681106567383,Y,4209
8,8,200,15,8,3.9225757122039795,0.4928765296936035,Y,4205
8,8,200,15,8,3.8317127227783203,0.3716259002685547,Y,4177
8,8,200,15,8,3.8914148807525635,0.463886022567749,Y,4147
8,8,200,15,8,3.8964767456054688,0.5092098712921143,Y,4213
8,8,200,15,8,3.877169132232666,0.4580206871032715,Y,4174
8,8,200,15,8,3.9159038066864014,0.49392223358154297,Y,4170
8,8,200,15,8,3.888678789138794,0.48953986167907715,Y,4197
8,8,200,15,8,3.8481874465942383,0.502755880355835,Y,4163
8,8,200,15,8,3.881779193878174,0.458141565322876,Y,4199
8,8,200,15,8,3.8872509002685547,0.4106462001800537,Y,4166
8,8,200,15,8,3.8436148166656494,0.46484899520874023,Y,4240
8,8,200,15,8,3.9272379875183105,0.4002413749694824,Y,4172
8,8,200,15,8,3.91021466255188,0.4916682243347168,Y,4197
8,8,200,15,8,3.9408679008483887,0.5377583503723145,Y,4180
8,8,200,15,8,3.8997719287872314,0.46224093437194824,Y,4190
8,8,200,15,8,3.8975517749786377,0.4214050769805908,Y,4197
8,8,200,15,8,3.9269142150878906,0.30707645416259766,Y,4181
8,8,200,15,8,3.864158868789673,0.45922112464904785,Y,4213
8,8,200,15,8,3.8885130882263184,0.42336416244506836,Y,4197
8,8,300,18,9,9.026297330856323,0.9423339366912842,Y,5801
8,8,300,18,9,9.023854970932007,0.778433084487915,Y,5823
8,8,300,18,9,8.99526333808899,0.7743732929229736,Y,5787
8,8,300,18,9,9.143977880477905,0.7641677856445312,Y,5797
8,8,300,18,9,9.054373741149902,0.7572369575500488,Y,5818
8,8,300,18,9,9.100632905960083,0.8066599369049072,Y,5801
8,8,300,18,9,9.054857969284058,0.8702359199523926,Y,5757
8,8,300,18,9,9.009887218475342,0.7178752422332764,Y,5794
8,8,300,18,9,9.125838994979858,0.8470971584320068,Y,5819
8,8,300,18,9,9.00234603881836,0.7312047481536865,Y,5783
8,8,300,18,9,9.024562358856201,0.775576114654541,Y,5814
8,8,300,18,9,9.00661015510559,0.716109037399292,Y,5787
8,8,300,18,9,9.017318725585938,0.8067209720611572,Y,5810
8,8,300,18,9,9.074185848236084,0.7443530559539795,Y,5818
8,8,300,18,9,9.04914140701294,0.737673282623291,Y,5792
8,8,300,18,9,9.04091215133667,0.8822617530822754,Y,5821
8,8,300,18,9,8.976567029953003,0.7021317481994629,Y,5795
8,8,300,18,9,9.053114891052246,0.8812603950500488,Y,5784
8,8,300,18,9,9.032814741134644,0.9633195400238037,Y,5789
8,8,300,18,9,9.049099206924438,0.7520170211791992,Y,5828
8,8,400,20,10,16.138203859329224,1.7819664478302002,Y,7075
8,8,400,20,10,16.164251804351807,1.8300108909606934,Y,7069
8,8,400,20,10,16.07863473892212,2.0494141578674316,Y,7025
8,8,400,20,10,16.01712203025818,2.362190008163452,Y,7022
8,8,400,20,10,16.21824812889099,2.1020216941833496,Y,7058
8,8,400,20,10,16.163121700286865,1.834529161453247,Y,7053
8,8,400,20,10,16.104340314865112,2.1756949424743652,Y,7053
8,8,400,20,10,16.17326068878174,1.9575037956237793,Y,7050
8,8,400,20,10,16.13296103477478,2.1384527683258057,Y,7042
8,8,400,20,10,16.088595867156982,2.0997278690338135,Y,7100
8,8,400,20,10,16.20506978034973,2.1924588680267334,Y,7059
8,8,400,20,10,16.08748173713684,2.2000880241394043,Y,7051
8,8,400,20,10,16.178722858428955,2.0358853340148926,Y,7083
8,8,400,20,10,16.303577661514282,1.950157880783081,Y,7085
8,8,400,20,10,16.125406980514526,2.057330369949341,Y,7078
8,8,400,20,10,16.133551597595215,1.9697492122650146,Y,7089
8,8,400,20,10,16.13547158241272,2.1746902465820312,Y,7071
8,8,400,20,10,16.181334495544434,2.0034308433532715,Y,7055
8,8,400,20,10,16.181763648986816,2.0176942348480225,Y,7052
8,8,400,20,10,16.12179398536682,1.9377148151397705,Y,7050
8,8,500,23,12,25.944608211517334,4.528592109680176,Y,8596
8,8,500,23,12,25.83994960784912,3.967137098312378,Y,8609
8,8,500,23,12,25.82320809364319,4.855107069015503,Y,8634
8,8,500,23,12,25.752981185913086,4.396239280700684,Y,8592
8,8,500,23,12,25.791971921920776,3.8041491508483887,Y,8577
8,8,500,23,12,25.76928997039795,4.589310169219971,Y,8571
8,8,500,23,12,25.820176124572754,3.9129130840301514,Y,8602
8,8,500,23,12,25.701467752456665,4.257163763046265,Y,8613
8,8,500,23,12,25.771251916885376,3.954465389251709,Y,8611
8,8,500,23,12,25.80037832260132,4.424854516983032,Y,8613
8,8,500,23,12,25.743197202682495,4.0779523849487305,Y,8616
8,8,500,23,12,25.705748558044434,4.250054359436035,Y,8540
8,8,500,23,12,25.68467092514038,4.061941862106323,Y,8598
8,8,500,23,12,25.66034436225891,7.073694944381714,Y,8570
8,8,500,23,12,25.781348943710327,5.251089096069336,Y,8602
8,8,500,23,12,25.87221908569336,3.9168713092803955,Y,8647
8,8,500,23,12,25.760605812072754,5.088194131851196,Y,8569
8,8,500,23,12,25.885422945022583,4.155184745788574,Y,8572
8,8,500,23,12,25.767152070999146,3.719864845275879,Y,8586
8,8,500,23,12,25.719836950302124,3.901750087738037,Y,8580
8,4,10,4,2,0.003058195114135742,0.00011301040649414062,Y,87
8,4,10,4,2,0.0030727386474609375,0.00010704994201660156,Y,86
8,4,10,4,2,0.003103971481323242,0.0001087188720703125,Y,90
8,4,10,4,2,0.003094911575317383,0.00011157989501953125,Y,87
8,4,10,4,2,0.0030770301818847656,0.00010704994201660156,Y,83
8,4,10,4,2,0.003187894821166992,0.00010991096496582031,Y,91
8,4,10,4,2,0.0031540393829345703,0.00010848045349121094,Y,90
8,4,10,4,2,0.0031218528747558594,0.00010991096496582031,Y,85
8,4,10,4,2,0.0032219886779785156,0.00011491775512695312,Y,91
8,4,10,4,2,0.003299236297607422,0.00012564659118652344,Y,86
8,4,10,4,2,0.006184577941894531,0.00018286705017089844,Y,82
8,4,10,4,2,0.003302335739135742,0.00010752677917480469,Y,86
8,4,10,4,2,0.002753734588623047,0.00010013580322265625,Y,81
8,4,10,4,2,0.0030853748321533203,0.00010514259338378906,Y,88
8,4,10,4,2,0.0030455589294433594,0.00010704994201660156,Y,89
8,4,10,4,2,0.003251791000366211,0.00011515617370605469,Y,85
8,4,10,4,2,0.0031893253326416016,0.00011396408081054688,Y,88
8,4,10,4,2,0.003265380859375,0.00013065338134765625,Y,86
8,4,10,4,2,0.0045549869537353516,0.00017261505126953125,Y,86
8,4,10,4,2,0.003309965133666992,0.0001227855682373047,Y,92
8,4,20,5,3,0.012140750885009766,0.0008597373962402344,Y,185
8,4,20,5,3,0.012701272964477539,0.0007560253143310547,Y,198
8,4,20,5,3,0.012047052383422852,0.0006856918334960938,Y,188
8,4,20,5,3,0.011572837829589844,0.0008230209350585938,Y,182
8,4,20,5,3,0.010443687438964844,0.0005979537963867188,Y,186
8,4,20,5,3,0.013671159744262695,0.0009684562683105469,Y,192
8,4,20,5,3,0.012031078338623047,0.0008397102355957031,Y,198
8,4,20,5,3,0.012630701065063477,0.0007693767547607422,Y,197
8,4,20,5,3,0.011596918106079102,0.0008969306945800781,Y,191
8,4,20,5,3,0.011220216751098633,0.0007441043853759766,Y,183
8,4,20,5,3,0.012042999267578125,0.0009069442749023438,Y,192
8,4,20,5,3,0.012066841125488281,0.0007150173187255859,Y,196
8,4,20,5,3,0.012413263320922852,0.0008907318115234375,Y,189
8,4,20,5,3,0.010872125625610352,0.0005950927734375,Y,188
8,4,20,5,3,0.010942935943603516,0.0006992816925048828,Y,202
8,4,20,5,3,0.01180124282836914,0.0007271766662597656,Y,194
8,4,20,5,3,0.011449337005615234,0.0008616447448730469,Y,191
8,4,20,5,3,0.011172056198120117,0.0006873607635498047,Y,186
8,4,20,5,3,0.01163625717163086,0.0008609294891357422,Y,181
8,4,20,5,3,0.010938167572021484,0.0008940696716308594,Y,190
8,4,30,6,3,0.0295407772064209,0.0012059211730957031,Y,314
8,4,30,6,3,0.028777122497558594,0.0017671585083007812,Y,321
8,4,30,6,3,0.026452064514160156,0.0015759468078613281,Y,311
8,4,30,6,3,0.02557969093322754,0.0009729862213134766,Y,327
8,4,30,6,3,0.0296328067779541,0.0013232231140136719,Y,324
8,4,30,6,3,0.03244590759277344,0.001300811767578125,Y,310
8,4,30,6,3,0.02879500389099121,0.0017085075378417969,Y,301
8,4,30,6,3,0.0288240909576416,0.0012242794036865234,Y,323
8,4,30,6,3,0.030282974243164062,0.0015797615051269531,Y,311
8,4,30,6,3,0.025465011596679688,0.0013194084167480469,Y,316
8,4,30,6,3,0.025777816772460938,0.0014445781707763672,Y,321
8,4,30,6,3,0.025944948196411133,0.0012006759643554688,Y,326
8,4,30,6,3,0.026201725006103516,0.001216888427734375,Y,308
8,4,30,6,3,0.026468276977539062,0.0016067028045654297,Y,320
8,4,30,6,3,0.025974273681640625,0.0010180473327636719,Y,328
8,4,30,6,3,0.025540828704833984,0.0012657642364501953,Y,307
8,4,30,6,3,0.02584981918334961,0.001008749008178711,Y,306
8,4,30,6,3,0.02894425392150879,0.0012216567993164062,Y,313
8,4,30,6,3,0.0284578800201416,0.0016379356384277344,Y,313
8,4,30,6,3,0.02910447120666504,0.0013854503631591797,Y,306
8,4,40,7,4,0.05244159698486328,0.004392862319946289,Y,432
8,4,40,7,4,0.04924488067626953,0.0026886463165283203,Y,432
8,4,40,7,4,0.04944038391113281,0.0039179325103759766,Y,436
8,4,40,7,4,0.049665212631225586,0.0027866363525390625,Y,428
8,4,40,7,4,0.04846811294555664,0.0034444332122802734,Y,437
8,4,40,7,4,0.04798483848571777,0.003184795379638672,Y,431
8,4,40,7,4,0.0474398136138916,0.0027337074279785156,Y,427
8,4,40,7,4,0.04705166816711426,0.002843618392944336,Y,436
8,4,40,7,4,0.0496523380279541,0.0030150413513183594,Y,447
8,4,40,7,4,0.05193376541137695,0.003120899200439453,Y,443
8,4,40,7,4,0.046549081802368164,0.003331422805786133,Y,428
8,4,40,7,4,0.046802520751953125,0.004681110382080078,Y,422
8,4,40,7,4,0.05244112014770508,0.002997159957885742,Y,448
8,4,40,7,4,0.04934501647949219,0.004793405532836914,Y,437
8,4,40,7,4,0.048599958419799805,0.0026807785034179688,Y,429
8,4,40,7,4,0.047580718994140625,0.0034329891204833984,Y,435
8,4,40,7,4,0.0486602783203125,0.004250288009643555,Y,440
8,4,40,7,4,0.05000615119934082,0.0032041072845458984,Y,433
8,4,40,7,4,0.04899883270263672,0.0039196014404296875,Y,432
8,4,40,7,4,0.05133843421936035,0.003364086151123047,Y,439
8,4,50,8,4,0.07911014556884766,0.0068912506103515625,Y,546
8,4,50,8,4,0.07851314544677734,0.0062024593353271484,Y,556
8,4,50,8,4,0.10244345664978027,0.00690913200378418,Y,545
8,4,50,8,4,0.08650350570678711,0.006500959396362305,Y,566
8,4,50,8,4,0.0786430835723877,0.004172086715698242,Y,554
8,4,50,8,4,0.08664369583129883,0.003762960433959961,Y,564
8,4,50,8,4,0.0807342529296875,0.0050678253173828125,Y,560
8,4,50,8,4,0.07791805267333984,0.00502777099609375,Y,552
8,4,50,8,4,0.08552408218383789,0.006906747817993164,Y,559
8,4,50,8,4,0.0805046558380127,0.0054569244384765625,Y,561
8,4,50,8,4,0.08029603958129883,0.005998373031616211,Y,533
8,4,50,8,4,0.08291077613830566,0.00582122802734375,Y,548
8,4,50,8,4,0.08212876319885254,0.0060422420501708984,Y,563
8,4,50,8,4,0.08228707313537598,0.004781007766723633,Y,561
8,4,50,8,4,0.07792901992797852,0.0048449039459228516,Y,566
8,4,50,8,4,0.08313798904418945,0.004770755767822266,Y,543
8,4,50,8,4,0.08167290687561035,0.0050258636474609375,Y,558
8,4,50,8,4,0.08041524887084961,0.0064623355865478516,Y,564
8,4,50,8,4,0.0801844596862793,0.006730318069458008,Y,544
8,4,50,8,4,0.07867980003356934,0.0037212371826171875,Y,558
8,4,60,8,4,0.12876582145690918,0.012214899063110352,Y,663
8,4,60,8,4,0.12021088600158691,0.010889053344726562,Y,649
8,4,60,8,4,0.11272311210632324,0.005877017974853516,Y,668
8,4,60,8,4,0.11498618125915527,0.008173704147338867,Y,648
8,4,60,8,4,0.1175997257232666,0.012093067169189453,Y,667
8,4,60,8,4,0.11567473411560059,0.00836181640625,Y,649
8,4,60,8,4,0.12151408195495605,0.010481834411621094,Y,668
8,4,60,8,4,0.11855125427246094,0.01032400131225586,Y,665
8,4,60,8,4,0.11686515808105469,0.010786771774291992,Y,652
8,4,60,8,4,0.11276531219482422,0.009591341018676758,Y,660
8,4,60,8,4,0.11750102043151855,0.008369207382202148,Y,671
8,4,60,8,4,0.11575889587402344,0.011820793151855469,Y,660
8,4,60,8,4,0.11646914482116699,0.010164737701416016,Y,677
8,4,60,8,4,0.11566996574401855,0.0072019100189208984,Y,673
8,4,60,8,4,0.11981916427612305,0.00916910171508789,Y,672
8,4,60,8,4,0.1224517822265625,0.009058952331542969,Y,667
8,4,60,8,4,0.11909770965576172,0.007882356643676758,Y,660
8,4,60,8,4,0.12032794952392578,0.00894784927368164,Y,665
8,4,60,8,4,0.11490464210510254,0.005980730056762695,Y,666
8,4,60,8,4,0.11384749412536621,0.008236169815063477,Y,675
8,4,70,9,5,0.21062588691711426,0.01891160011291504,Y,742
8,4,70,9,5,0.21725726127624512,0.022641897201538086,Y,756
8,4,70,9,5,0.20627689361572266,0.022608518600463867,Y,769
8,4,70,9,5,0.21503615379333496,0.02152395248413086,Y,775
8,4,70,9,5,0.21494817733764648,0.017802000045776367,Y,761
8,4,70,9,5,0.21767616271972656,0.026981830596923828,Y,763
8,4,70,9,5,0.2029578685760498,0.019099712371826172,Y,755
8,4,70,9,5,0.21620798110961914,0.019855976104736328,Y,754
8,4,70,9,5,0.21341896057128906,0.0276639461517334,Y,753
8,4,70,9,5,0.2093944549560547,0.016582489013671875,Y,760
8,4,70,9,5,0.21104001998901367,0.028327226638793945,Y,764
8,4,70,9,5,0.20823359489440918,0.025050878524780273,Y,760
8,4,70,9,5,0.22796988487243652,0.026378631591796875,Y,761
8,4,70,9,5,0.20102405548095703,0.027838706970214844,Y,762
8,4,70,9,5,0.21403121948242188,0.01885366439819336,Y,768
8,4,70,9,5,0.21377205848693848,0.028313159942626953,Y,757
8,4,70,9,5,0.21564745903015137,0.023876667022705078,Y,765
8,4,70,9,5,0.21286487579345703,0.03216886520385742,Y,766
8,4,70,9,5,0.21130013465881348,0.021308183670043945,Y,748
8,4,70,9,5,0.21330475807189941,0.024274587631225586,Y,760
8,4,80,9,5,0.28624701499938965,0.03511214256286621,Y,879
8,4,80,9,5,0.28657102584838867,0.022766828536987305,Y,888
8,4,80,9,5,0.30028414726257324,0.026411771774291992,Y,868
8,4,80,9,5,0.31362080574035645,0.03270912170410156,Y,890
8,4,80,9,5,0.28631162643432617,0.030422449111938477,Y,871
8,4,80,9,5,0.2968263626098633,0.021459102630615234,Y,861
8,4,80,9,5,0.28343868255615234,0.0223081111907959,Y,880
8,4,80,9,5,0.28650426864624023,0.02322983741760254,Y,863
8,4,80,9,5,0.2840709686279297,0.029057025909423828,Y,876
8,4,80,9,5,0.281757116317749,0.03225088119506836,Y,883
8,4,80,9,5,0.2882120609283447,0.032103776931762695,Y,867
8,4,80,9,5,0.2935352325439453,0.02132439613342285,Y,874
8,4,80,9,5,0.2888326644897461,0.03941822052001953,Y,875
8,4,80,9,5,0.28538990020751953,0.021840810775756836,Y,881
8,4,80,9,5,0.28662896156311035,0.022901535034179688,Y,870
8,4,80,9,5,0.2748394012451172,0.03258657455444336,Y,875
8,4,80,9,5,0.28777313232421875,0.02447342872619629,Y,880
8,4,80,9,5,0.2829163074493408,0.021849393844604492,Y,876
8,4,80,9,5,0.29101061820983887,0.03834986686706543,Y,862
8,4,80,9,5,0.29075193405151367,0.03090071678161621,Y,868
8,4,90,10,5,0.36858654022216797,0.03153800964355469,Y,982
8,4,90,10,5,0.35260462760925293,0.03766679763793945,Y,968
8,4,90,10,5,0.3587322235107422,0.03600430488586426,Y,972
8,4,90,10,5,0.3697774410247803,0.034743309020996094,Y,984
8,4,90,10,5,0.3731088638305664,0.07392477989196777,Y,999
8,4,90,10,5,0.3597078323364258,0.04247021675109863,Y,988
8,4,90,10,5,0.3709268569946289,0.032669782638549805,Y,992
8,4,90,10,5,0.36068201065063477,0.03830981254577637,Y,990
8,4,90,10,5,0.3529539108276367,0.047246694564819336,Y,965
8,4,90,10,5,0.3531529903411865,0.03211021423339844,Y,978
8,4,90,10,5,0.36276793479919434,0.042343854904174805,Y,992
8,4,90,10,5,0.3924107551574707,0.0334320068359375,Y,963
8,4,90,10,5,0.3729066848754883,0.03584766387939453,Y,981
8,4,90,10,5,0.35023999214172363,0.03583121299743652,Y,969
8,4,90,10,5,0.3492257595062256,0.04404902458190918,Y,983
8,4,90,10,5,0.36199450492858887,0.03298783302307129,Y,990
8,4,90,10,5,0.3724684715270996,0.0448153018951416,Y,980
8,4,90,10,5,0.36652565002441406,0.030324220657348633,Y,969
8,4,90,10,5,0.3499770164489746,0.0359039306640625,Y,982
8,4,90,10,5,0.3574333190917969,0.03938412666320801,Y,965
8,4,100,10,5,0.454801082611084,0.033936262130737305,Y,1062
8,4,100,10,5,0.4640994071960449,0.037087202072143555,Y,1101
8,4,100,10,5,0.4528074264526367,0.0369720458984375,Y,1085
8,4,100,10,5,0.4532918930053711,0.033707618713378906,Y,1077
8,4,100,10,5,0.45882177352905273,0.03938007354736328,Y,1077
8,4,100,10,5,0.4648618698120117,0.03379321098327637,Y,1095
8,4,100,10,5,0.45004820823669434,0.04201984405517578,Y,1089
8,4,100,10,5,0.46123361587524414,0.03191781044006348,Y,1111
8,4,100,10,5,0.4650733470916748,0.040480613708496094,Y,1099
8,4,100,10,5,0.4566080570220947,0.048609018325805664,Y,1092
8,4,100,10,5,0.45657849311828613,0.0345911979675293,Y,1064
8,4,100,10,5,0.4540853500366211,0.03716897964477539,Y,1072
8,4,100,10,5,0.4596688747406006,0.04259538650512695,Y,1091
8,4,100,10,5,0.47393274307250977,0.04206228256225586,Y,1066
8,4,100,10,5,0.45847344398498535,0.037358999252319336,Y,1087
8,4,100,10,5,0.471743106842041,0.03629183769226074,Y,1074
8,4,100,10,5,0.46819448471069336,0.0314333438873291,Y,1086
8,4,100,10,5,0.46252942085266113,0.03343915939331055,Y,1086
8,4,100,10,5,0.45323634147644043,0.03957390785217285,Y,1082
8,4,100,10,5,0.4557175636291504,0.044393301010131836,Y,1086
8,4,200,15,8,2.043593406677246,0.43654918670654297,Y,2138
8,4,200,15,8,2.0360896587371826,0.5255258083343506,Y,2167
8,4,200,15,8,2.162071943283081,0.44751644134521484,Y,2139
8,4,200,15,8,2.053598403930664,0.42601919174194336,Y,2149
8,4,200,15,8,2.0066018104553223,0.473646879196167,Y,2150
8,4,200,15,8,2.0236258506774902,0.5184869766235352,Y,2143
8,4,200,15,8,2.0805089473724365,0.49820590019226074,Y,2148
8,4,200,15,8,2.037616014480591,0.4813697338104248,Y,2168
8,4,200,15,8,2.008805274963379,0.49277758598327637,Y,2119
8,4,200,15,8,2.0531833171844482,0.4423184394836426,Y,2158
8,4,200,15,8,2.031827688217163,0.4358811378479004,Y,2147
8,4,200,15,8,2.0221540927886963,0.4597501754760742,Y,2147
8,4,200,15,8,2.044365167617798,0.47119784355163574,Y,2144
8,4,200,15,8,2.033133029937744,0.6690409183502197,Y,2135
8,4,200,15,8,2.0493009090423584,0.509063720703125,Y,2122
8,4,200,15,8,2.01839017868042,0.35419631004333496,Y,2177
8,4,200,15,8,2.0274970531463623,0.5310735702514648,Y,2148
8,4,200,15,8,2.0490429401397705,0.48332810401916504,Y,2141
8,4,200,15,8,2.0555357933044434,0.45093345642089844,Y,2159
8,4,200,15,8,2.0198330879211426,0.4875614643096924,Y,2133
8,4,300,18,9,4.543359994888306,1.8196361064910889,Y,2867
8,4,300,18,9,4.6411261558532715,1.5781140327453613,Y,2918
8,4,300,18,9,4.591022491455078,1.1398725509643555,Y,2892
8,4,300,18,9,4.614526271820068,1.7528622150421143,Y,2924
8,4,300,18,9,4.572174072265625,1.6755335330963135,Y,2876
8,4,300,18,9,4.639961004257202,1.587399959564209,Y,2911
8,4,300,18,9,4.591196298599243,1.5047540664672852,Y,2868
8,4,300,18,9,4.618274927139282,2.031942844390869,Y,2884
8,4,300,18,9,4.6126792430877686,1.6102545261383057,Y,2935
8,4,300,18,9,4.6164186000823975,1.5925638675689697,Y,2902
8,4,300,18,9,4.633493423461914,1.630124568939209,Y,2881
8,4,300,18,9,4.569333076477051,1.6598219871520996,Y,2883
8,4,300,18,9,4.589896202087402,1.1627421379089355,Y,2894
8,4,300,18,9,4.628590822219849,1.289283037185669,Y,2903
8,4,300,18,9,4.6188576221466064,1.5763418674468994,Y,2926
8,4,300,18,9,4.598252296447754,1.0820505619049072,Y,2901
8,4,300,18,9,4.619988679885864,1.635364055633545,Y,2901
8,4,300,18,9,4.59285569190979,1.2491018772125244,Y,2883
8,4,300,18,9,4.619550943374634,1.2885901927947998,Y,2900
8,4,300,18,9,4.620262145996094,1.706946611404419,Y,2889
8,4,400,20,10,8.19942593574524,4.6668078899383545,Y,3522
8,4,400,20,10,8.267535209655762,4.409471035003662,Y,3560
8,4,400,20,10,8.224839925765991,4.160443067550659,Y,3534
8,4,400,20,10,8.275617599487305,6.7035627365112305,Y,3513
8,4,400,20,10,8.312245845794678,6.58285665512085,Y,3518
8,4,400,20,10,8.267446279525757,6.294379711151123,Y,3520
8,4,400,20,10,8.162526845932007,4.330010414123535,Y,3517
8,4,400,20,10,8.260577917098999,5.916329860687256,Y,3522
8,4,400,20,10,8.211947441101074,7.221346616744995,Y,3523
8,4,400,20,10,8.259001016616821,4.717373847961426,Y,3521
8,4,400,20,10,8.222877025604248,5.713756322860718,Y,3549
8,4,400,20,10,8.275119066238403,7.189072608947754,Y,3562
8,4,400,20,10,8.18147349357605,5.8136680126190186,Y,3512
8,4,400,20,10,8.227571964263916,4.486246824264526,Y,3543
8,4,400,20,10,8.231913328170776,4.410309076309204,Y,3540
8,4,400,20,10,8.183879137039185,7.811856746673584,Y,3508
8,4,400,20,10,8.164416313171387,8.096911430358887,Y,3532
8,4,400,20,10,8.24705195426941,6.473106145858765,Y,3524
8,4,400,20,10,8.221621751785278,4.967473983764648,Y,3545
8,4,400,20,10,8.301206111907959,5.304792165756226,Y,3527
8,4,500,23,12,13.09119200706482,14.91547703742981,Y,4307
8,4,500,23,12,13.150516271591187,14.148402214050293,Y,4312
8,4,500,23,12,13.18592381477356,15.377621173858643,Y,4303
8,4,500,23,12,13.209388971328735,16.263103723526,Y,4312
8,4,500,23,12,13.128060817718506,15.757301568984985,Y,4307
8,4,500,23,12,13.133819818496704,17.93639636039734,Y,4292
8,4,500,23,12,13.173261404037476,16.130014181137085,Y,4308
8,4,500,23,12,13.204222679138184,15.54786205291748,Y,4290
8,4,500,23,12,13.171387195587158,15.050695896148682,Y,4305
8,4,500,23,12,13.024774312973022,17.063947200775146,Y,4285
8,4,500,23,12,13.134147882461548,13.315891981124878,Y,4328
8,4,500,23,12,13.22165322303772,17.28290891647339,Y,4312
8,4,500,23,12,13.03605580329895,18.652668952941895,Y,4285
8,4,500,23,12,13.15128207206726,16.175729036331177,Y,4306
8,4,500,23,12,13.471029996871948,15.950093269348145,Y,4301
8,4,500,23,12,13.097561120986938,17.85543394088745,Y,4298
8,4,500,23,12,13.161329984664917,16.048285007476807,Y,4285
8,4,500,23,12,13.10413384437561,16.250811338424683,Y,4309
8,4,500,23,12,13.184658765792847,15.045762777328491,Y,4325
8,4,500,23,12,13.113044500350952,15.42264199256897,Y,4278
4,4,10,4,2,0.0027027130126953125,0.000102996826171875,Y,70
4,4,10,4,2,0.002776622772216797,0.00010609626770019531,Y,71
4,4,10,4,2,0.0030031204223632812,0.00010561943054199219,Y,76
4,4,10,4,2,0.003016233444213867,0.00010776519775390625,Y,77
4,4,10,4,2,0.0029518604278564453,0.00010752677917480469,Y,74
4,4,10,4,2,0.003094196319580078,0.00011205673217773438,Y,75
4,4,10,4,2,0.0030388832092285156,0.00011205673217773438,Y,76
4,4,10,4,2,0.0031511783599853516,0.000110626220703125,Y,80
4,4,10,4,2,0.0030858516693115234,0.00011801719665527344,Y,72
4,4,10,4,2,0.003148317337036133,0.00011992454528808594,Y,80
4,4,10,4,2,0.00323486328125,0.0001327991485595703,Y,76
4,4,10,4,2,0.003616809844970703,0.00013184547424316406,Y,73
4,4,10,4,2,0.0032138824462890625,0.00011467933654785156,Y,73
4,4,10,4,2,0.004088640213012695,0.00013208389282226562,Y,75
4,4,10,4,2,0.0031557083129882812,0.00012087821960449219,Y,78
4,4,10,4,2,0.003153085708618164,0.00011515617370605469,Y,73
4,4,10,4,2,0.0032639503479003906,0.00011515617370605469,Y,82
4,4,10,4,2,0.003256082534790039,0.00011706352233886719,Y,79
4,4,10,4,2,0.0033347606658935547,0.00011992454528808594,Y,80
4,4,10,4,2,0.0034360885620117188,0.0001270771026611328,Y,76
4,4,20,5,3,0.013293981552124023,0.0009911060333251953,Y,153
4,4,20,5,3,0.011373758316040039,0.0009262561798095703,Y,149
4,4,20,5,3,0.012130022048950195,0.0008993148803710938,Y,145
4,4,20,5,3,0.013412952423095703,0.0011780261993408203,Y,153
4,4,20,5,3,0.011836528778076172,0.0010640621185302734,Y,144
4,4,20,5,3,0.011443614959716797,0.0007989406585693359,Y,149
4,4,20,5,3,0.010052204132080078,0.0006690025329589844,Y,159
4,4,20,5,3,0.0110931396484375,0.0008499622344970703,Y,155
4,4,20,5,3,0.011844873428344727,0.0009400844573974609,Y,147
4,4,20,5,3,0.011089086532592773,0.0009007453918457031,Y,155
4,4,20,5,3,0.010948419570922852,0.0008461475372314453,Y,149
4,4,20,5,3,0.011843442916870117,0.0009450912475585938,Y,145
4,4,20,5,3,0.010959148406982422,0.0008053779602050781,Y,153
4,4,20,5,3,0.010637044906616211,0.0008900165557861328,Y,158
4,4,20,5,3,0.011525869369506836,0.0008652210235595703,Y,155
4,4,20,5,3,0.011623382568359375,0.0008151531219482422,Y,157
4,4,20,5,3,0.010808944702148438,0.0009891986846923828,Y,153
4,4,20,5,3,0.01069498062133789,0.0006532669067382812,Y,154
4,4,20,5,3,0.011395454406738281,0.0007770061492919922,Y,167
4,4,20,5,3,0.010378837585449219,0.0006697177886962891,Y,160
4,4,30,6,3,0.024068355560302734,0.001718282699584961,Y,239
4,4,30,6,3,0.026322126388549805,0.0017850399017333984,Y,240
4,4,30,6,3,0.026042938232421875,0.0023822784423828125,Y,244
4,4,30,6,3,0.02577805519104004,0.0018184185028076172,Y,240
4,4,30,6,3,0.023662805557250977,0.001741170883178711,Y,239
4,4,30,6,3,0.02483081817626953,0.0015082359313964844,Y,245
4,4,30,6,3,0.028550148010253906,0.0026085376739501953,Y,244
4,4,30,6,3,0.025762081146240234,0.0013604164123535156,Y,239
4,4,30,6,3,0.02387213706970215,0.0015041828155517578,Y,240
4,4,30,6,3,0.025523900985717773,0.0014812946319580078,Y,241
4,4,30,6,3,0.02558422088623047,0.0016629695892333984,Y,239
4,4,30,6,3,0.02598881721496582,0.0018017292022705078,Y,241
4,4,30,6,3,0.024309873580932617,0.0011684894561767578,Y,237
4,4,30,6,3,0.02481222152709961,0.0017769336700439453,Y,252
4,4,30,6,3,0.027158260345458984,0.0013492107391357422,Y,256
4,4,30,6,3,0.02765512466430664,0.001363992691040039,Y,249
4,4,30,6,3,0.023334503173828125,0.0015459060668945312,Y,246
4,4,30,6,3,0.024281978607177734,0.0014960765838623047,Y,241
4,4,30,6,3,0.024799108505249023,0.001287698745727539,Y,252
4,4,30,6,3,0.024434804916381836,0.0016257762908935547,Y,236
4,4,40,7,4,0.044655799865722656,0.005006074905395508,Y,330
4,4,40,7,4,0.04935407638549805,0.004433155059814453,Y,320
4,4,40,7,4,0.0496823787689209,0.005082368850708008,Y,315
4,4,40,7,4,0.04556894302368164,0.005730867385864258,Y,323
4,4,40,7,4,0.04415321350097656,0.0036139488220214844,Y,321
4,4,40,7,4,0.04384016990661621,0.002653837203979492,Y,312
4,4,40,7,4,0.044208526611328125,0.0033898353576660156,Y,318
4,4,40,7,4,0.048158884048461914,0.005647182464599609,Y,311
4,4,40,7,4,0.043094635009765625,0.0028781890869140625,Y,324
4,4,40,7,4,0.04922318458557129,0.003756999969482422,Y,314
4,4,40,7,4,0.043193817138671875,0.003943204879760742,Y,312
4,4,40,7,4,0.04683184623718262,0.004807233810424805,Y,329
4,4,40,7,4,0.0503849983215332,0.003795623779296875,Y,310
4,4,40,7,4,0.04728221893310547,0.005345821380615234,Y,320
4,4,40,7,4,0.04658007621765137,0.0031309127807617188,Y,309
4,4,40,7,4,0.046282052993774414,0.004849433898925781,Y,329
4,4,40,7,4,0.0439448356628418,0.0027518272399902344,Y,325
4,4,40,7,4,0.045140743255615234,0.00409388542175293,Y,331
4,4,40,7,4,0.04745674133300781,0.004667520523071289,Y,323
4,4,40,7,4,0.045786142349243164,0.0048482418060302734,Y,322
4,4,50,8,4,0.07629275321960449,0.00657963752746582,Y,411
4,4,50,8,4,0.07823896408081055,0.0062792301177978516,Y,408
4,4,50,8,4,0.07561898231506348,0.006663799285888672,Y,416
4,4,50,8,4,0.07196784019470215,0.007513284683227539,Y,395
4,4,50,8,4,0.07623577117919922,0.005198955535888672,Y,405
4,4,50,8,4,0.07193112373352051,0.006616830825805664,Y,420
4,4,50,8,4,0.07816505432128906,0.007671833038330078,Y,404
4,4,50,8,4,0.08033108711242676,0.005899190902709961,Y,392
4,4,50,8,4,0.0771939754486084,0.006552219390869141,Y,405
4,4,50,8,4,0.07195591926574707,0.007203578948974609,Y,416
4,4,50,8,4,0.07286882400512695,0.0062258243560791016,Y,411
4,4,50,8,4,0.07004284858703613,0.0070953369140625,Y,402
4,4,50,8,4,0.07265686988830566,0.008706092834472656,Y,387
4,4,50,8,4,0.07367801666259766,0.007745265960693359,Y,403
4,4,50,8,4,0.07099699974060059,0.008020639419555664,Y,402
4,4,50,8,4,0.07564377784729004,0.008242607116699219,Y,404
4,4,50,8,4,0.07490801811218262,0.009922504425048828,Y,415
4,4,50,8,4,0.0742340087890625,0.006621122360229492,Y,410
4,4,50,8,4,0.0749208927154541,0.005342006683349609,Y,412
4,4,50,8,4,0.07679104804992676,0.007218122482299805,Y,414
4,4,60,8,4,0.10767436027526855,0.015799999237060547,Y,473
4,4,60,8,4,0.10435700416564941,0.015619277954101562,Y,470
4,4,60,8,4,0.10921192169189453,0.010691165924072266,Y,471
4,4,60,8,4,0.11153602600097656,0.01576709747314453,Y,473
4,4,60,8,4,0.10688471794128418,0.014700651168823242,Y,466
4,4,60,8,4,0.10632681846618652,0.011343955993652344,Y,457
4,4,60,8,4,0.10958313941955566,0.012115716934204102,Y,473
4,4,60,8,4,0.10941267013549805,0.010520696640014648,Y,464
4,4,60,8,4,0.10669755935668945,0.013805150985717773,Y,468
4,4,60,8,4,0.10899209976196289,0.013819217681884766,Y,466
4,4,60,8,4,0.10535645484924316,0.00921773910522461,Y,470
4,4,60,8,4,0.11056399345397949,0.010859012603759766,Y,469
4,4,60,8,4,0.10706400871276855,0.010367870330810547,Y,454
4,4,60,8,4,0.10388493537902832,0.01316523551940918,Y,466
4,4,60,8,4,0.10827422142028809,0.014672994613647461,Y,469
4,4,60,8,4,0.10676980018615723,0.011147260665893555,Y,465
4,4,60,8,4,0.1042780876159668,0.011230230331420898,Y,466
4,4,60,8,4,0.10495996475219727,0.01133418083190918,Y,459
4,4,60,8,4,0.10550785064697266,0.014612674713134766,Y,463
4,4,60,8,4,0.10718035697937012,0.008916854858398438,Y,461
4,4,70,9,5,0.1920483112335205,0.061942100524902344,Y,525
4,4,70,9,5,0.18689894676208496,0.02965402603149414,Y,521
4,4,70,9,5,0.20316600799560547,0.041635990142822266,Y,527
4,4,70,9,5,0.2077019214630127,0.06763315200805664,Y,536
4,4,70,9,5,0.19585585594177246,0.044052839279174805,Y,522
4,4,70,9,5,0.19121098518371582,0.04379415512084961,Y,530
4,4,70,9,5,0.1927800178527832,0.04526519775390625,Y,533
4,4,70,9,5,0.19294524192810059,0.036285400390625,Y,526
4,4,70,9,5,0.19229888916015625,0.07073235511779785,Y,522
4,4,70,9,5,0.193861722946167,0.04210209846496582,Y,523
4,4,70,9,5,0.19435787200927734,0.0397946834564209,Y,526
4,4,70,9,5,0.2127518653869629,0.03310227394104004,Y,521
4,4,70,9,5,0.1944410800933838,0.045665740966796875,Y,528
4,4,70,9,5,0.20548248291015625,0.06398200988769531,Y,536
4,4,70,9,5,0.199815034866333,0.03553581237792969,Y,526
4,4,70,9,5,0.20938849449157715,0.04284191131591797,Y,536
4,4,70,9,5,0.18943166732788086,0.03495359420776367,Y,535
4,4,70,9,5,0.19304680824279785,0.06525373458862305,Y,525
4,4,70,9,5,0.20243287086486816,0.08448266983032227,Y,520
4,4,70,9,5,0.20539140701293945,0.03701972961425781,Y,533
4,4,80,9,5,0.2564830780029297,0.08685779571533203,Y,569
4,4,80,9,5,0.25429606437683105,0.09441924095153809,Y,573
4,4,80,9,5,0.2697873115539551,0.09634017944335938,Y,580
4,4,80,9,5,0.25831031799316406,0.15356874465942383,Y,587
4,4,80,9,5,0.25774073600769043,0.0654137134552002,Y,585
4,4,80,9,5,0.2607710361480713,0.10239696502685547,Y,587
4,4,80,9,5,0.2628014087677002,0.10314440727233887,Y,589
4,4,80,9,5,0.24987125396728516,0.11512613296508789,Y,580
4,4,80,9,5,0.25350117683410645,0.08844804763793945,Y,575
4,4,80,9,5,0.26473140716552734,0.10240960121154785,Y,570
4,4,80,9,5,0.2568066120147705,0.04709625244140625,Y,583
4,4,80,9,5,0.2542858123779297,0.08141565322875977,Y,574
4,4,80,9,5,0.26043200492858887,0.04803800582885742,Y,574
4,4,80,9,5,0.2575709819793701,0.0965118408203125,Y,589
4,4,80,9,5,0.25821852684020996,0.07796001434326172,Y,597
4,4,80,9,5,0.25380468368530273,0.07189726829528809,Y,577
4,4,80,9,5,0.25923800468444824,0.09651684761047363,Y,579
4,4,80,9,5,0.26056814193725586,0.09713983535766602,Y,583
4,4,80,9,5,0.25016283988952637,0.052724599838256836,Y,584
4,4,80,9,5,0.2570221424102783,0.05831408500671387,Y,576
4,4,90,10,5,0.3278462886810303,0.07422018051147461,Y,658
4,4,90,10,5,0.33043336868286133,0.21152997016906738,Y,654
4,4,90,10,5,0.34535837173461914,0.187913179397583,Y,650
4,4,90,10,5,0.3228132724761963,0.08420491218566895,Y,651
4,4,90,10,5,0.3293309211730957,0.10251522064208984,Y,656
4,4,90,10,5,0.31626439094543457,0.1103513240814209,Y,653
4,4,90,10,5,0.32486867904663086,0.21361875534057617,Y,637
4,4,90,10,5,0.31874680519104004,0.09223103523254395,Y,644
4,4,90,10,5,0.31928014755249023,0.07449054718017578,Y,647
4,4,90,10,5,0.32793259620666504,0.12019610404968262,Y,641
4,4,90,10,5,0.3192312717437744,0.13148784637451172,Y,638
4,4,90,10,5,0.33144712448120117,0.20336318016052246,Y,655
4,4,90,10,5,0.3388490676879883,0.15633797645568848,Y,634
4,4,90,10,5,0.3221766948699951,0.11009979248046875,Y,653
4,4,90,10,5,0.3194262981414795,0.14733219146728516,Y,639
4,4,90,10,5,0.34378838539123535,0.11715173721313477,Y,645
4,4,90,10,5,0.31905221939086914,0.11295104026794434,Y,656
4,4,90,10,5,0.3076045513153076,0.10782551765441895,Y,657
4,4,90,10,5,0.31939220428466797,0.12880516052246094,Y,633
4,4,90,10,5,0.31521105766296387,0.11162018775939941,Y,642
4,4,100,10,5,0.41269898414611816,0.13102078437805176,Y,702
4,4,100,10,5,0.41137218475341797,0.255845308303833,Y,713
4,4,100,10,5,0.4179379940032959,0.149003267288208,Y,707
4,4,100,10,5,0.4104793071746826,0.1982741355895996,Y,702
4,4,100,10,5,0.41283416748046875,0.15532827377319336,Y,701
4,4,100,10,5,0.4033651351928711,0.15983104705810547,Y,692
4,4,100,10,5,0.40464305877685547,0.11238360404968262,Y,691
4,4,100,10,5,0.41203880310058594,0.17310619354248047,Y,698
4,4,100,10,5,0.4164276123046875,0.14716672897338867,Y,701
4,4,100,10,5,0.4035496711730957,0.10520696640014648,Y,704
4,4,100,10,5,0.41107726097106934,0.13685369491577148,Y,698
4,4,100,10,5,0.420025110244751,0.28972315788269043,Y,704
4,4,100,10,5,0.40845441818237305,0.14484405517578125,Y,689
4,4,100,10,5,0.4158921241760254,0.19709086418151855,Y,700
4,4,100,10,5,0.406543493270874,0.14411497116088867,Y,706
4,4,100,10,5,0.4192183017730713,0.22963213920593262,Y,697
4,4,100,10,5,0.408832311630249,0.1299741268157959,Y,693
4,4,100,10,5,0.4162108898162842,0.19324588775634766,Y,701
4,4,100,10,5,0.40356874465942383,0.24713373184204102,Y,685
4,4,100,10,5,0.41486525535583496,0.2211151123046875,Y,689
4,4,200,15,8,1.8443396091461182,7.469675779342651,Y,1277
4,4,200,15,8,1.8573989868164062,7.717879772186279,Y,1270
4,4,200,15,8,1.8031635284423828,8.097936868667603,Y,1269
4,4,200,15,8,1.8401646614074707,7.831051349639893,Y,1274
4,4,200,15,8,1.8293778896331787,7.7657790184021,Y,1272
4,4,200,15,8,1.8434088230133057,6.665106296539307,Y,1283
4,4,200,15,8,1.8015532493591309,7.564701318740845,Y,1275
4,4,200,15,8,1.843095064163208,7.3572492599487305,Y,1284
4,4,200,15,8,1.8354551792144775,7.125790119171143,Y,1278
4,4,200,15,8,1.8448610305786133,7.493868112564087,Y,1266
4,4,200,15,8,1.8214101791381836,7.229893207550049,Y,1288
4,4,200,15,8,1.8115601539611816,7.94201397895813,Y,1266
4,4,200,15,8,1.8339378833770752,6.596045255661011,Y,1263
4,4,200,15,8,1.815701961517334,6.3253443241119385,Y,1286
4,4,200,15,8,1.7894113063812256,7.4153220653533936,Y,1270
4,4,200,15,8,1.8024122714996338,7.043529987335205,Y,1277
4,4,200,15,8,1.8504631519317627,7.250401973724365,Y,1272
4,4,200,15,8,1.8291807174682617,7.476203680038452,Y,1272
4,4,200,15,8,1.8362181186676025,8.063999652862549,Y,1281
4,4,200,15,8,1.8069746494293213,6.820279836654663,Y,1274
4,4,300,18,9,4.144093990325928,49.114015102386475,Y,1631
4,4,300,18,9,4.1075592041015625,52.024245262145996,Y,1620
4,4,300,18,9,4.110206127166748,55.97167110443115,Y,1623
4,4,300,18,9,4.164457082748413,47.93490695953369,Y,1628
4,4,300,18,9,4.15033221244812,46.69970893859863,Y,1627
4,4,300,18,9,4.170921325683594,45.80236506462097,Y,1634
4,4,300,18,9,4.15355658531189,56.42485690116882,Y,1626
4,4,300,18,9,4.142315149307251,46.935603857040405,Y,1634
4,4,300,18,9,4.085828065872192,49.42324233055115,Y,1623
4,4,300,18,9,4.1245152950286865,50.51051998138428,Y,1628
4,4,300,18,9,4.102792501449585,46.496740102767944,Y,1638
4,4,300,18,9,4.1667914390563965,49.20763969421387,Y,1634
4,4,300,18,9,4.115299940109253,49.05405902862549,Y,1637
4,4,300,18,9,4.104051828384399,47.061341285705566,Y,1624
4,4,300,18,9,4.143691778182983,45.13649320602417,Y,1632
4,4,300,18,9,4.08490514755249,59.354774475097656,Y,1630
4,4,300,18,9,4.129220008850098,41.45326495170593,Y,1633
4,4,300,18,9,4.129587888717651,46.6259491443634,Y,1626
4,4,300,18,9,4.104636907577515,45.66360354423523,Y,1630
4,4,300,18,9,4.1449666023254395,45.534812211990356,Y,1626
