c,d,n,k,r,gen_time,solve_time,valid,sel_len
2,3,100,10,5,0.09684300422668457,16.06252908706665,Y,279
2,3,100,10,5,0.06605982780456543,0.5640208721160889,Y,279
2,3,100,10,5,0.06180119514465332,0.0005869865417480469,Y,279
2,3,100,10,5,0.06278514862060547,0.0003006458282470703,Y,279
2,3,100,10,5,0.07087588310241699,18.464188814163208,Y,278
2,3,100,10,5,0.07814407348632812,0.6583900451660156,Y,278
2,3,100,10,5,0.07128214836120605,0.0005853176116943359,Y,278
2,3,100,10,5,0.06724095344543457,0.00021791458129882812,Y,278
2,3,100,10,5,0.07196307182312012,17.58579397201538,Y,277
2,3,100,10,5,0.07888913154602051,0.42624592781066895,Y,277
2,3,100,10,5,0.07344484329223633,0.001233816146850586,Y,277
2,3,100,10,5,0.07298493385314941,0.0003199577331542969,Y,277
2,3,100,10,5,0.07110309600830078,19.000337839126587,Y,279
2,3,100,10,5,0.07198500633239746,0.4462110996246338,Y,279
2,3,100,10,5,0.07247686386108398,0.00026297569274902344,Y,279
2,3,100,10,5,0.06603598594665527,0.00011920928955078125,Y,279
2,3,100,10,5,0.07481169700622559,13.771008968353271,Y,280
2,3,100,10,5,0.07155990600585938,0.4530067443847656,Y,280
2,3,100,10,5,0.07617378234863281,0.0007579326629638672,Y,280
2,3,100,10,5,0.06466889381408691,0.0002880096435546875,Y,280
2,3,100,10,5,0.07354903221130371,19.035475969314575,Y,279
2,3,100,10,5,0.08215689659118652,0.47477078437805176,Y,279
2,3,100,10,5,0.07021212577819824,0.0006108283996582031,Y,279
2,3,100,10,5,0.0718073844909668,0.000324249267578125,Y,279
2,3,100,10,5,0.07230329513549805,17.275604963302612,Y,280
2,3,100,10,5,0.07269978523254395,0.4259982109069824,Y,280
2,3,100,10,5,0.07965326309204102,0.0002696514129638672,Y,280
2,3,100,10,5,0.0662527084350586,0.00012683868408203125,Y,280
2,3,100,10,5,0.07535195350646973,18.46431803703308,Y,274
2,3,100,10,5,0.07392168045043945,0.3849961757659912,Y,274
2,3,100,10,5,0.0725862979888916,0.000247955322265625,Y,274
2,3,100,10,5,0.07255196571350098,0.00010704994201660156,Y,274
2,3,100,10,5,0.07479286193847656,17.33279514312744,Y,280
2,3,100,10,5,0.0823516845703125,0.4494609832763672,Y,280
2,3,100,10,5,0.07430815696716309,0.0013730525970458984,Y,280
2,3,100,10,5,0.06847596168518066,0.0003829002380371094,Y,280
2,3,100,10,5,0.07874417304992676,8.92801308631897,Y,276
2,3,100,10,5,0.08132505416870117,0.41560792922973633,Y,276
2,3,100,10,5,0.07842898368835449,0.001252889633178711,Y,276
2,3,100,10,5,0.0741269588470459,0.0003120899200439453,Y,276
2,3,100,10,5,0.07989287376403809,18.225703239440918,Y,278
2,3,100,10,5,0.07430195808410645,0.49226808547973633,Y,278
2,3,100,10,5,0.07871890068054199,0.0014138221740722656,Y,278
2,3,100,10,5,0.07400274276733398,0.00036787986755371094,Y,278
2,3,100,10,5,0.0700840950012207,19.937382221221924,Y,279
2,3,100,10,5,0.07133221626281738,0.44683313369750977,Y,279
2,3,100,10,5,0.07741403579711914,0.0009469985961914062,Y,279
2,3,100,10,5,0.06789708137512207,0.0003159046173095703,Y,279
2,3,100,10,5,0.07580804824829102,19.522684335708618,Y,279
2,3,100,10,5,0.0782473087310791,0.4352860450744629,Y,279
2,3,100,10,5,0.0744330883026123,0.0012660026550292969,Y,279
2,3,100,10,5,0.07109594345092773,0.00041484832763671875,Y,279
2,3,100,10,5,0.0763390064239502,16.344039916992188,Y,279
2,3,100,10,5,0.07446122169494629,0.38425588607788086,Y,279
2,3,100,10,5,0.0725698471069336,0.0012710094451904297,Y,279
2,3,100,10,5,0.06761336326599121,0.0003268718719482422,Y,279
2,3,100,10,5,0.07325911521911621,17.826388359069824,Y,280
2,3,100,10,5,0.07368993759155273,0.5168249607086182,Y,280
2,3,100,10,5,0.06936907768249512,0.0010268688201904297,Y,280
2,3,100,10,5,0.0727548599243164,0.0003027915954589844,Y,280
2,3,100,10,5,0.07413506507873535,19.629706144332886,Y,278
2,3,100,10,5,0.07451677322387695,0.43170595169067383,Y,278
2,3,100,10,5,0.07965707778930664,0.000698089599609375,Y,278
2,3,100,10,5,0.07098007202148438,0.00034499168395996094,Y,278
2,3,100,10,5,0.07946586608886719,17.300374031066895,Y,277
2,3,100,10,5,0.08273506164550781,0.47510576248168945,Y,277
2,3,100,10,5,0.07869505882263184,0.0012981891632080078,Y,277
2,3,100,10,5,0.06360697746276855,0.0002899169921875,Y,277
2,3,100,10,5,0.07506513595581055,20.59191131591797,Y,280
2,3,100,10,5,0.08057999610900879,0.4507730007171631,Y,280
2,3,100,10,5,0.07477498054504395,0.0016341209411621094,Y,280
2,3,100,10,5,0.07064104080200195,0.0003039836883544922,Y,280
2,3,100,10,5,0.077301025390625,19.748223781585693,Y,277
2,3,100,10,5,0.07720303535461426,0.45241403579711914,Y,277
2,3,100,10,5,0.0767359733581543,0.0014889240264892578,Y,277
2,3,100,10,5,0.06733512878417969,0.0002951622009277344,Y,277
2,3,100,10,5,0.07307291030883789,6.965922832489014,Y,279
2,3,100,10,5,0.07342815399169922,0.42758989334106445,Y,279
2,3,100,10,5,0.07184219360351562,0.0002701282501220703,Y,279
2,3,100,10,5,0.07138895988464355,0.00013780593872070312,Y,279
2,3,100,10,5,0.0756070613861084,12.312679290771484,Y,279
2,3,100,10,5,0.07198715209960938,0.4303762912750244,Y,279
2,3,100,10,5,0.0699920654296875,0.0002560615539550781,Y,279
2,3,100,10,5,0.06893420219421387,0.00010800361633300781,Y,279
2,3,100,10,5,0.07254481315612793,13.295932054519653,Y,279
2,3,100,10,5,0.08145904541015625,0.44008302688598633,Y,279
2,3,100,10,5,0.07419180870056152,0.00026607513427734375,Y,279
2,3,100,10,5,0.06448912620544434,0.00013589859008789062,Y,279
2,3,100,10,5,0.07440567016601562,18.622776746749878,Y,278
2,3,100,10,5,0.07524466514587402,0.45069313049316406,Y,278
2,3,100,10,5,0.07512187957763672,0.0012280941009521484,Y,278
2,3,100,10,5,0.07274103164672852,0.0002732276916503906,Y,278
2,3,100,10,5,0.07034707069396973,18.391923189163208,Y,278
2,3,100,10,5,0.07948803901672363,0.4577300548553467,Y,278
2,3,100,10,5,0.07282519340515137,0.0008082389831542969,Y,278
2,3,100,10,5,0.06571483612060547,0.00032901763916015625,Y,278
2,3,100,10,5,0.07618093490600586,12.879863977432251,Y,275
2,3,100,10,5,0.07951998710632324,0.5408477783203125,Y,275
2,3,100,10,5,0.07133984565734863,0.001161813735961914,Y,275
2,3,100,10,5,0.0683751106262207,0.0002429485321044922,Y,275
2,3,100,10,5,0.07172918319702148,17.905556201934814,Y,279
2,3,100,10,5,0.07571983337402344,0.40558385848999023,Y,279
2,3,100,10,5,0.0729217529296875,0.0002830028533935547,Y,279
2,3,100,10,5,0.07530903816223145,0.0001418590545654297,Y,279
2,3,100,10,5,0.07276010513305664,20.448610067367554,Y,279
2,3,100,10,5,0.07391810417175293,0.4832148551940918,Y,279
2,3,100,10,5,0.06744098663330078,0.0011878013610839844,Y,279
2,3,100,10,5,0.0703427791595459,0.00044083595275878906,Y,279
2,3,100,10,5,0.07710599899291992,11.232375860214233,Y,277
2,3,100,10,5,0.07977175712585449,0.39540600776672363,Y,277
2,3,100,10,5,0.07711410522460938,0.0014109611511230469,Y,277
2,3,100,10,5,0.06363821029663086,0.0003046989440917969,Y,277
2,3,100,10,5,0.07105493545532227,18.7039692401886,Y,278
2,3,100,10,5,0.07751011848449707,0.3992149829864502,Y,278
2,3,100,10,5,0.07441592216491699,0.0016117095947265625,Y,278
2,3,100,10,5,0.0651700496673584,0.0004019737243652344,Y,278
2,3,100,10,5,0.07119011878967285,10.595017910003662,Y,279
2,3,100,10,5,0.0792839527130127,0.44686412811279297,Y,279
2,3,100,10,5,0.07200407981872559,0.00031495094299316406,Y,279
2,3,100,10,5,0.07277703285217285,0.00015783309936523438,Y,279
2,3,100,10,5,0.07849001884460449,17.096837043762207,Y,280
2,3,100,10,5,0.07459187507629395,0.5582101345062256,Y,280
2,3,100,10,5,0.0696868896484375,0.0011436939239501953,Y,280
2,3,100,10,5,0.07250714302062988,0.00028204917907714844,Y,280
2,3,100,10,5,0.06969881057739258,10.916805028915405,Y,277
2,3,100,10,5,0.07819914817810059,0.501676082611084,Y,277
2,3,100,10,5,0.07262086868286133,0.0012350082397460938,Y,277
2,3,100,10,5,0.06545591354370117,0.00031495094299316406,Y,277
2,3,100,10,5,0.07329416275024414,16.296921014785767,Y,280
2,3,100,10,5,0.07842183113098145,0.49106597900390625,Y,280
2,3,100,10,5,0.07695364952087402,0.0002613067626953125,Y,280
2,3,100,10,5,0.0646510124206543,0.00012612342834472656,Y,280
2,3,100,10,5,0.07363295555114746,16.64267873764038,Y,275
2,3,100,10,5,0.07362794876098633,0.5293688774108887,Y,275
2,3,100,10,5,0.07004404067993164,0.0013980865478515625,Y,275
2,3,100,10,5,0.06905817985534668,0.0002181529998779297,Y,275
2,3,100,10,5,0.07129812240600586,17.677847146987915,Y,278
2,3,100,10,5,0.07314515113830566,0.5341880321502686,Y,278
2,3,100,10,5,0.07154703140258789,0.0011630058288574219,Y,278
2,3,100,10,5,0.06708693504333496,0.00025010108947753906,Y,278
2,3,100,10,5,0.07404899597167969,19.331803798675537,Y,279
2,3,100,10,5,0.07761096954345703,0.49428606033325195,Y,279
2,3,100,10,5,0.0691380500793457,0.0008959770202636719,Y,279
2,3,100,10,5,0.0657951831817627,0.00037407875061035156,Y,279
2,3,100,10,5,0.0710446834564209,12.483094930648804,Y,277
2,3,100,10,5,0.06937503814697266,0.4481930732727051,Y,277
2,3,100,10,5,0.06832194328308105,0.0005979537963867188,Y,277
2,3,100,10,5,0.0750117301940918,0.0003268718719482422,Y,277
2,3,100,10,5,0.09751486778259277,16.91184091567993,Y,278
2,3,100,10,5,0.07098007202148438,0.43250012397766113,Y,278
2,3,100,10,5,0.06568503379821777,0.00022983551025390625,Y,278
2,3,100,10,5,0.06904101371765137,0.00012803077697753906,Y,278
2,3,100,10,5,0.0698239803314209,17.14518904685974,Y,279
2,3,100,10,5,0.07883501052856445,0.34772515296936035,Y,279
2,3,100,10,5,0.0713353157043457,0.0002598762512207031,Y,279
2,3,100,10,5,0.07157588005065918,0.000125885009765625,Y,279
2,3,100,10,5,0.07393407821655273,8.732875108718872,Y,279
2,3,100,10,5,0.06940388679504395,0.43996381759643555,Y,279
2,3,100,10,5,0.07105898857116699,0.0007450580596923828,Y,279
2,3,100,10,5,0.0643000602722168,0.00032591819763183594,Y,279
2,3,100,10,5,0.08069586753845215,10.556772708892822,Y,278
2,3,100,10,5,0.07717108726501465,0.37631821632385254,Y,278
2,3,100,10,5,0.07350921630859375,0.0012671947479248047,Y,278
2,3,100,10,5,0.06909012794494629,0.00025391578674316406,Y,278
2,3,100,10,5,0.07386612892150879,16.2990939617157,Y,278
2,3,100,10,5,0.0734858512878418,0.37343716621398926,Y,278
2,3,100,10,5,0.0760200023651123,0.0011239051818847656,Y,278
2,3,100,10,5,0.07226991653442383,0.00031375885009765625,Y,278
2,3,100,10,5,0.06793093681335449,7.4174699783325195,Y,276
2,3,100,10,5,0.07439684867858887,0.33588314056396484,Y,276
2,3,100,10,5,0.06852293014526367,0.0002377033233642578,Y,276
2,3,100,10,5,0.07105302810668945,0.00013184547424316406,Y,276
2,3,100,10,5,0.07144689559936523,12.624996185302734,Y,279
2,3,100,10,5,0.07865118980407715,0.45865416526794434,Y,279
2,3,100,10,5,0.07858991622924805,0.0010721683502197266,Y,279
2,3,100,10,5,0.07408571243286133,0.00025272369384765625,Y,279
2,3,100,10,5,0.07135677337646484,11.329334735870361,Y,279
2,3,100,10,5,0.0838630199432373,0.4867730140686035,Y,279
2,3,100,10,5,0.08077192306518555,0.0014929771423339844,Y,279
2,3,100,10,5,0.07700705528259277,0.00044083595275878906,Y,279
2,3,100,10,5,0.08628201484680176,11.040782928466797,Y,278
2,3,100,10,5,0.08276915550231934,0.48302698135375977,Y,278
2,3,100,10,5,0.08188438415527344,0.00038909912109375,Y,278
2,3,100,10,5,0.07903909683227539,0.0001537799835205078,Y,278
2,3,100,10,5,0.08472299575805664,19.44018292427063,Y,277
2,3,100,10,5,0.09095191955566406,0.5611019134521484,Y,277
2,3,100,10,5,0.08922600746154785,0.0008909702301025391,Y,277
2,3,100,10,5,0.07903480529785156,0.0003941059112548828,Y,277
2,3,100,10,5,0.09775495529174805,9.687530040740967,Y,278
2,3,100,10,5,0.06992578506469727,0.44147801399230957,Y,278
2,3,100,10,5,0.06852412223815918,0.0013511180877685547,Y,278
2,3,100,10,5,0.0711510181427002,0.0003228187561035156,Y,278
2,3,100,10,5,0.07458019256591797,8.416689157485962,Y,280
2,3,100,10,5,0.07039594650268555,0.39388322830200195,Y,280
2,3,100,10,5,0.07138371467590332,0.0002529621124267578,Y,280
2,3,100,10,5,0.07194399833679199,0.0001308917999267578,Y,280
2,3,100,10,5,0.07550907135009766,14.530565023422241,Y,276
2,3,100,10,5,0.0777730941772461,0.4586977958679199,Y,276
2,3,100,10,5,0.0725100040435791,0.001560211181640625,Y,276
2,3,100,10,5,0.06873965263366699,0.0004420280456542969,Y,276
2,3,100,10,5,0.08241677284240723,8.55544400215149,Y,279
2,3,100,10,5,0.07911515235900879,0.42392587661743164,Y,279
2,3,100,10,5,0.0734710693359375,0.000993967056274414,Y,279
2,3,100,10,5,0.06517195701599121,0.0003170967102050781,Y,279
2,3,100,10,5,0.07640790939331055,5.9989659786224365,Y,280
2,3,100,10,5,0.07230615615844727,0.44919705390930176,Y,280
2,3,100,10,5,0.07530593872070312,0.00026297569274902344,Y,280
2,3,100,10,5,0.07178115844726562,0.0001277923583984375,Y,280
2,3,100,10,5,0.06753993034362793,16.981433153152466,Y,279
2,3,100,10,5,0.07337307929992676,0.5852248668670654,Y,279
2,3,100,10,5,0.07663321495056152,0.0006196498870849609,Y,279
2,3,100,10,5,0.06397509574890137,0.0002701282501220703,Y,279
2,3,100,10,5,0.06989693641662598,11.027516841888428,Y,279
2,3,100,10,5,0.0727989673614502,0.37943220138549805,Y,279
2,3,100,10,5,0.06884598731994629,0.0002429485321044922,Y,279
2,3,100,10,5,0.06793069839477539,0.0001232624053955078,Y,279
2,3,100,10,5,0.07396888732910156,10.780694007873535,Y,279
2,3,100,10,5,0.07371377944946289,0.375946044921875,Y,279
2,3,100,10,5,0.07269501686096191,0.00027370452880859375,Y,279
2,3,100,10,5,0.07219409942626953,0.00014495849609375,Y,279
2,3,100,10,5,0.0696249008178711,14.872849941253662,Y,278
2,3,100,10,5,0.06928610801696777,0.5303301811218262,Y,278
2,3,100,10,5,0.07198786735534668,0.001085042953491211,Y,278
2,3,100,10,5,0.06533503532409668,0.00034809112548828125,Y,278
2,3,100,10,5,0.07084393501281738,13.965581893920898,Y,277
2,3,100,10,5,0.07418107986450195,0.4401590824127197,Y,277
2,3,100,10,5,0.06829619407653809,0.0004532337188720703,Y,277
2,3,100,10,5,0.06949019432067871,0.00024127960205078125,Y,277
2,3,100,10,5,0.07523512840270996,17.537782669067383,Y,278
2,3,100,10,5,0.0720529556274414,0.4173719882965088,Y,278
2,3,100,10,5,0.07507205009460449,0.0002589225769042969,Y,278
2,3,100,10,5,0.07122802734375,0.0001399517059326172,Y,278
2,3,100,10,5,0.07876992225646973,18.147258758544922,Y,280
2,3,100,10,5,0.07086396217346191,0.41861510276794434,Y,280
2,3,100,10,5,0.07150006294250488,0.001026153564453125,Y,280
2,3,100,10,5,0.06812214851379395,0.0002930164337158203,Y,280
2,3,100,10,5,0.07440876960754395,19.62398099899292,Y,279
2,3,100,10,5,0.07675909996032715,0.4260830879211426,Y,279
2,3,100,10,5,0.07094907760620117,0.0011899471282958984,Y,279
2,3,100,10,5,0.0730428695678711,0.00031375885009765625,Y,279
2,3,100,10,5,0.07422208786010742,7.409013032913208,Y,279
2,3,100,10,5,0.07579398155212402,0.3703017234802246,Y,279
2,3,100,10,5,0.06904196739196777,0.00022673606872558594,Y,279
2,3,100,10,5,0.06937527656555176,0.00012683868408203125,Y,279
2,3,100,10,5,0.07051992416381836,9.72449779510498,Y,280
2,3,100,10,5,0.07594871520996094,0.28508996963500977,Y,280
2,3,100,10,5,0.06689119338989258,0.0002589225769042969,Y,280
2,3,100,10,5,0.07126975059509277,0.00014162063598632812,Y,280
2,3,100,10,5,0.07517695426940918,18.86308789253235,Y,278
2,3,100,10,5,0.07296991348266602,0.4743368625640869,Y,278
2,3,100,10,5,0.07565593719482422,0.0005917549133300781,Y,278
2,3,100,10,5,0.0654439926147461,0.00026297569274902344,Y,278
2,3,100,10,5,0.07370710372924805,12.633968830108643,Y,280
2,3,100,10,5,0.07343292236328125,0.4035210609436035,Y,280
2,3,100,10,5,0.06767416000366211,0.0010991096496582031,Y,280
2,3,100,10,5,0.06759905815124512,0.0003628730773925781,Y,280
2,3,100,10,5,0.0735011100769043,11.528391122817993,Y,279
2,3,100,10,5,0.0746009349822998,0.5689589977264404,Y,279
2,3,100,10,5,0.07162904739379883,0.0013918876647949219,Y,279
2,3,100,10,5,0.07184410095214844,0.00027680397033691406,Y,279
2,3,100,10,5,0.07759308815002441,14.205465078353882,Y,279
2,3,100,10,5,0.0751192569732666,0.4520680904388428,Y,279
2,3,100,10,5,0.06849312782287598,0.000247955322265625,Y,279
2,3,100,10,5,0.07232093811035156,0.00014400482177734375,Y,279
2,3,100,10,5,0.07686495780944824,17.976304054260254,Y,279
2,3,100,10,5,0.07766389846801758,0.43590307235717773,Y,279
2,3,100,10,5,0.07533502578735352,0.001077890396118164,Y,279
2,3,100,10,5,0.062042951583862305,0.00040078163146972656,Y,279
2,3,100,10,5,0.07256293296813965,9.699847936630249,Y,280
2,3,100,10,5,0.0787050724029541,0.4330596923828125,Y,280
2,3,100,10,5,0.0760030746459961,0.00025081634521484375,Y,280
2,3,100,10,5,0.06368184089660645,0.00012683868408203125,Y,280
2,3,100,10,5,0.07120203971862793,14.148300170898438,Y,278
2,3,100,10,5,0.07894468307495117,0.49727511405944824,Y,278
2,3,100,10,5,0.07536792755126953,0.0007491111755371094,Y,278
2,3,100,10,5,0.07177281379699707,0.0003230571746826172,Y,278
2,3,100,10,5,0.07557320594787598,10.275171041488647,Y,278
2,3,100,10,5,0.0781402587890625,0.3601830005645752,Y,278
2,3,100,10,5,0.06952619552612305,0.0012707710266113281,Y,278
2,3,100,10,5,0.0649118423461914,0.0002841949462890625,Y,278
2,3,100,10,5,0.07155394554138184,19.214940071105957,Y,279
2,3,100,10,5,0.07089686393737793,0.43131208419799805,Y,279
2,3,100,10,5,0.07317185401916504,0.0010480880737304688,Y,279
2,3,100,10,5,0.06538009643554688,0.0002510547637939453,Y,279
2,3,100,10,5,0.07456111907958984,18.185712814331055,Y,278
2,3,100,10,5,0.07748770713806152,0.4761500358581543,Y,278
2,3,100,10,5,0.07277894020080566,0.0012106895446777344,Y,278
2,3,100,10,5,0.07064485549926758,0.00031304359436035156,Y,278
2,3,100,10,5,0.06814217567443848,17.72304916381836,Y,276
2,3,100,10,5,0.07911324501037598,0.4530191421508789,Y,276
2,3,100,10,5,0.07289004325866699,0.0012023448944091797,Y,276
2,3,100,10,5,0.06489801406860352,0.0002989768981933594,Y,276
2,3,100,10,5,0.07343006134033203,17.36666202545166,Y,279
2,3,100,10,5,0.07613182067871094,0.4295530319213867,Y,279
2,3,100,10,5,0.07644510269165039,0.0013129711151123047,Y,279
2,3,100,10,5,0.07272481918334961,0.0003070831298828125,Y,279
2,3,100,10,5,0.0748131275177002,17.955657958984375,Y,277
2,3,100,10,5,0.07663679122924805,0.46297121047973633,Y,277
2,3,100,10,5,0.07844781875610352,0.0010058879852294922,Y,277
2,3,100,10,5,0.06250810623168945,0.00039696693420410156,Y,277
2,3,100,10,5,0.07237100601196289,18.15859603881836,Y,279
2,3,100,10,5,0.06866288185119629,0.3990471363067627,Y,279
2,3,100,10,5,0.07028579711914062,0.001348257064819336,Y,279
2,3,100,10,5,0.07181191444396973,0.0003292560577392578,Y,279
2,3,100,10,5,0.07842087745666504,18.205657243728638,Y,277
2,3,100,10,5,0.06977367401123047,0.4786670207977295,Y,277
2,3,100,10,5,0.0756978988647461,0.0002529621124267578,Y,277
2,3,100,10,5,0.065093994140625,0.00011420249938964844,Y,277
2,3,100,10,5,0.07062625885009766,16.80643892288208,Y,280
2,3,100,10,5,0.07698774337768555,0.4630088806152344,Y,280
2,3,100,10,5,0.0647881031036377,0.00024008750915527344,Y,280
2,3,100,10,5,0.07158803939819336,0.00013113021850585938,Y,280
2,3,100,10,5,0.07001686096191406,16.424825191497803,Y,279
2,3,100,10,5,0.07504677772521973,0.5523006916046143,Y,279
2,3,100,10,5,0.07586026191711426,0.0005919933319091797,Y,279
2,3,100,10,5,0.06817889213562012,0.00032210350036621094,Y,279
2,3,100,10,5,0.07564687728881836,16.73021411895752,Y,276
2,3,100,10,5,0.07849717140197754,0.4975099563598633,Y,276
2,3,100,10,5,0.06849288940429688,0.0009489059448242188,Y,276
2,3,100,10,5,0.06862521171569824,0.00028586387634277344,Y,276
2,3,100,10,5,0.07378911972045898,8.431204795837402,Y,279
2,3,100,10,5,0.07915186882019043,0.3839569091796875,Y,279
2,3,100,10,5,0.07611489295959473,0.0005817413330078125,Y,279
2,3,100,10,5,0.07204985618591309,0.0002758502960205078,Y,279
2,3,100,10,5,0.0714578628540039,16.80975890159607,Y,277
2,3,100,10,5,0.07204294204711914,0.41035008430480957,Y,277
2,3,100,10,5,0.06421709060668945,0.0011210441589355469,Y,277
2,3,100,10,5,0.07074093818664551,0.00030994415283203125,Y,277
2,3,100,10,5,0.07027316093444824,15.761714935302734,Y,279
2,3,100,10,5,0.07352495193481445,0.4095730781555176,Y,279
2,3,100,10,5,0.06910300254821777,0.0011508464813232422,Y,279
2,3,100,10,5,0.06730890274047852,0.0003540515899658203,Y,279
2,3,100,10,5,0.0700690746307373,15.882683277130127,Y,280
2,3,100,10,5,0.07166123390197754,0.5990860462188721,Y,280
2,3,100,10,5,0.06923389434814453,0.0005710124969482422,Y,280
2,3,100,10,5,0.06511807441711426,0.00022602081298828125,Y,280
2,3,100,10,5,0.07324528694152832,18.201968908309937,Y,279
2,3,100,10,5,0.07680201530456543,0.46196913719177246,Y,279
2,3,100,10,5,0.07591509819030762,0.0006020069122314453,Y,279
2,3,100,10,5,0.07225179672241211,0.0002739429473876953,Y,279
2,3,100,10,5,0.0764307975769043,16.395728826522827,Y,278
2,3,100,10,5,0.06787705421447754,0.3468780517578125,Y,278
2,3,100,10,5,0.07410717010498047,0.0013241767883300781,Y,278
2,3,100,10,5,0.07170724868774414,0.0003712177276611328,Y,278
2,3,100,10,5,0.07327103614807129,20.22388482093811,Y,279
2,3,100,10,5,0.07944488525390625,0.4636671543121338,Y,279
2,3,100,10,5,0.07520389556884766,0.001332998275756836,Y,279
2,3,100,10,5,0.07220196723937988,0.00033593177795410156,Y,279
2,3,100,10,5,0.06860804557800293,18.199135065078735,Y,280
2,3,100,10,5,0.07837390899658203,0.43408894538879395,Y,280
2,3,100,10,5,0.07319498062133789,0.0009300708770751953,Y,280
2,3,100,10,5,0.0657341480255127,0.0002989768981933594,Y,280
2,3,100,10,5,0.07641410827636719,19.203970193862915,Y,278
2,3,100,10,5,0.0734100341796875,0.38186097145080566,Y,278
2,3,100,10,5,0.06866884231567383,0.0013840198516845703,Y,278
2,3,100,10,5,0.06519603729248047,0.00028228759765625,Y,278
2,3,100,10,5,0.07465076446533203,11.69171404838562,Y,279
2,3,100,10,5,0.07550501823425293,0.5304162502288818,Y,279
2,3,100,10,5,0.0684208869934082,0.00023293495178222656,Y,279
2,3,100,10,5,0.06847786903381348,0.00014495849609375,Y,279
2,3,100,10,5,0.06979179382324219,11.108753204345703,Y,278
2,3,100,10,5,0.07870602607727051,0.3108820915222168,Y,278
2,3,100,10,5,0.07402610778808594,0.0002510547637939453,Y,278
2,3,100,10,5,0.07226705551147461,0.00014781951904296875,Y,278
2,3,100,10,5,0.07510781288146973,18.584066152572632,Y,280
2,3,100,10,5,0.07680797576904297,0.4514648914337158,Y,280
2,3,100,10,5,0.06945204734802246,0.0012440681457519531,Y,280
2,3,100,10,5,0.06716108322143555,0.00028014183044433594,Y,280
2,3,100,10,5,0.07519412040710449,9.70628309249878,Y,278
2,3,100,10,5,0.08129501342773438,0.3673708438873291,Y,278
2,3,100,10,5,0.07685422897338867,0.0013759136199951172,Y,278
2,3,100,10,5,0.06424093246459961,0.00033283233642578125,Y,278
2,3,100,10,5,0.07455611228942871,10.606780767440796,Y,280
2,3,100,10,5,0.07253718376159668,0.46279215812683105,Y,280
2,3,100,10,5,0.07721495628356934,0.000286102294921875,Y,280
2,3,100,10,5,0.07336902618408203,0.00014090538024902344,Y,280
2,3,100,10,5,0.06777095794677734,17.042968034744263,Y,277
2,3,100,10,5,0.07695174217224121,0.4220550060272217,Y,277
2,3,100,10,5,0.07669425010681152,0.0011792182922363281,Y,277
2,3,100,10,5,0.07279515266418457,0.0002868175506591797,Y,277
2,3,100,10,5,0.06967997550964355,15.786292791366577,Y,277
2,3,100,10,5,0.07497906684875488,0.4353659152984619,Y,277
2,3,100,10,5,0.06989121437072754,0.0008580684661865234,Y,277
2,3,100,10,5,0.07271194458007812,0.0003190040588378906,Y,277
2,3,100,10,5,0.0745687484741211,12.831179857254028,Y,278
2,3,100,10,5,0.07315301895141602,0.4050431251525879,Y,278
2,3,100,10,5,0.07686400413513184,0.0006070137023925781,Y,278
2,3,100,10,5,0.06468009948730469,0.00026488304138183594,Y,278
2,3,100,10,5,0.07576584815979004,16.369187116622925,Y,278
2,3,100,10,5,0.07930493354797363,0.412661075592041,Y,278
2,3,100,10,5,0.07074403762817383,0.0013360977172851562,Y,278
2,3,100,10,5,0.0728449821472168,0.00034999847412109375,Y,278
2,3,100,10,5,0.06925201416015625,14.488651037216187,Y,280
2,3,100,10,5,0.07707691192626953,0.4399302005767822,Y,280
2,3,100,10,5,0.06987166404724121,0.0010912418365478516,Y,280
2,3,100,10,5,0.0649871826171875,0.00029277801513671875,Y,280
2,3,100,10,5,0.07390904426574707,15.019006967544556,Y,279
2,3,100,10,5,0.0729987621307373,0.4643559455871582,Y,279
2,3,100,10,5,0.07626223564147949,0.0007028579711914062,Y,279
2,3,100,10,5,0.07203102111816406,0.00037288665771484375,Y,279
2,2,10,4,2,0.0008339881896972656,8.392333984375e-05,Y,30
2,2,10,4,2,0.0006759166717529297,1.5735626220703125e-05,Y,30
2,2,10,4,2,0.0005469322204589844,1.0967254638671875e-05,Y,30
2,2,10,4,2,0.0007457733154296875,7.772445678710938e-05,Y,26
2,2,10,4,2,0.0006091594696044922,1.5974044799804688e-05,Y,26
2,2,10,4,2,0.0005021095275878906,1.2159347534179688e-05,Y,26
2,2,10,4,2,0.0007612705230712891,8.511543273925781e-05,Y,29
2,2,10,4,2,0.0006721019744873047,1.71661376953125e-05,Y,29
2,2,10,4,2,0.0005388259887695312,1.2159347534179688e-05,Y,29
2,2,10,4,2,0.0007901191711425781,8.392333984375e-05,Y,27
2,2,10,4,2,0.0006861686706542969,1.811981201171875e-05,Y,27
2,2,10,4,2,0.0005519390106201172,1.1920928955078125e-05,Y,27
2,2,10,4,2,0.0008180141448974609,8.106231689453125e-05,Y,33
2,2,10,4,2,0.0006871223449707031,1.5974044799804688e-05,Y,33
2,2,10,4,2,0.0005638599395751953,1.1920928955078125e-05,Y,33
2,2,10,4,2,0.000782012939453125,8.487701416015625e-05,Y,31
2,2,10,4,2,0.000682830810546875,1.7881393432617188e-05,Y,31
2,2,10,4,2,0.0005559921264648438,1.3113021850585938e-05,Y,31
2,2,10,4,2,0.0007848739624023438,8.702278137207031e-05,Y,30
2,2,10,4,2,0.0006959438323974609,1.71661376953125e-05,Y,30
2,2,10,4,2,0.00055694580078125,1.2874603271484375e-05,Y,30
2,2,10,4,2,0.0008282661437988281,8.130073547363281e-05,Y,30
2,2,10,4,2,0.0006809234619140625,1.6927719116210938e-05,Y,30
2,2,10,4,2,0.0005609989166259766,1.1920928955078125e-05,Y,30
2,2,10,4,2,0.0007863044738769531,8.606910705566406e-05,Y,30
2,2,10,4,2,0.0006842613220214844,1.7881393432617188e-05,Y,30
2,2,10,4,2,0.0005648136138916016,1.3113021850585938e-05,Y,30
2,2,10,4,2,0.0008330345153808594,9.179115295410156e-05,Y,28
2,2,10,4,2,0.0006930828094482422,1.811981201171875e-05,Y,28
2,2,10,4,2,0.0005576610565185547,1.3113021850585938e-05,Y,28
2,2,20,5,3,0.0024831295013427734,0.0011110305786132812,Y,50
2,2,20,5,3,0.0024290084838867188,0.00041294097900390625,Y,50
2,2,20,5,3,0.0018661022186279297,2.09808349609375e-05,Y,50
2,2,20,5,3,0.00251007080078125,0.001148223876953125,Y,54
2,2,20,5,3,0.002684354782104492,0.00038123130798339844,Y,54
2,2,20,5,3,0.002045869827270508,2.5987625122070312e-05,Y,54
2,2,20,5,3,0.002599000930786133,0.0011038780212402344,Y,52
2,2,20,5,3,0.002733945846557617,0.00039386749267578125,Y,52
2,2,20,5,3,0.002090930938720703,2.4080276489257812e-05,Y,52
2,2,20,5,3,0.0027539730072021484,0.0010528564453125,Y,54
2,2,20,5,3,0.002483844757080078,0.0006468296051025391,Y,54
2,2,20,5,3,0.002541065216064453,5.1975250244140625e-05,Y,54
2,2,20,5,3,0.003304004669189453,0.0009238719940185547,Y,53
2,2,20,5,3,0.002391815185546875,0.0002281665802001953,Y,53
2,2,20,5,3,0.0019979476928710938,2.1219253540039062e-05,Y,53
2,2,20,5,3,0.002438068389892578,0.0009627342224121094,Y,50
2,2,20,5,3,0.002424955368041992,0.0003249645233154297,Y,50
2,2,20,5,3,0.001878976821899414,1.71661376953125e-05,Y,50
2,2,20,5,3,0.002557992935180664,0.0013911724090576172,Y,50
2,2,20,5,3,0.002480745315551758,0.00042319297790527344,Y,50
2,2,20,5,3,0.0018839836120605469,2.5033950805664062e-05,Y,50
2,2,20,5,3,0.0026121139526367188,0.001177072525024414,Y,50
2,2,20,5,3,0.002343893051147461,0.00035881996154785156,Y,50
2,2,20,5,3,0.0018219947814941406,2.002716064453125e-05,Y,50
2,2,20,5,3,0.0024199485778808594,0.00086212158203125,Y,54
2,2,20,5,3,0.002045869827270508,0.0002989768981933594,Y,54
2,2,20,5,3,0.0025169849395751953,2.3126602172851562e-05,Y,54
2,2,20,5,3,0.0027310848236083984,0.0008540153503417969,Y,53
2,2,20,5,3,0.0023260116577148438,0.00047016143798828125,Y,53
2,2,20,5,3,0.0022170543670654297,2.4080276489257812e-05,Y,53
2,2,30,6,3,0.005159139633178711,0.002841949462890625,Y,76
2,2,30,6,3,0.005039215087890625,0.0005128383636474609,Y,76
2,2,30,6,3,0.004076957702636719,2.6941299438476562e-05,Y,76
2,2,30,6,3,0.005012989044189453,0.002428770065307617,Y,77
2,2,30,6,3,0.004880189895629883,0.0004379749298095703,Y,77
2,2,30,6,3,0.003976106643676758,2.5987625122070312e-05,Y,77
2,2,30,6,3,0.005572080612182617,0.0031120777130126953,Y,75
2,2,30,6,3,0.006871938705444336,0.0005490779876708984,Y,75
2,2,30,6,3,0.0044171810150146484,4.100799560546875e-05,Y,75
2,2,30,6,3,0.005331993103027344,0.0028350353240966797,Y,82
2,2,30,6,3,0.005376100540161133,0.0005052089691162109,Y,82
2,2,30,6,3,0.004758119583129883,4.291534423828125e-05,Y,82
2,2,30,6,3,0.0057070255279541016,0.002792835235595703,Y,79
2,2,30,6,3,0.005405902862548828,0.00047087669372558594,Y,79
2,2,30,6,3,0.004463911056518555,3.0040740966796875e-05,Y,79
2,2,30,6,3,0.005628108978271484,0.003152132034301758,Y,77
2,2,30,6,3,0.005803108215332031,0.0004029273986816406,Y,77
2,2,30,6,3,0.0034072399139404297,2.002716064453125e-05,Y,77
2,2,30,6,3,0.004542827606201172,0.0022280216217041016,Y,78
2,2,30,6,3,0.0050618648529052734,0.0004258155822753906,Y,78
2,2,30,6,3,0.004231929779052734,3.314018249511719e-05,Y,78
2,2,30,6,3,0.005369901657104492,0.003384113311767578,Y,79
2,2,30,6,3,0.005358695983886719,0.0004601478576660156,Y,79
2,2,30,6,3,0.0041980743408203125,3.0994415283203125e-05,Y,79
2,2,30,6,3,0.005466938018798828,0.0027320384979248047,Y,79
2,2,30,6,3,0.005549907684326172,0.0004830360412597656,Y,79
2,2,30,6,3,0.0045528411865234375,3.886222839355469e-05,Y,79
2,2,30,6,3,0.00533294677734375,0.0030090808868408203,Y,75
2,2,30,6,3,0.005173206329345703,0.000476837158203125,Y,75
2,2,30,6,3,0.004210233688354492,3.0040740966796875e-05,Y,75
2,2,40,7,4,0.00966501235961914,0.05321097373962402,Y,106
2,2,40,7,4,0.008440971374511719,0.0007932186126708984,Y,106
2,2,40,7,4,0.007282733917236328,3.0994415283203125e-05,Y,106
2,2,40,7,4,0.008077144622802734,0.03932476043701172,Y,106
2,2,40,7,4,0.010406970977783203,0.0009248256683349609,Y,106
2,2,40,7,4,0.006575107574462891,3.4809112548828125e-05,Y,106
2,2,40,7,4,0.007962942123413086,0.023568153381347656,Y,106
2,2,40,7,4,0.009457111358642578,0.0009207725524902344,Y,106
2,2,40,7,4,0.007919073104858398,4.1961669921875e-05,Y,106
2,2,40,7,4,0.011651039123535156,0.03713679313659668,Y,107
2,2,40,7,4,0.008800983428955078,0.000640869140625,Y,107
2,2,40,7,4,0.006666898727416992,3.1948089599609375e-05,Y,107
2,2,40,7,4,0.008337974548339844,0.03987288475036621,Y,107
2,2,40,7,4,0.011697053909301758,0.0008349418640136719,Y,107
2,2,40,7,4,0.008049964904785156,3.62396240234375e-05,Y,107
2,2,40,7,4,0.01001286506652832,0.04458808898925781,Y,105
2,2,40,7,4,0.009544849395751953,0.0008499622344970703,Y,105
2,2,40,7,4,0.00797724723815918,3.910064697265625e-05,Y,105
2,2,40,7,4,0.010248184204101562,0.03419804573059082,Y,109
2,2,40,7,4,0.009389877319335938,0.0007297992706298828,Y,109
2,2,40,7,4,0.007534980773925781,4.410743713378906e-05,Y,109
2,2,40,7,4,0.009727954864501953,0.028148889541625977,Y,106
2,2,40,7,4,0.010377883911132812,0.0007100105285644531,Y,106
2,2,40,7,4,0.007899045944213867,3.504753112792969e-05,Y,106
2,2,40,7,4,0.009446859359741211,0.052507877349853516,Y,104
2,2,40,7,4,0.009476900100708008,0.0008180141448974609,Y,104
2,2,40,7,4,0.007914066314697266,3.790855407714844e-05,Y,104
2,2,40,7,4,0.009946823120117188,0.04374194145202637,Y,107
2,2,40,7,4,0.009708881378173828,0.0008540153503417969,Y,107
2,2,40,7,4,0.008046865463256836,3.695487976074219e-05,Y,107
2,2,50,8,4,0.014816999435424805,0.1368870735168457,Y,126
2,2,50,8,4,0.013112783432006836,0.002008199691772461,Y,126
2,2,50,8,4,0.009969949722290039,4.1961669921875e-05,Y,126
2,2,50,8,4,0.013302087783813477,0.12205696105957031,Y,123
2,2,50,8,4,0.01413416862487793,0.0017390251159667969,Y,123
2,2,50,8,4,0.012239933013916016,4.887580871582031e-05,Y,123
2,2,50,8,4,0.014786958694458008,0.12447214126586914,Y,122
2,2,50,8,4,0.012325286865234375,0.0027036666870117188,Y,122
2,2,50,8,4,0.011083841323852539,3.719329833984375e-05,Y,122
2,2,50,8,4,0.012620210647583008,0.12726807594299316,Y,121
2,2,50,8,4,0.014127016067504883,0.0029990673065185547,Y,121
2,2,50,8,4,0.009882926940917969,3.814697265625e-05,Y,121
2,2,50,8,4,0.012104272842407227,0.14778590202331543,Y,124
2,2,50,8,4,0.014664411544799805,0.003013134002685547,Y,124
2,2,50,8,4,0.012407064437866211,4.506111145019531e-05,Y,124
2,2,50,8,4,0.013458251953125,0.12880373001098633,Y,126
2,2,50,8,4,0.014362812042236328,0.002711057662963867,Y,126
2,2,50,8,4,0.012452125549316406,4.887580871582031e-05,Y,126
2,2,50,8,4,0.014795780181884766,0.13612127304077148,Y,120
2,2,50,8,4,0.01330709457397461,0.001901865005493164,Y,120
2,2,50,8,4,0.01166987419128418,4.792213439941406e-05,Y,120
2,2,50,8,4,0.012188911437988281,0.13809776306152344,Y,122
2,2,50,8,4,0.011480093002319336,0.0025980472564697266,Y,122
2,2,50,8,4,0.010428905487060547,4.00543212890625e-05,Y,122
2,2,50,8,4,0.012094974517822266,0.13715004920959473,Y,120
2,2,50,8,4,0.014040231704711914,0.004027128219604492,Y,120
2,2,50,8,4,0.012115955352783203,4.601478576660156e-05,Y,120
2,2,50,8,4,0.013754129409790039,0.10544204711914062,Y,123
2,2,50,8,4,0.014106988906860352,0.002959012985229492,Y,123
2,2,50,8,4,0.01227116584777832,4.291534423828125e-05,Y,123
2,2,60,8,4,0.018227100372314453,0.34712696075439453,Y,142
2,2,60,8,4,0.01875591278076172,0.00394892692565918,Y,142
2,2,60,8,4,0.017694950103759766,6.580352783203125e-05,Y,142
2,2,60,8,4,0.018443822860717773,0.28560400009155273,Y,142
2,2,60,8,4,0.019779682159423828,0.005741119384765625,Y,142
2,2,60,8,4,0.01832103729248047,5.626678466796875e-05,Y,142
2,2,60,8,4,0.018279075622558594,0.38031601905822754,Y,139
2,2,60,8,4,0.0198209285736084,0.004971981048583984,Y,139
2,2,60,8,4,0.0178830623626709,6.389617919921875e-05,Y,139
2,2,60,8,4,0.021335124969482422,0.3832528591156006,Y,139
2,2,60,8,4,0.023540973663330078,0.004202127456665039,Y,139
2,2,60,8,4,0.01859283447265625,6.604194641113281e-05,Y,139
2,2,60,8,4,0.02177906036376953,0.2610597610473633,Y,142
2,2,60,8,4,0.018189191818237305,0.0018377304077148438,Y,142
2,2,60,8,4,0.017759084701538086,5.91278076171875e-05,Y,142
2,2,60,8,4,0.022077083587646484,0.2805633544921875,Y,144
2,2,60,8,4,0.01765298843383789,0.0028238296508789062,Y,144
2,2,60,8,4,0.015671730041503906,5.2928924560546875e-05,Y,144
2,2,60,8,4,0.018524169921875,0.31119823455810547,Y,139
2,2,60,8,4,0.019580841064453125,0.003370046615600586,Y,139
2,2,60,8,4,0.01806783676147461,6.29425048828125e-05,Y,139
2,2,60,8,4,0.022661924362182617,0.27565598487854004,Y,144
2,2,60,8,4,0.0192568302154541,0.0028557777404785156,Y,144
2,2,60,8,4,0.015266895294189453,5.1021575927734375e-05,Y,144
2,2,60,8,4,0.018115997314453125,0.5275862216949463,Y,138
2,2,60,8,4,0.018260955810546875,0.004967927932739258,Y,138
2,2,60,8,4,0.01761007308959961,6.222724914550781e-05,Y,138
2,2,60,8,4,0.01837301254272461,0.39194798469543457,Y,142
2,2,60,8,4,0.021577835083007812,0.003874063491821289,Y,142
2,2,60,8,4,0.018706083297729492,6.29425048828125e-05,Y,142
2,2,70,9,5,0.023334026336669922,3.356149196624756,Y,160
2,2,70,9,5,0.025588035583496094,0.08854079246520996,Y,160
2,2,70,9,5,0.02579522132873535,0.00010800361633300781,Y,160
2,2,70,9,5,0.02071094512939453,6.723403930664062e-05,Y,160
2,2,70,9,5,0.02678084373474121,4.747900009155273,Y,159
2,2,70,9,5,0.028120040893554688,0.10743498802185059,Y,159
2,2,70,9,5,0.026383161544799805,0.00014781951904296875,Y,159
2,2,70,9,5,0.024611949920654297,7.677078247070312e-05,Y,159
2,2,70,9,5,0.023828983306884766,3.5569939613342285,Y,160
2,2,70,9,5,0.024705171585083008,0.11060929298400879,Y,160
2,2,70,9,5,0.026618003845214844,0.00014472007751464844,Y,160
2,2,70,9,5,0.022017955780029297,7.295608520507812e-05,Y,160
2,2,70,9,5,0.024044036865234375,3.4195291996002197,Y,158
2,2,70,9,5,0.027884960174560547,0.08790302276611328,Y,158
2,2,70,9,5,0.02656388282775879,0.0001468658447265625,Y,158
2,2,70,9,5,0.020905017852783203,6.914138793945312e-05,Y,158
2,2,70,9,5,0.02511000633239746,3.8648366928100586,Y,157
2,2,70,9,5,0.027005910873413086,0.0890960693359375,Y,157
2,2,70,9,5,0.02696394920349121,0.00013709068298339844,Y,157
2,2,70,9,5,0.024940013885498047,7.486343383789062e-05,Y,157
2,2,70,9,5,0.02876591682434082,2.304723024368286,Y,159
2,2,70,9,5,0.026662826538085938,0.09061288833618164,Y,159
2,2,70,9,5,0.021702051162719727,0.00011992454528808594,Y,159
2,2,70,9,5,0.022695064544677734,6.818771362304688e-05,Y,159
2,2,70,9,5,0.024521827697753906,2.437613010406494,Y,161
2,2,70,9,5,0.02435302734375,0.08148002624511719,Y,161
2,2,70,9,5,0.026903867721557617,0.00014209747314453125,Y,161
2,2,70,9,5,0.0251920223236084,6.771087646484375e-05,Y,161
2,2,70,9,5,0.023969650268554688,3.0482349395751953,Y,161
2,2,70,9,5,0.02822589874267578,0.10063815116882324,Y,161
2,2,70,9,5,0.023218870162963867,0.00010895729064941406,Y,161
2,2,70,9,5,0.020858049392700195,6.198883056640625e-05,Y,161
2,2,70,9,5,0.02793407440185547,3.586354970932007,Y,159
2,2,70,9,5,0.02575373649597168,0.09065389633178711,Y,159
2,2,70,9,5,0.026670217514038086,0.00014019012451171875,Y,159
2,2,70,9,5,0.025114059448242188,8.0108642578125e-05,Y,159
2,2,70,9,5,0.023643016815185547,3.4101319313049316,Y,158
2,2,70,9,5,0.027486801147460938,0.11324501037597656,Y,158
2,2,70,9,5,0.026716947555541992,0.00013899803161621094,Y,158
2,2,70,9,5,0.024578094482421875,7.414817810058594e-05,Y,158
2,2,80,9,5,0.03573489189147949,9.338984966278076,Y,160
2,2,80,9,5,0.035687923431396484,0.2612650394439697,Y,160
2,2,80,9,5,0.03388404846191406,0.0008890628814697266,Y,160
2,2,80,9,5,0.031759023666381836,0.00021028518676757812,Y,160
2,2,80,9,5,0.02966904640197754,12.361238956451416,Y,160
2,2,80,9,5,0.031209945678710938,0.24467778205871582,Y,160
2,2,80,9,5,0.033434152603149414,0.00017595291137695312,Y,160
2,2,80,9,5,0.031771183013916016,9.202957153320312e-05,Y,160
2,2,80,9,5,0.030028104782104492,15.105149984359741,Y,161
2,2,80,9,5,0.03509807586669922,0.2948780059814453,Y,161
2,2,80,9,5,0.03576922416687012,0.0007522106170654297,Y,161
2,2,80,9,5,0.026860713958740234,0.00017118453979492188,Y,161
2,2,80,9,5,0.03131890296936035,9.115334033966064,Y,162
2,2,80,9,5,0.029365062713623047,0.29545092582702637,Y,162
2,2,80,9,5,0.0321049690246582,0.0009226799011230469,Y,162
2,2,80,9,5,0.030965089797973633,0.00024509429931640625,Y,162
2,2,80,9,5,0.03050708770751953,10.015415906906128,Y,161
2,2,80,9,5,0.03350496292114258,0.20704102516174316,Y,161
2,2,80,9,5,0.028989791870117188,0.00044798851013183594,Y,161
2,2,80,9,5,0.028481006622314453,0.0001952648162841797,Y,161
2,2,80,9,5,0.0313267707824707,11.38808798789978,Y,161
2,2,80,9,5,0.03435778617858887,0.2842860221862793,Y,161
2,2,80,9,5,0.029296875,0.00015401840209960938,Y,161
2,2,80,9,5,0.02837991714477539,8.702278137207031e-05,Y,161
2,2,80,9,5,0.03487110137939453,12.09804892539978,Y,158
2,2,80,9,5,0.032073974609375,0.1617422103881836,Y,158
2,2,80,9,5,0.03328418731689453,0.0008931159973144531,Y,158
2,2,80,9,5,0.02806711196899414,0.0002110004425048828,Y,158
2,2,80,9,5,0.031675100326538086,10.32939600944519,Y,161
2,2,80,9,5,0.03534221649169922,0.25269293785095215,Y,161
2,2,80,9,5,0.033789873123168945,0.00017499923706054688,Y,161
2,2,80,9,5,0.026388883590698242,7.915496826171875e-05,Y,161
2,2,80,9,5,0.03285503387451172,8.50925588607788,Y,161
2,2,80,9,5,0.035671234130859375,0.2031538486480713,Y,161
2,2,80,9,5,0.027193069458007812,0.0005707740783691406,Y,161
2,2,80,9,5,0.027904033660888672,0.00016999244689941406,Y,161
2,2,80,9,5,0.030816078186035156,8.580370903015137,Y,160
2,2,80,9,5,0.03187108039855957,0.31416988372802734,Y,160
2,2,80,9,5,0.03464913368225098,0.0007638931274414062,Y,160
2,2,80,9,5,0.03134012222290039,0.0002009868621826172,Y,160
2,2,90,10,5,0.04629707336425781,23.420021057128906,Y,177
2,2,90,10,5,0.03926396369934082,0.35747194290161133,Y,177
2,2,90,10,5,0.0424959659576416,0.0007519721984863281,Y,177
2,2,90,10,5,0.0332489013671875,0.0002779960632324219,Y,177
2,2,90,10,5,0.04305696487426758,22.015138149261475,Y,177
2,2,90,10,5,0.04125499725341797,0.32697606086730957,Y,177
2,2,90,10,5,0.04268622398376465,0.0004851818084716797,Y,177
2,2,90,10,5,0.032195091247558594,0.00018787384033203125,Y,177
2,2,90,10,5,0.04030609130859375,14.927103042602539,Y,177
2,2,90,10,5,0.04050302505493164,0.34427499771118164,Y,177
2,2,90,10,5,0.04226112365722656,0.0005538463592529297,Y,177
2,2,90,10,5,0.03949403762817383,0.00021004676818847656,Y,177
2,2,90,10,5,0.03721499443054199,21.874947786331177,Y,179
2,2,90,10,5,0.044261932373046875,0.42933201789855957,Y,179
2,2,90,10,5,0.035581111907958984,0.0006220340728759766,Y,179
2,2,90,10,5,0.03716611862182617,0.00035190582275390625,Y,179
2,2,90,10,5,0.0436091423034668,28.054707050323486,Y,177
2,2,90,10,5,0.04138588905334473,0.3652760982513428,Y,177
2,2,90,10,5,0.04236316680908203,0.0011646747589111328,Y,177
2,2,90,10,5,0.039626121520996094,0.00029015541076660156,Y,177
2,2,90,10,5,0.037856101989746094,21.47836399078369,Y,177
2,2,90,10,5,0.04065585136413574,0.3164069652557373,Y,177
2,2,90,10,5,0.04439496994018555,0.000988006591796875,Y,177
2,2,90,10,5,0.03755307197570801,0.00016999244689941406,Y,177
2,2,90,10,5,0.04288601875305176,19.685333013534546,Y,178
2,2,90,10,5,0.04369378089904785,0.3565559387207031,Y,178
2,2,90,10,5,0.04215502738952637,0.0006818771362304688,Y,178
2,2,90,10,5,0.03954505920410156,0.00026702880859375,Y,178
2,2,90,10,5,0.037960052490234375,20.794095993041992,Y,179
2,2,90,10,5,0.04201698303222656,0.34232115745544434,Y,179
2,2,90,10,5,0.04224085807800293,0.0011610984802246094,Y,179
2,2,90,10,5,0.03464794158935547,0.00021696090698242188,Y,179
2,2,90,10,5,0.04171586036682129,16.8420090675354,Y,180
2,2,90,10,5,0.04107189178466797,0.28174304962158203,Y,180
2,2,90,10,5,0.042756080627441406,0.0011758804321289062,Y,180
2,2,90,10,5,0.03545880317687988,0.0002980232238769531,Y,180
2,2,90,10,5,0.04027676582336426,21.141835927963257,Y,179
2,2,90,10,5,0.038435935974121094,0.3597071170806885,Y,179
2,2,90,10,5,0.04277300834655762,0.001116037368774414,Y,179
2,2,90,10,5,0.0336000919342041,0.0002827644348144531,Y,179
2,2,100,10,5,0.053098201751708984,33.887303829193115,Y,200
2,2,100,10,5,0.05927324295043945,0.4773681163787842,Y,200
2,2,100,10,5,0.05645418167114258,0.0009469985961914062,Y,200
2,2,100,10,5,0.05305290222167969,0.0003981590270996094,Y,200
2,2,100,10,5,0.05590391159057617,31.934002161026,Y,198
2,2,100,10,5,0.05326080322265625,0.47637009620666504,Y,198
2,2,100,10,5,0.049935102462768555,0.0014300346374511719,Y,198
2,2,100,10,5,0.05265188217163086,0.0003561973571777344,Y,198
2,2,100,10,5,0.05713200569152832,51.16640377044678,Y,199
2,2,100,10,5,0.055201053619384766,0.5118181705474854,Y,199
2,2,100,10,5,0.051249027252197266,0.0012290477752685547,Y,199
2,2,100,10,5,0.04709982872009277,0.0004150867462158203,Y,199
2,2,100,10,5,0.051859378814697266,48.91057300567627,Y,198
2,2,100,10,5,0.05742526054382324,0.46736788749694824,Y,198
2,2,100,10,5,0.05110287666320801,0.0009572505950927734,Y,198
2,2,100,10,5,0.050022125244140625,0.0004200935363769531,Y,198
2,2,100,10,5,0.057488203048706055,34.77360916137695,Y,199
2,2,100,10,5,0.05976986885070801,0.41162800788879395,Y,199
2,2,100,10,5,0.05562186241149902,0.0014910697937011719,Y,199
2,2,100,10,5,0.0522160530090332,0.0003552436828613281,Y,199
2,2,100,10,5,0.05491900444030762,40.373380184173584,Y,200
2,2,100,10,5,0.05417013168334961,0.49743199348449707,Y,200
2,2,100,10,5,0.050009727478027344,0.0010271072387695312,Y,200
2,2,100,10,5,0.04964399337768555,0.0004291534423828125,Y,200
2,2,100,10,5,0.05477190017700195,42.234890937805176,Y,200
2,2,100,10,5,0.05519509315490723,0.3829362392425537,Y,200
2,2,100,10,5,0.05295586585998535,0.0013630390167236328,Y,200
2,2,100,10,5,0.0525362491607666,0.000335693359375,Y,200
2,2,100,10,5,0.05668306350708008,49.20510816574097,Y,198
2,2,100,10,5,0.05862092971801758,0.6335878372192383,Y,198
2,2,100,10,5,0.04664325714111328,0.0012898445129394531,Y,198
2,2,100,10,5,0.05109095573425293,0.00039196014404296875,Y,198
2,2,100,10,5,0.05684709548950195,36.754937171936035,Y,199
2,2,100,10,5,0.05711793899536133,0.6974878311157227,Y,199
2,2,100,10,5,0.05628180503845215,0.0013320446014404297,Y,199
2,2,100,10,5,0.05250978469848633,0.0003380775451660156,Y,199
2,2,100,10,5,0.06144404411315918,34.0257830619812,Y,198
2,2,100,10,5,0.058645009994506836,0.5068280696868896,Y,198
2,2,100,10,5,0.055899858474731445,0.0010209083557128906,Y,198
2,2,100,10,5,0.051407814025878906,0.00030994415283203125,Y,198
2,1,10,4,2,0.0005400180816650391,6.794929504394531e-05,Y,18
2,1,10,4,2,0.0004489421844482422,1.3589859008789062e-05,Y,18
2,1,10,4,2,0.0003478527069091797,9.775161743164062e-06,Y,18
2,1,10,4,2,0.0005540847778320312,7.295608520507812e-05,Y,18
2,1,10,4,2,0.0004570484161376953,1.4066696166992188e-05,Y,18
2,1,10,4,2,0.00037097930908203125,1.0967254638671875e-05,Y,18
2,1,10,4,2,0.0006320476531982422,0.00010609626770019531,Y,16
2,1,10,4,2,0.0005018711090087891,1.6927719116210938e-05,Y,16
2,1,10,4,2,0.0003662109375,1.1205673217773438e-05,Y,16
2,1,10,4,2,0.0005681514739990234,0.00010180473327636719,Y,15
2,1,10,4,2,0.00045609474182128906,1.5974044799804688e-05,Y,15
2,1,10,4,2,0.00036978721618652344,1.2159347534179688e-05,Y,15
2,1,10,4,2,0.0005900859832763672,7.796287536621094e-05,Y,19
2,1,10,4,2,0.0004909038543701172,1.4781951904296875e-05,Y,19
2,1,10,4,2,0.00040221214294433594,1.1682510375976562e-05,Y,19
2,1,10,4,2,0.0006411075592041016,0.00010395050048828125,Y,16
2,1,10,4,2,0.0005209445953369141,1.6927719116210938e-05,Y,16
2,1,10,4,2,0.000396728515625,1.1920928955078125e-05,Y,16
2,1,10,4,2,0.0006289482116699219,7.915496826171875e-05,Y,17
2,1,10,4,2,0.0005218982696533203,1.71661376953125e-05,Y,17
2,1,10,4,2,0.0004038810729980469,1.1682510375976562e-05,Y,17
2,1,10,4,2,0.0006461143493652344,7.677078247070312e-05,Y,20
2,1,10,4,2,0.0005249977111816406,1.4781951904296875e-05,Y,20
2,1,10,4,2,0.00043392181396484375,1.1920928955078125e-05,Y,20
2,1,10,4,2,0.0006389617919921875,8.797645568847656e-05,Y,18
2,1,10,4,2,0.0005371570587158203,1.811981201171875e-05,Y,18
2,1,10,4,2,0.0004253387451171875,1.2159347534179688e-05,Y,18
2,1,10,4,2,0.0006389617919921875,8.487701416015625e-05,Y,17
2,1,10,4,2,0.0005559921264648438,1.7881393432617188e-05,Y,17
2,1,10,4,2,0.00042510032653808594,1.2159347534179688e-05,Y,17
2,1,20,5,3,0.00177001953125,0.0004470348358154297,N,26
2,1,20,5,3,0.001725912094116211,0.0003688335418701172,N,27
2,1,20,5,3,0.0016710758209228516,0.002301931381225586,Y,27
2,1,20,5,3,0.0017158985137939453,0.00043010711669921875,Y,27
2,1,20,5,3,0.001155853271484375,1.8835067749023438e-05,Y,27
2,1,20,5,3,0.00173187255859375,0.000576019287109375,N,28
2,1,20,5,3,0.0018172264099121094,0.00017380714416503906,N,26
2,1,20,5,3,0.0018758773803710938,0.00016999244689941406,N,27
2,1,20,5,3,0.0035181045532226562,0.0003409385681152344,N,25
2,1,20,5,3,0.0035669803619384766,0.0015697479248046875,N,25
2,1,20,5,3,0.002373933792114258,7.295608520507812e-05,N,27
2,1,20,5,3,0.0017540454864501953,0.0007891654968261719,N,28
2,1,30,6,3,0.003921031951904297,0.0003662109375,N,43
2,1,30,6,3,0.003939151763916016,0.006798744201660156,Y,45
2,1,30,6,3,0.0041599273681640625,0.0010151863098144531,Y,45
2,1,30,6,3,0.004530191421508789,7.081031799316406e-05,Y,45
2,1,30,6,3,0.00391077995300293,0.005954742431640625,N,41
2,1,30,6,3,0.0043621063232421875,0.002668619155883789,N,45
2,1,30,6,3,0.0037670135498046875,0.014837026596069336,N,44
2,1,30,6,3,0.005506038665771484,0.0051419734954833984,N,45
2,1,30,6,3,0.0035619735717773438,0.006287813186645508,Y,45
2,1,30,6,3,0.0041010379791259766,0.0006499290466308594,Y,45
2,1,30,6,3,0.0032129287719726562,3.886222839355469e-05,Y,45
2,1,30,6,3,0.0037431716918945312,0.0014061927795410156,N,43
2,1,30,6,3,0.0037407875061035156,0.006347179412841797,Y,46
2,1,30,6,3,0.0033211708068847656,0.0004191398620605469,Y,46
2,1,30,6,3,0.002480030059814453,2.4080276489257812e-05,Y,46
2,1,30,6,3,0.0036580562591552734,0.00032591819763183594,N,45
2,1,40,7,4,0.006188869476318359,0.009025096893310547,N,54
2,1,40,7,4,0.0065419673919677734,0.01778411865234375,N,53
2,1,40,7,4,0.00746917724609375,0.008478879928588867,N,55
2,1,40,7,4,0.006206989288330078,0.0024912357330322266,N,54
2,1,40,7,4,0.006662845611572266,0.0012848377227783203,N,53
2,1,40,7,4,0.006006002426147461,0.003958940505981445,N,55
2,1,40,7,4,0.005332231521606445,0.0043680667877197266,N,52
2,1,40,7,4,0.007790088653564453,0.024399280548095703,N,53
2,1,40,7,4,0.005769252777099609,0.0007622241973876953,N,53
2,1,40,7,4,0.005572080612182617,0.019203662872314453,N,53
2,1,50,8,4,0.007652997970581055,0.03050398826599121,N,61
2,1,50,8,4,0.008435964584350586,0.06064176559448242,N,62
2,1,50,8,4,0.009292840957641602,0.021042823791503906,N,61
2,1,50,8,4,0.008016109466552734,0.08336400985717773,N,63
2,1,50,8,4,0.007770061492919922,0.012165069580078125,N,59
2,1,50,8,4,0.007729053497314453,0.03602194786071777,N,61
2,1,50,8,4,0.00824284553527832,0.06052970886230469,N,62
2,1,50,8,4,0.007711887359619141,0.0013859272003173828,N,61
2,1,50,8,4,0.008400917053222656,0.0012867450714111328,N,63
2,1,50,8,4,0.008626937866210938,0.001024007797241211,N,59
2,1,60,8,4,0.01570606231689453,0.3531339168548584,N,77
2,1,60,8,4,0.014146089553833008,0.05381131172180176,N,78
2,1,60,8,4,0.014076948165893555,0.8251750469207764,N,79
2,1,60,8,4,0.011468887329101562,0.2572600841522217,N,78
2,1,60,8,4,0.011489152908325195,0.16769003868103027,N,79
2,1,60,8,4,0.011957168579101562,0.3202390670776367,N,79
2,1,60,8,4,0.014260053634643555,0.34174203872680664,N,78
2,1,60,8,4,0.014002799987792969,0.049761056900024414,N,76
2,1,60,8,4,0.013167858123779297,0.17975997924804688,N,76
2,1,60,8,4,0.013305902481079102,0.05586814880371094,N,79
2,1,70,9,5,0.01884007453918457,1.581671953201294,N,89
2,1,70,9,5,0.016572237014770508,1.557507038116455,N,88
2,1,70,9,5,0.014848947525024414,1.1853241920471191,N,90
2,1,70,9,5,0.015469074249267578,0.4259657859802246,N,88
2,1,70,9,5,0.014836788177490234,1.1742908954620361,N,87
2,1,70,9,5,0.018477201461791992,0.0891416072845459,N,87
2,1,70,9,5,0.01900792121887207,0.2607760429382324,N,89
2,1,70,9,5,0.0171511173248291,0.13188815116882324,N,88
2,1,70,9,5,0.01795482635498047,0.28115200996398926,N,88
2,1,70,9,5,0.015079021453857422,0.3807239532470703,N,90
2,1,80,9,5,0.023164033889770508,0.023302793502807617,N,89
2,1,80,9,5,0.03045797348022461,0.4214608669281006,N,90
2,1,80,9,5,0.019056081771850586,0.07091832160949707,N,88
2,1,80,9,5,0.020366191864013672,0.83005690574646,N,89
2,1,80,9,5,0.022882699966430664,1.8716800212860107,N,90
2,1,80,9,5,0.02251124382019043,0.2859959602355957,N,89
2,1,80,9,5,0.023007869720458984,0.2777526378631592,N,90
2,1,80,9,5,0.01930689811706543,1.4584310054779053,N,89
2,1,80,9,5,0.019039154052734375,2.437948226928711,N,88
2,1,80,9,5,0.022715091705322266,0.07387495040893555,N,87
2,1,90,10,5,0.026980161666870117,0.5176429748535156,N,99
2,1,90,10,5,0.02855396270751953,0.47382402420043945,N,100
2,1,90,10,5,0.02426886558532715,5.585025072097778,N,98
2,1,90,10,5,0.027812957763671875,1.8925292491912842,N,100
2,1,90,10,5,0.024061918258666992,1.7090368270874023,N,99
2,1,90,10,5,0.02427506446838379,3.9787118434906006,N,100
2,1,90,10,5,0.024967193603515625,2.0028090476989746,N,100
2,1,90,10,5,0.02854609489440918,1.2517590522766113,N,99
2,1,90,10,5,0.028240203857421875,0.5216710567474365,N,98
2,1,90,10,5,0.027532100677490234,7.186522006988525,N,100
2,1,100,10,5,0.030217885971069336,1.0106110572814941,N,100
2,1,100,10,5,0.028836727142333984,0.8545269966125488,N,100
2,1,100,10,5,0.031965017318725586,0.09650397300720215,N,100
2,1,100,10,5,0.03515791893005371,0.09165787696838379,N,100
2,1,100,10,5,0.028119802474975586,7.433237075805664,N,99
2,1,100,10,5,0.03436708450317383,5.795872926712036,N,100
2,1,100,10,5,0.03400897979736328,0.46851491928100586,N,98
2,1,100,10,5,0.03418707847595215,0.4114229679107666,N,100
2,1,100,10,5,0.03186297416687012,4.968606233596802,N,100
2,1,100,10,5,0.035173892974853516,1.1417720317840576,N,100
1,2,10,4,2,0.0008420944213867188,0.00011801719665527344,Y,20
1,2,10,4,2,0.0006620883941650391,1.8835067749023438e-05,Y,20
1,2,10,4,2,0.0005288124084472656,1.5020370483398438e-05,Y,20
1,2,10,4,2,0.0007548332214355469,0.00011706352233886719,Y,20
1,2,10,4,2,0.0006549358367919922,2.09808349609375e-05,Y,20
1,2,10,4,2,0.0005271434783935547,1.5735626220703125e-05,Y,20
1,2,10,4,2,0.0007698535919189453,0.00011897087097167969,Y,19
1,2,10,4,2,0.0006718635559082031,1.9073486328125e-05,Y,19
1,2,10,4,2,0.0005450248718261719,1.5020370483398438e-05,Y,19
1,2,10,4,2,0.0007729530334472656,0.00017905235290527344,N,18
1,2,10,4,2,0.0007758140563964844,0.00018095970153808594,Y,18
1,2,10,4,2,0.0006539821624755859,2.574920654296875e-05,Y,18
1,2,10,4,2,0.0005228519439697266,1.6927719116210938e-05,Y,18
1,2,10,4,2,0.0007741451263427734,0.00013589859008789062,Y,18
1,2,10,4,2,0.0006718635559082031,2.002716064453125e-05,Y,18
1,2,10,4,2,0.0005428791046142578,1.5735626220703125e-05,Y,18
1,2,10,4,2,0.0007879734039306641,0.00016689300537109375,N,19
1,2,10,4,2,0.00080108642578125,0.00014495849609375,Y,18
1,2,10,4,2,0.0006530284881591797,2.09808349609375e-05,Y,18
1,2,10,4,2,0.0005300045013427734,1.5974044799804688e-05,Y,18
1,2,10,4,2,0.0007569789886474609,0.00011396408081054688,N,16
1,2,10,4,2,0.0008199214935302734,0.00011181831359863281,Y,19
1,2,10,4,2,0.0006880760192871094,1.811981201171875e-05,Y,19
1,2,10,4,2,0.0005297660827636719,1.3828277587890625e-05,Y,19
1,2,20,5,3,0.0023260116577148438,0.002457141876220703,N,29
1,2,20,5,3,0.002376079559326172,0.0014619827270507812,N,30
1,2,20,5,3,0.002445220947265625,0.001302957534790039,N,29
1,2,20,5,3,0.002452850341796875,0.0013229846954345703,N,29
1,2,20,5,3,0.002270936965942383,0.0008518695831298828,N,29
1,2,20,5,3,0.003203868865966797,0.0021300315856933594,N,30
1,2,20,5,3,0.0022618770599365234,0.0002989768981933594,N,29
1,2,20,5,3,0.0022802352905273438,0.00043511390686035156,N,30
1,2,20,5,3,0.0023059844970703125,0.0027387142181396484,N,30
1,2,20,5,3,0.0026891231536865234,0.0003428459167480469,N,30
1,2,30,6,3,0.005940914154052734,0.010814905166625977,N,42
1,2,30,6,3,0.005533933639526367,0.042726993560791016,N,42
1,2,30,6,3,0.00489497184753418,0.038763999938964844,N,42
1,2,30,6,3,0.00417017936706543,0.0932769775390625,Y,42
1,2,30,6,3,0.004946231842041016,0.0046122074127197266,Y,42
1,2,30,6,3,0.003874063491821289,0.0001289844512939453,Y,42
1,2,30,6,3,0.005155086517333984,0.031744956970214844,N,42
1,2,30,6,3,0.004397869110107422,0.041728973388671875,N,42
1,2,30,6,3,0.005162954330444336,0.0072629451751708984,N,42
1,2,30,6,3,0.00437617301940918,0.0040628910064697266,N,41
1,2,30,6,3,0.004738807678222656,0.010084152221679688,N,42
1,2,30,6,3,0.005137920379638672,0.07717394828796387,Y,42
1,2,30,6,3,0.004387855529785156,0.002975940704345703,Y,42
1,2,30,6,3,0.0035207271575927734,0.00010371208190917969,Y,42
1,2,40,7,4,0.007951021194458008,0.43453216552734375,N,56
1,2,40,7,4,0.0074520111083984375,0.045069217681884766,N,55
1,2,40,7,4,0.008233070373535156,0.13889193534851074,N,56
1,2,40,7,4,0.007478952407836914,1.5674939155578613,N,56
1,2,40,7,4,0.0075550079345703125,0.3487238883972168,N,56
1,2,40,7,4,0.0076580047607421875,0.11671304702758789,N,56
1,2,40,7,4,0.007722139358520508,0.0062160491943359375,N,56
1,2,40,7,4,0.00794219970703125,0.007845163345336914,N,56
1,2,40,7,4,0.007769107818603516,0.11001992225646973,N,56
1,2,40,7,4,0.007729053497314453,0.1330111026763916,N,56
1,2,50,8,4,0.013520956039428711,0.2668769359588623,N,64
1,2,50,8,4,0.013103008270263672,0.37442922592163086,N,64
1,2,50,8,4,0.011224031448364258,0.9272089004516602,N,64
1,2,50,8,4,0.011027336120605469,0.7550711631774902,N,64
1,2,50,8,4,0.013694047927856445,1.0497117042541504,N,64
1,2,50,8,4,0.011372089385986328,0.2812919616699219,N,64
1,2,50,8,4,0.013483047485351562,1.2181999683380127,N,64
1,2,50,8,4,0.011036157608032227,0.1769108772277832,N,64
1,2,50,8,4,0.013330221176147461,1.4237728118896484,N,64
1,2,50,8,4,0.011150121688842773,0.347714900970459,N,64
1,2,60,8,4,0.016487836837768555,25.72151803970337,N,72
1,2,60,8,4,0.016382217407226562,0.05272507667541504,N,72
1,2,60,8,4,0.019346952438354492,0.24489092826843262,N,72
1,2,60,8,4,0.016550779342651367,6.26058292388916,N,72
1,2,60,8,4,0.019212007522583008,1.5452837944030762,N,72
1,2,60,8,4,0.01933121681213379,6.578281879425049,N,71
1,2,60,8,4,0.016816139221191406,0.32656264305114746,N,72
1,2,60,8,4,0.016827821731567383,144.86501693725586,N,72
1,2,60,8,4,0.01635575294494629,0.36410093307495117,N,71
1,2,60,8,4,0.016925811767578125,5.30527400970459,N,72
1,2,70,9,5,0.02549886703491211,4.688533067703247,N,81
1,2,70,9,5,0.02345585823059082,0.7148890495300293,N,81
1,2,70,9,5,0.021578073501586914,0.8853199481964111,N,81
1,2,70,9,5,0.026460886001586914,6.279552936553955,N,81
1,2,70,9,5,0.025738954544067383,4.490412950515747,N,81
1,2,70,9,5,0.026243925094604492,4.305131912231445,N,81
1,2,70,9,5,0.02195882797241211,1.295712947845459,N,80
1,2,70,9,5,0.024985074996948242,1.7412033081054688,N,81
1,2,70,9,5,0.023524999618530273,0.688323974609375,N,81
1,2,70,9,5,0.022069931030273438,0.15142607688903809,N,81
1,2,80,9,5,0.03168606758117676,5.554574966430664,N,81
1,2,80,9,5,0.03426790237426758,3.0953991413116455,N,81
1,2,80,9,5,0.028752803802490234,0.38877296447753906,N,81
1,2,80,9,5,0.0290679931640625,0.5228147506713867,N,81
1,2,80,9,5,0.03381204605102539,4.731396913528442,N,81
1,2,80,9,5,0.03353404998779297,0.8148090839385986,N,81
1,2,80,9,5,0.03378629684448242,6.81166410446167,N,81
1,2,80,9,5,0.027571916580200195,0.492948055267334,N,81
1,2,80,9,5,0.028921127319335938,3.0491740703582764,N,81
1,2,80,9,5,0.03215312957763672,0.6121070384979248,N,81
1,2,90,10,5,0.036579132080078125,4.5312488079071045,N,90
1,2,90,10,5,0.04291510581970215,7.8779308795928955,N,90
1,2,90,10,5,0.03660988807678223,31.823095083236694,N,90
1,2,90,10,5,0.0422520637512207,5.886693000793457,N,90
1,2,90,10,5,0.04062914848327637,0.9611279964447021,N,90
1,2,90,10,5,0.04027223587036133,0.49126505851745605,N,90
1,2,90,10,5,0.04052615165710449,7.727778196334839,N,90
1,2,90,10,5,0.039700984954833984,32.19144105911255,N,90
1,2,90,10,5,0.03596091270446777,1.9166409969329834,N,90
1,2,90,10,5,0.04219627380371094,5.291647911071777,N,90
1,2,100,10,5,0.05026721954345703,51.1103630065918,N,100
1,2,100,10,5,0.049288034439086914,26.144055128097534,N,100
1,2,100,10,5,0.052644968032836914,25.024263858795166,N,100
1,2,100,10,5,0.05652499198913574,8.480611801147461,N,100
1,2,100,10,5,0.05042409896850586,272.23456716537476,N,100
1,2,100,10,5,0.05178213119506836,152.76205706596375,N,100
1,2,100,10,5,0.058138132095336914,38.375781774520874,N,100
1,2,100,10,5,0.04744601249694824,141.60617685317993,N,100
1,2,100,10,5,0.046723127365112305,210.36388897895813,N,100
1,2,100,10,5,0.047612905502319336,169.64618968963623,N,100
1,1,10,4,2,0.0006039142608642578,9.608268737792969e-05,N,12
1,1,10,4,2,0.0005891323089599609,0.00010895729064941406,N,11
1,1,10,4,2,0.0005617141723632812,0.00010609626770019531,N,11
1,1,10,4,2,0.0006148815155029297,0.0001049041748046875,N,11
1,1,10,4,2,0.0006747245788574219,0.0001850128173828125,N,11
1,1,10,4,2,0.0005848407745361328,0.0001399517059326172,N,10
1,1,10,4,2,0.0005748271942138672,9.298324584960938e-05,N,11
1,1,10,4,2,0.0005743503570556641,8.916854858398438e-05,N,11
1,1,10,4,2,0.0005698204040527344,9.584426879882812e-05,N,10
1,1,10,4,2,0.0005900859832763672,7.390975952148438e-05,N,9
1,1,20,5,3,0.0015218257904052734,0.00035500526428222656,N,15
1,1,20,5,3,0.0015630722045898438,0.00020813941955566406,N,15
1,1,20,5,3,0.0015511512756347656,0.0002200603485107422,N,15
1,1,20,5,3,0.0016219615936279297,0.00019097328186035156,N,14
1,1,20,5,3,0.0016241073608398438,0.0001480579376220703,N,15
1,1,20,5,3,0.001641988754272461,0.000225067138671875,N,15
1,1,20,5,3,0.0015900135040283203,0.0001621246337890625,N,15
1,1,20,5,3,0.0016360282897949219,9.393692016601562e-05,N,15
1,1,20,5,3,0.0015978813171386719,0.00026106834411621094,N,15
1,1,20,5,3,0.00146484375,0.0006248950958251953,N,15
1,1,30,6,3,0.003374814987182617,0.002312898635864258,N,24
1,1,30,6,3,0.0036993026733398438,0.0035660266876220703,N,24
1,1,30,6,3,0.007048845291137695,0.005593061447143555,N,23
1,1,30,6,3,0.003584146499633789,0.0005450248718261719,N,23
1,1,30,6,3,0.004294872283935547,0.003180980682373047,N,24
1,1,30,6,3,0.004846811294555664,0.0007641315460205078,N,24
1,1,30,6,3,0.00500178337097168,0.0008668899536132812,N,23
1,1,30,6,3,0.0036537647247314453,0.0006458759307861328,N,24
1,1,30,6,3,0.0037827491760253906,0.003283977508544922,N,24
1,1,30,6,3,0.004486083984375,0.0012409687042236328,N,23
1,1,40,7,4,0.0063800811767578125,0.0009360313415527344,N,28
1,1,40,7,4,0.006670713424682617,0.0005769729614257812,N,28
1,1,40,7,4,0.006105661392211914,0.0011639595031738281,N,27
1,1,40,7,4,0.005330801010131836,0.002017974853515625,N,28
1,1,40,7,4,0.0059239864349365234,0.0018780231475830078,N,28
1,1,40,7,4,0.006587028503417969,0.0013561248779296875,N,28
1,1,40,7,4,0.0052950382232666016,0.0012290477752685547,N,28
1,1,40,7,4,0.006643056869506836,0.001322031021118164,N,28
1,1,40,7,4,0.006709098815917969,0.000392913818359375,N,28
1,1,40,7,4,0.005869150161743164,0.0030570030212402344,N,27
1,1,50,8,4,0.00913381576538086,0.00453495979309082,N,32
1,1,50,8,4,0.008236169815063477,0.0012829303741455078,N,32
1,1,50,8,4,0.007370948791503906,0.006757020950317383,N,32
1,1,50,8,4,0.00828695297241211,0.006114006042480469,N,32
1,1,50,8,4,0.007924079895019531,0.002705097198486328,N,32
1,1,50,8,4,0.00960993766784668,0.009650945663452148,N,32
1,1,50,8,4,0.008769035339355469,0.004864931106567383,N,32
1,1,50,8,4,0.00783395767211914,0.0015921592712402344,N,32
1,1,50,8,4,0.007274150848388672,0.002106904983520508,N,32
1,1,50,8,4,0.007979154586791992,0.004358053207397461,N,32
1,1,60,8,4,0.011230945587158203,0.0024671554565429688,N,40
1,1,60,8,4,0.012144804000854492,0.02739405632019043,N,40
1,1,60,8,4,0.01382136344909668,0.028162002563476562,N,40
1,1,60,8,4,0.012452125549316406,0.09034395217895508,N,40
1,1,60,8,4,0.012651920318603516,0.03612017631530762,N,40
1,1,60,8,4,0.011310100555419922,0.010551214218139648,N,40
1,1,60,8,4,0.010786771774291992,0.0036268234252929688,N,40
1,1,60,8,4,0.012538909912109375,0.004016876220703125,N,40
1,1,60,8,4,0.012701749801635742,0.07831096649169922,N,40
1,1,60,8,4,0.010877847671508789,0.006947040557861328,N,40
1,1,70,9,5,0.013920068740844727,0.0025980472564697266,N,45
1,1,70,9,5,0.015527963638305664,0.0019540786743164062,N,45
1,1,70,9,5,0.02018880844116211,0.014092683792114258,N,45
1,1,70,9,5,0.016231060028076172,0.0018308162689208984,N,45
1,1,70,9,5,0.01438283920288086,0.015216827392578125,N,45
1,1,70,9,5,0.015047073364257812,0.003827810287475586,N,45
1,1,70,9,5,0.016453027725219727,0.02097797393798828,N,45
1,1,70,9,5,0.015812158584594727,0.00796198844909668,N,45
1,1,70,9,5,0.01500391960144043,0.010324954986572266,N,45
1,1,70,9,5,0.016643047332763672,0.0023272037506103516,N,45
1,1,80,9,5,0.019659757614135742,0.021697998046875,N,45
1,1,80,9,5,0.02274012565612793,0.005858898162841797,N,45
1,1,80,9,5,0.021657943725585938,0.011266946792602539,N,45
1,1,80,9,5,0.017390012741088867,0.0031888484954833984,N,45
1,1,80,9,5,0.01794290542602539,0.006494998931884766,N,45
1,1,80,9,5,0.018609285354614258,0.010546207427978516,N,45
1,1,80,9,5,0.020337343215942383,0.00554203987121582,N,45
1,1,80,9,5,0.020799875259399414,0.13724899291992188,N,45
1,1,80,9,5,0.0200350284576416,0.012218952178955078,N,45
1,1,80,9,5,0.018666982650756836,0.018973827362060547,N,45
1,1,90,10,5,0.02558302879333496,0.017416954040527344,N,50
1,1,90,10,5,0.02491021156311035,0.04039406776428223,N,50
1,1,90,10,5,0.022537946701049805,0.029018163681030273,N,50
1,1,90,10,5,0.024512052536010742,0.050991058349609375,N,50
1,1,90,10,5,0.023010969161987305,0.1046299934387207,N,50
1,1,90,10,5,0.025597095489501953,0.020023107528686523,N,50
1,1,90,10,5,0.024969100952148438,0.021210193634033203,N,50
1,1,90,10,5,0.023555994033813477,0.07925200462341309,N,50
1,1,90,10,5,0.021854162216186523,0.009102106094360352,N,50
1,1,90,10,5,0.023554086685180664,0.08867096900939941,N,50
1,1,100,10,5,0.03135991096496582,0.022637128829956055,N,50
1,1,100,10,5,0.030352115631103516,0.11159586906433105,N,50
1,1,100,10,5,0.027723073959350586,0.06020498275756836,N,50
1,1,100,10,5,0.03045511245727539,0.08865904808044434,N,50
1,1,100,10,5,0.027050018310546875,0.016096115112304688,N,50
1,1,100,10,5,0.029165029525756836,0.02470684051513672,N,50
1,1,100,10,5,0.028217077255249023,0.0052089691162109375,N,50
1,1,100,10,5,0.03178119659423828,0.004604339599609375,N,50
1,1,100,10,5,0.027907848358154297,0.005447864532470703,N,50
1,1,100,10,5,0.028120994567871094,0.07203197479248047,N,50
