c,d,n,k,r,gen_time,solve_time,valid,sel_len
2,3,10,4,2,0.0009899139404296875,0.00012683868408203125,Y,37
2,3,10,4,2,0.0007870197296142578,1.9311904907226562e-05,Y,37
2,3,10,4,2,0.0006539821624755859,1.3113021850585938e-05,Y,37
2,3,10,4,2,0.0008840560913085938,0.00010609626770019531,Y,41
2,3,10,4,2,0.0007905960083007812,1.7881393432617188e-05,Y,41
2,3,10,4,2,0.0006630420684814453,1.2874603271484375e-05,Y,41
2,3,10,4,2,0.0009059906005859375,8.416175842285156e-05,Y,42
2,3,10,4,2,0.0007889270782470703,1.8835067749023438e-05,Y,42
2,3,10,4,2,0.0006670951843261719,1.3113021850585938e-05,Y,42
2,3,10,4,2,0.0008828639984130859,8.296966552734375e-05,Y,40
2,3,10,4,2,0.0009620189666748047,2.8848648071289062e-05,Y,40
2,3,10,4,2,0.0009920597076416016,2.2172927856445312e-05,Y,40
2,3,10,4,2,0.002044200897216797,0.00013899803161621094,Y,36
2,3,10,4,2,0.0014510154724121094,3.2901763916015625e-05,Y,36
2,3,10,4,2,0.0011370182037353516,2.193450927734375e-05,Y,36
2,3,10,4,2,0.001711130142211914,0.0002682209014892578,Y,43
2,3,10,4,2,0.0014088153839111328,2.8848648071289062e-05,Y,43
2,3,10,4,2,0.0012552738189697266,2.6226043701171875e-05,Y,43
2,3,10,4,2,0.0009169578552246094,8.511543273925781e-05,Y,40
2,3,10,4,2,0.0007781982421875,1.7881393432617188e-05,Y,40
2,3,10,4,2,0.0010821819305419922,2.193450927734375e-05,Y,40
2,3,10,4,2,0.0015411376953125,0.00012302398681640625,Y,43
2,3,10,4,2,0.0010039806365966797,2.002716064453125e-05,Y,43
2,3,10,4,2,0.0009181499481201172,1.5020370483398438e-05,Y,43
2,3,10,4,2,0.0009052753448486328,8.416175842285156e-05,Y,44
2,3,10,4,2,0.0007929801940917969,1.5974044799804688e-05,Y,44
2,3,10,4,2,0.0007271766662597656,1.2159347534179688e-05,Y,44
2,3,10,4,2,0.0009469985961914062,7.987022399902344e-05,Y,43
2,3,10,4,2,0.0013229846954345703,2.9802322387695312e-05,Y,43
2,3,10,4,2,0.0013120174407958984,2.384185791015625e-05,Y,43
2,3,20,5,3,0.008913278579711914,0.0014619827270507812,Y,81
2,3,20,5,3,0.003945350646972656,0.0003540515899658203,Y,81
2,3,20,5,3,0.0035560131072998047,2.6226043701171875e-05,Y,81
2,3,20,5,3,0.003329038619995117,0.0006899833679199219,Y,82
2,3,20,5,3,0.003197908401489258,0.00029397010803222656,Y,82
2,3,20,5,3,0.002624988555908203,2.193450927734375e-05,Y,82
2,3,20,5,3,0.0061931610107421875,0.0018689632415771484,Y,81
2,3,20,5,3,0.008594989776611328,0.0004608631134033203,Y,81
2,3,20,5,3,0.0027740001678466797,2.193450927734375e-05,Y,81
2,3,20,5,3,0.003159046173095703,0.0010459423065185547,Y,74
2,3,20,5,3,0.0029540061950683594,0.0002970695495605469,Y,74
2,3,20,5,3,0.002611875534057617,2.8133392333984375e-05,Y,74
2,3,20,5,3,0.003566741943359375,0.0009911060333251953,Y,77
2,3,20,5,3,0.003111124038696289,0.0003781318664550781,Y,77
2,3,20,5,3,0.0034339427947998047,2.3126602172851562e-05,Y,77
2,3,20,5,3,0.0034170150756835938,0.0007021427154541016,Y,83
2,3,20,5,3,0.003031015396118164,0.0002880096435546875,Y,83
2,3,20,5,3,0.0024530887603759766,2.0265579223632812e-05,Y,83
2,3,20,5,3,0.004614114761352539,0.0007731914520263672,Y,80
2,3,20,5,3,0.003528118133544922,0.00039124488830566406,Y,80
2,3,20,5,3,0.0028228759765625,2.193450927734375e-05,Y,80
2,3,20,5,3,0.003480195999145508,0.0008230209350585938,Y,79
2,3,20,5,3,0.0030808448791503906,0.0003361701965332031,Y,79
2,3,20,5,3,0.0024309158325195312,2.002716064453125e-05,Y,79
2,3,20,5,3,0.0031371116638183594,0.0009338855743408203,Y,75
2,3,20,5,3,0.003016233444213867,0.0003178119659423828,Y,75
2,3,20,5,3,0.0024192333221435547,2.09808349609375e-05,Y,75
2,3,20,5,3,0.0037560462951660156,0.0007078647613525391,Y,76
2,3,20,5,3,0.003554105758666992,0.00039696693420410156,Y,76
2,3,20,5,3,0.0025022029876708984,3.0040740966796875e-05,Y,76
2,3,30,6,3,0.007131099700927734,0.0019292831420898438,Y,122
2,3,30,6,3,0.007059335708618164,0.00042510032653808594,Y,122
2,3,30,6,3,0.005924701690673828,2.5272369384765625e-05,Y,122
2,3,30,6,3,0.006877899169921875,0.0023810863494873047,Y,119
2,3,30,6,3,0.010248899459838867,0.0005068778991699219,Y,119
2,3,30,6,3,0.007761240005493164,3.2901763916015625e-05,Y,119
2,3,30,6,3,0.008008956909179688,0.0024187564849853516,Y,118
2,3,30,6,3,0.006887197494506836,0.00041604042053222656,Y,118
2,3,30,6,3,0.005846977233886719,3.0040740966796875e-05,Y,118
2,3,30,6,3,0.00694727897644043,0.0016529560089111328,Y,124
2,3,30,6,3,0.007879972457885742,0.00040435791015625,Y,124
2,3,30,6,3,0.006495952606201172,3.62396240234375e-05,Y,124
2,3,30,6,3,0.007266998291015625,0.0022971630096435547,Y,126
2,3,30,6,3,0.00719904899597168,0.0004138946533203125,Y,126
2,3,30,6,3,0.005913972854614258,2.5033950805664062e-05,Y,126
2,3,30,6,3,0.006983757019042969,0.0021469593048095703,Y,125
2,3,30,6,3,0.007318019866943359,0.00044274330139160156,Y,125
2,3,30,6,3,0.00656890869140625,3.695487976074219e-05,Y,125
2,3,30,6,3,0.007159233093261719,0.002165079116821289,Y,122
2,3,30,6,3,0.007216930389404297,0.00044798851013183594,Y,122
2,3,30,6,3,0.005970954895019531,3.0040740966796875e-05,Y,122
2,3,30,6,3,0.006971836090087891,0.0021619796752929688,Y,123
2,3,30,6,3,0.0077970027923583984,0.0004329681396484375,Y,123
2,3,30,6,3,0.006590843200683594,3.695487976074219e-05,Y,123
2,3,30,6,3,0.007050037384033203,0.002373218536376953,Y,122
2,3,30,6,3,0.00718998908996582,0.00043129920959472656,Y,122
2,3,30,6,3,0.005858898162841797,2.7894973754882812e-05,Y,122
2,3,30,6,3,0.00693511962890625,0.002443075180053711,Y,120
2,3,30,6,3,0.007239103317260742,0.00043487548828125,Y,120
2,3,30,6,3,0.0058290958404541016,2.9325485229492188e-05,Y,120
2,3,40,7,4,0.013365030288696289,0.03358101844787598,Y,160
2,3,40,7,4,0.01360774040222168,0.0007727146148681641,Y,160
2,3,40,7,4,0.011700153350830078,4.291534423828125e-05,Y,160
2,3,40,7,4,0.012350082397460938,0.012903928756713867,Y,158
2,3,40,7,4,0.014203786849975586,0.0007390975952148438,Y,158
2,3,40,7,4,0.011787891387939453,4.9114227294921875e-05,Y,158
2,3,40,7,4,0.012442827224731445,0.01962113380432129,Y,160
2,3,40,7,4,0.013599872589111328,0.0007917881011962891,Y,160
2,3,40,7,4,0.010831117630004883,4.57763671875e-05,Y,160
2,3,40,7,4,0.012464761734008789,0.03349566459655762,Y,157
2,3,40,7,4,0.013242721557617188,0.0007460117340087891,Y,157
2,3,40,7,4,0.010705709457397461,4.076957702636719e-05,Y,157
2,3,40,7,4,0.012352943420410156,0.031667232513427734,Y,162
2,3,40,7,4,0.01344609260559082,0.0009210109710693359,Y,162
2,3,40,7,4,0.010915040969848633,4.291534423828125e-05,Y,162
2,3,40,7,4,0.012413263320922852,0.03058624267578125,Y,158
2,3,40,7,4,0.015753984451293945,0.0009090900421142578,Y,158
2,3,40,7,4,0.01353764533996582,7.510185241699219e-05,Y,158
2,3,40,7,4,0.01737189292907715,0.033158063888549805,Y,161
2,3,40,7,4,0.016850948333740234,0.0007359981536865234,Y,161
2,3,40,7,4,0.011479616165161133,4.100799560546875e-05,Y,161
2,3,40,7,4,0.012778043746948242,0.029226064682006836,Y,159
2,3,40,7,4,0.013519763946533203,0.0009911060333251953,Y,159
2,3,40,7,4,0.010774850845336914,4.6253204345703125e-05,Y,159
2,3,40,7,4,0.01256704330444336,0.01920795440673828,Y,159
2,3,40,7,4,0.014948129653930664,0.0007309913635253906,Y,159
2,3,40,7,4,0.010907888412475586,4.6253204345703125e-05,Y,159
2,3,40,7,4,0.012428998947143555,0.027279138565063477,Y,161
2,3,40,7,4,0.01343679428100586,0.0008680820465087891,Y,161
2,3,40,7,4,0.010821819305419922,4.601478576660156e-05,Y,161
2,3,50,8,4,0.01886272430419922,0.06906390190124512,Y,184
2,3,50,8,4,0.018408775329589844,0.0019769668579101562,Y,184
2,3,50,8,4,0.01681685447692871,5.078315734863281e-05,Y,184
2,3,50,8,4,0.018440961837768555,0.05316591262817383,Y,185
2,3,50,8,4,0.01930379867553711,0.0026941299438476562,Y,185
2,3,50,8,4,0.016267776489257812,4.982948303222656e-05,Y,185
2,3,50,8,4,0.01920604705810547,0.06108689308166504,Y,188
2,3,50,8,4,0.018455982208251953,0.0021462440490722656,Y,188
2,3,50,8,4,0.017127275466918945,6.29425048828125e-05,Y,188
2,3,50,8,4,0.01846480369567871,0.06115889549255371,Y,188
2,3,50,8,4,0.0207521915435791,0.001964092254638672,Y,188
2,3,50,8,4,0.01717996597290039,5.5789947509765625e-05,Y,188
2,3,50,8,4,0.01842808723449707,0.04059100151062012,Y,189
2,3,50,8,4,0.018549203872680664,0.0021009445190429688,Y,189
2,3,50,8,4,0.01619100570678711,4.696846008300781e-05,Y,189
2,3,50,8,4,0.01857304573059082,0.04828310012817383,Y,183
2,3,50,8,4,0.01848912239074707,0.0021028518676757812,Y,183
2,3,50,8,4,0.016044139862060547,4.601478576660156e-05,Y,183
2,3,50,8,4,0.019395112991333008,0.08442497253417969,Y,186
2,3,50,8,4,0.019212007522583008,0.0015869140625,Y,186
2,3,50,8,4,0.016118764877319336,5.412101745605469e-05,Y,186
2,3,50,8,4,0.018399953842163086,0.054216861724853516,Y,182
2,3,50,8,4,0.01831984519958496,0.0022039413452148438,Y,182
2,3,50,8,4,0.016148090362548828,4.982948303222656e-05,Y,182
2,3,50,8,4,0.019154787063598633,0.0924382209777832,Y,181
2,3,50,8,4,0.020097970962524414,0.0030138492584228516,Y,181
2,3,50,8,4,0.016852855682373047,5.4836273193359375e-05,Y,181
2,3,50,8,4,0.01885509490966797,0.06716799736022949,Y,188
2,3,50,8,4,0.018897294998168945,0.001583099365234375,Y,188
2,3,50,8,4,0.01642012596130371,7.605552673339844e-05,Y,188
2,3,60,8,4,0.029910802841186523,0.20987391471862793,Y,206
2,3,60,8,4,0.02761220932006836,0.0024209022521972656,Y,206
2,3,60,8,4,0.024507999420166016,7.200241088867188e-05,Y,206
2,3,60,8,4,0.02715587615966797,0.22748804092407227,Y,204
2,3,60,8,4,0.028460979461669922,0.002671957015991211,Y,204
2,3,60,8,4,0.02402520179748535,7.796287536621094e-05,Y,204
2,3,60,8,4,0.027048826217651367,0.18212008476257324,Y,207
2,3,60,8,4,0.028219223022460938,0.0020322799682617188,Y,207
2,3,60,8,4,0.024380207061767578,6.389617919921875e-05,Y,207
2,3,60,8,4,0.02704310417175293,0.16256165504455566,Y,200
2,3,60,8,4,0.027746915817260742,0.0036330223083496094,Y,200
2,3,60,8,4,0.023966073989868164,7.486343383789062e-05,Y,200
2,3,60,8,4,0.02707695960998535,0.23325872421264648,Y,204
2,3,60,8,4,0.025861024856567383,0.0033538341522216797,Y,204
2,3,60,8,4,0.019812822341918945,5.91278076171875e-05,Y,204
2,3,60,8,4,0.026535987854003906,0.2139730453491211,Y,203
2,3,60,8,4,0.0242617130279541,0.003144979476928711,Y,203
2,3,60,8,4,0.021987199783325195,6.079673767089844e-05,Y,203
2,3,60,8,4,0.022709131240844727,0.15153908729553223,Y,204
2,3,60,8,4,0.025068044662475586,0.002366781234741211,Y,204
2,3,60,8,4,0.022059917449951172,8.702278137207031e-05,Y,204
2,3,60,8,4,0.02504897117614746,0.21282696723937988,Y,203
2,3,60,8,4,0.02656722068786621,0.0020389556884765625,Y,203
2,3,60,8,4,0.021465778350830078,5.602836608886719e-05,Y,203
2,3,60,8,4,0.027943134307861328,0.15425419807434082,Y,206
2,3,60,8,4,0.02312493324279785,0.002190828323364258,Y,206
2,3,60,8,4,0.02205801010131836,5.7220458984375e-05,Y,206
2,3,60,8,4,0.022555828094482422,0.20685386657714844,Y,201
2,3,60,8,4,0.02411484718322754,0.0018241405487060547,Y,201
2,3,60,8,4,0.021045923233032227,6.818771362304688e-05,Y,201
2,3,70,9,5,0.032814979553222656,1.0555930137634277,Y,232
2,3,70,9,5,0.032206058502197266,0.06339812278747559,Y,232
2,3,70,9,5,0.03143596649169922,0.00013113021850585938,Y,232
2,3,70,9,5,0.02940082550048828,6.413459777832031e-05,Y,232
2,3,70,9,5,0.032917022705078125,0.9525418281555176,Y,230
2,3,70,9,5,0.047577857971191406,0.07667994499206543,Y,230
2,3,70,9,5,0.03138017654418945,0.00012993812561035156,Y,230
2,3,70,9,5,0.03151893615722656,7.224082946777344e-05,Y,230
2,3,70,9,5,0.0317537784576416,1.3119049072265625,Y,231
2,3,70,9,5,0.030792236328125,0.07479405403137207,Y,231
2,3,70,9,5,0.032492876052856445,0.00013589859008789062,Y,231
2,3,70,9,5,0.0273740291595459,6.4849853515625e-05,Y,231
2,3,70,9,5,0.03105306625366211,1.1478068828582764,Y,230
2,3,70,9,5,0.03311300277709961,0.06251716613769531,Y,230
2,3,70,9,5,0.02835679054260254,0.00011706352233886719,Y,230
2,3,70,9,5,0.02875494956970215,6.890296936035156e-05,Y,230
2,3,70,9,5,0.033577919006347656,1.0014560222625732,Y,230
2,3,70,9,5,0.03056192398071289,0.054982900619506836,Y,230
2,3,70,9,5,0.02864813804626465,0.00011420249938964844,Y,230
2,3,70,9,5,0.02965092658996582,6.198883056640625e-05,Y,230
2,3,70,9,5,0.03422904014587402,0.9804890155792236,Y,232
2,3,70,9,5,0.030564069747924805,0.05801868438720703,Y,232
2,3,70,9,5,0.032705068588256836,0.0001277923583984375,Y,232
2,3,70,9,5,0.03082585334777832,6.008148193359375e-05,Y,232
2,3,70,9,5,0.03453707695007324,0.9397311210632324,Y,231
2,3,70,9,5,0.034786224365234375,0.05981802940368652,Y,231
2,3,70,9,5,0.03247785568237305,0.000125885009765625,Y,231
2,3,70,9,5,0.028306961059570312,7.200241088867188e-05,Y,231
2,3,70,9,5,0.030132770538330078,1.01478910446167,Y,230
2,3,70,9,5,0.031812191009521484,0.06525969505310059,Y,230
2,3,70,9,5,0.029738903045654297,0.00013685226440429688,Y,230
2,3,70,9,5,0.029515981674194336,7.200241088867188e-05,Y,230
2,3,70,9,5,0.030665874481201172,0.8710551261901855,Y,231
2,3,70,9,5,0.0317530632019043,0.04088282585144043,Y,231
2,3,70,9,5,0.033080101013183594,0.00011992454528808594,Y,231
2,3,70,9,5,0.028741836547851562,6.413459777832031e-05,Y,231
2,3,70,9,5,0.03403902053833008,1.0825059413909912,Y,227
2,3,70,9,5,0.03447699546813965,0.05779290199279785,Y,227
2,3,70,9,5,0.028947114944458008,0.00012087821960449219,Y,227
2,3,70,9,5,0.030385971069335938,7.009506225585938e-05,Y,227
2,3,80,9,5,0.042984962463378906,2.265882968902588,Y,249
2,3,80,9,5,0.043443918228149414,0.12148594856262207,Y,249
2,3,80,9,5,0.041021108627319336,0.00015997886657714844,Y,249
2,3,80,9,5,0.04235506057739258,8.106231689453125e-05,Y,249
2,3,80,9,5,0.04320478439331055,3.2606289386749268,Y,250
2,3,80,9,5,0.046572208404541016,0.1300199031829834,Y,250
2,3,80,9,5,0.04649496078491211,0.0001850128173828125,Y,250
2,3,80,9,5,0.04433298110961914,9.703636169433594e-05,Y,250
2,3,80,9,5,0.04227566719055176,3.0334227085113525,Y,250
2,3,80,9,5,0.04274487495422363,0.14100289344787598,Y,250
2,3,80,9,5,0.0471341609954834,0.00017881393432617188,Y,250
2,3,80,9,5,0.04450798034667969,9.393692016601562e-05,Y,250
2,3,80,9,5,0.050134897232055664,2.56113600730896,Y,250
2,3,80,9,5,0.043745994567871094,0.1558670997619629,Y,250
2,3,80,9,5,0.045794010162353516,0.0001709461212158203,Y,250
2,3,80,9,5,0.04439115524291992,9.703636169433594e-05,Y,250
2,3,80,9,5,0.04507589340209961,2.813183069229126,Y,249
2,3,80,9,5,0.04829907417297363,0.15729284286499023,Y,249
2,3,80,9,5,0.0482330322265625,0.0002281665802001953,Y,249
2,3,80,9,5,0.043203115463256836,9.298324584960938e-05,Y,249
2,3,80,9,5,0.04671001434326172,3.1728711128234863,Y,249
2,3,80,9,5,0.049963951110839844,0.11780786514282227,Y,249
2,3,80,9,5,0.046730995178222656,0.00014090538024902344,Y,249
2,3,80,9,5,0.03984689712524414,9.393692016601562e-05,Y,249
2,3,80,9,5,0.04690217971801758,3.2512738704681396,Y,250
2,3,80,9,5,0.04647707939147949,0.11050009727478027,Y,250
2,3,80,9,5,0.04095792770385742,0.00016689300537109375,Y,250
2,3,80,9,5,0.04268693923950195,9.703636169433594e-05,Y,250
2,3,80,9,5,0.04949498176574707,3.683830976486206,Y,247
2,3,80,9,5,0.05034613609313965,0.1378040313720703,Y,247
2,3,80,9,5,0.04514789581298828,0.00017595291137695312,Y,247
2,3,80,9,5,0.039649009704589844,9.417533874511719e-05,Y,247
2,3,80,9,5,0.0494229793548584,4.202507972717285,Y,249
2,3,80,9,5,0.05180501937866211,0.11988997459411621,Y,249
2,3,80,9,5,0.04127383232116699,0.000164031982421875,Y,249
2,3,80,9,5,0.04341721534729004,9.799003601074219e-05,Y,249
2,3,80,9,5,0.04665088653564453,2.416684150695801,Y,248
2,3,80,9,5,0.046363115310668945,0.09297013282775879,Y,248
2,3,80,9,5,0.04890275001525879,0.00017976760864257812,Y,248
2,3,80,9,5,0.046649932861328125,9.107589721679688e-05,Y,248
2,3,90,10,5,0.06534910202026367,3.8118042945861816,Y,279
2,3,90,10,5,0.06711483001708984,0.324491024017334,Y,279
2,3,90,10,5,0.05678725242614746,0.00016617774963378906,Y,279
2,3,90,10,5,0.05398201942443848,0.00010013580322265625,Y,279
2,3,90,10,5,0.056774139404296875,4.169341087341309,Y,276
2,3,90,10,5,0.06541609764099121,0.2035210132598877,Y,276
2,3,90,10,5,0.05784296989440918,0.00019097328186035156,Y,276
2,3,90,10,5,0.05391192436218262,0.00010704994201660156,Y,276
2,3,90,10,5,0.06418800354003906,4.624496936798096,Y,277
2,3,90,10,5,0.06621432304382324,0.21029090881347656,Y,277
2,3,90,10,5,0.06345295906066895,0.00021696090698242188,Y,277
2,3,90,10,5,0.060141801834106445,0.00011181831359863281,Y,277
2,3,90,10,5,0.05633807182312012,4.7591331005096436,Y,278
2,3,90,10,5,0.05909395217895508,0.2004549503326416,Y,278
2,3,90,10,5,0.06291699409484863,0.00023293495178222656,Y,278
2,3,90,10,5,0.06013011932373047,0.00011181831359863281,Y,278
2,3,90,10,5,0.0670478343963623,4.704938888549805,Y,280
2,3,90,10,5,0.06595611572265625,0.12584972381591797,Y,280
2,3,90,10,5,0.057179927825927734,0.00022101402282714844,Y,280
2,3,90,10,5,0.05375528335571289,0.00010228157043457031,Y,280
2,3,90,10,5,0.06261491775512695,3.9618029594421387,Y,278
2,3,90,10,5,0.06690573692321777,0.19757485389709473,Y,278
2,3,90,10,5,0.06356501579284668,0.0002167224884033203,Y,278
2,3,90,10,5,0.06089591979980469,0.00011801719665527344,Y,278
2,3,90,10,5,0.06525206565856934,3.7135958671569824,Y,278
2,3,90,10,5,0.06339406967163086,0.21123242378234863,Y,278
2,3,90,10,5,0.05894279479980469,0.00018262863159179688,Y,278
2,3,90,10,5,0.05368971824645996,9.918212890625e-05,Y,278
2,3,90,10,5,0.05988502502441406,4.920094966888428,Y,276
2,3,90,10,5,0.05791521072387695,0.35551881790161133,Y,276
2,3,90,10,5,0.05821728706359863,0.00020503997802734375,Y,276
2,3,90,10,5,0.055693864822387695,0.00012493133544921875,Y,276
2,3,90,10,5,0.06060910224914551,4.43844199180603,Y,277
2,3,90,10,5,0.06721687316894531,0.19681310653686523,Y,277
2,3,90,10,5,0.0640556812286377,0.00021719932556152344,Y,277
2,3,90,10,5,0.05437493324279785,9.703636169433594e-05,Y,277
2,3,90,10,5,0.06099820137023926,3.7367630004882812,Y,278
2,3,90,10,5,0.0664210319519043,0.16876792907714844,Y,278
2,3,90,10,5,0.0597379207611084,0.0002219676971435547,Y,278
2,3,90,10,5,0.06180405616760254,0.00010418891906738281,Y,278
2,3,100,10,5,0.07768607139587402,15.715391874313354,Y,280
2,3,100,10,5,0.07424116134643555,0.443803071975708,Y,280
2,3,100,10,5,0.0714261531829834,0.0015249252319335938,Y,280
2,3,100,10,5,0.07052493095397949,0.0004208087921142578,Y,280
2,3,100,10,5,0.0802152156829834,18.74572205543518,Y,280
2,3,100,10,5,0.0730891227722168,0.4017951488494873,Y,280
2,3,100,10,5,0.0792989730834961,0.0007071495056152344,Y,280
2,3,100,10,5,0.07177305221557617,0.00025200843811035156,Y,280
2,3,100,10,5,0.07672595977783203,18.763088941574097,Y,279
2,3,100,10,5,0.07179379463195801,0.48526501655578613,Y,279
2,3,100,10,5,0.07890605926513672,0.0017769336700439453,Y,279
2,3,100,10,5,0.06670713424682617,0.00043487548828125,Y,279
2,3,100,10,5,0.07786083221435547,11.834825992584229,Y,277
2,3,100,10,5,0.07435798645019531,0.5093159675598145,Y,277
2,3,100,10,5,0.0761270523071289,0.0011610984802246094,Y,277
2,3,100,10,5,0.06926703453063965,0.00033593177795410156,Y,277
2,3,100,10,5,0.07841682434082031,17.296386003494263,Y,279
2,3,100,10,5,0.08104515075683594,0.4899008274078369,Y,279
2,3,100,10,5,0.07352900505065918,0.001318216323852539,Y,279
2,3,100,10,5,0.07375788688659668,0.00024199485778808594,Y,279
2,3,100,10,5,0.08042597770690918,20.197059154510498,Y,279
2,3,100,10,5,0.08217024803161621,0.46004199981689453,Y,279
2,3,100,10,5,0.0777578353881836,0.0010371208190917969,Y,279
2,3,100,10,5,0.06937694549560547,0.0003142356872558594,Y,279
2,3,100,10,5,0.07835793495178223,12.510401010513306,Y,279
2,3,100,10,5,0.07767033576965332,0.43748021125793457,Y,279
2,3,100,10,5,0.07791709899902344,0.001291036605834961,Y,279
2,3,100,10,5,0.06644868850708008,0.00031113624572753906,Y,279
2,3,100,10,5,0.07307577133178711,18.757678270339966,Y,278
2,3,100,10,5,0.08136224746704102,0.4626121520996094,Y,278
2,3,100,10,5,0.07895922660827637,0.0013532638549804688,Y,278
2,3,100,10,5,0.06760191917419434,0.0002770423889160156,Y,278
2,3,100,10,5,0.07416677474975586,18.050748825073242,Y,278
2,3,100,10,5,0.07449603080749512,0.388638973236084,Y,278
2,3,100,10,5,0.07280707359313965,0.0013849735260009766,Y,278
2,3,100,10,5,0.07503294944763184,0.0003800392150878906,Y,278
2,3,100,10,5,0.0791177749633789,18.231544971466064,Y,279
2,3,100,10,5,0.0786747932434082,0.44700193405151367,Y,279
2,3,100,10,5,0.07780003547668457,0.0002779960632324219,Y,279
2,3,100,10,5,0.06579303741455078,0.0001220703125,Y,279
2,2,10,4,2,0.0007219314575195312,8.893013000488281e-05,Y,27
2,2,10,4,2,0.000598907470703125,1.5974044799804688e-05,Y,27
2,2,10,4,2,0.0004830360412597656,1.1205673217773438e-05,Y,27
2,2,10,4,2,0.0006692409515380859,9.107589721679688e-05,Y,26
2,2,10,4,2,0.0005428791046142578,1.4781951904296875e-05,Y,26
2,2,10,4,2,0.00043892860412597656,1.0967254638671875e-05,Y,26
2,2,10,4,2,0.0006630420684814453,9.584426879882812e-05,Y,29
2,2,10,4,2,0.0005509853363037109,1.5020370483398438e-05,Y,29
2,2,10,4,2,0.0005009174346923828,1.1920928955078125e-05,Y,29
2,2,10,4,2,0.0006978511810302734,7.081031799316406e-05,Y,30
2,2,10,4,2,0.0006039142608642578,1.52587890625e-05,Y,30
2,2,10,4,2,0.0004878044128417969,1.0967254638671875e-05,Y,30
2,2,10,4,2,0.0007379055023193359,8.0108642578125e-05,Y,29
2,2,10,4,2,0.0006120204925537109,1.4781951904296875e-05,Y,29
2,2,10,4,2,0.0005240440368652344,1.5020370483398438e-05,Y,29
2,2,10,4,2,0.0007240772247314453,7.605552673339844e-05,Y,30
2,2,10,4,2,0.0006172657012939453,1.5974044799804688e-05,Y,30
2,2,10,4,2,0.000518798828125,1.2159347534179688e-05,Y,30
2,2,10,4,2,0.0007240772247314453,7.414817810058594e-05,Y,31
2,2,10,4,2,0.0006458759307861328,1.6927719116210938e-05,Y,31
2,2,10,4,2,0.0005261898040771484,1.621246337890625e-05,Y,31
2,2,10,4,2,0.0007479190826416016,8.106231689453125e-05,Y,29
2,2,10,4,2,0.0006749629974365234,1.6927719116210938e-05,Y,29
2,2,10,4,2,0.0005362033843994141,1.1920928955078125e-05,Y,29
2,2,10,4,2,0.0007429122924804688,7.700920104980469e-05,Y,29
2,2,10,4,2,0.000644683837890625,1.6927719116210938e-05,Y,29
2,2,10,4,2,0.0005369186401367188,1.2159347534179688e-05,Y,29
2,2,10,4,2,0.0007920265197753906,8.797645568847656e-05,Y,30
2,2,10,4,2,0.0006921291351318359,1.71661376953125e-05,Y,30
2,2,10,4,2,0.0005490779876708984,1.3113021850585938e-05,Y,30
2,2,20,5,3,0.0024018287658691406,0.0011069774627685547,Y,51
2,2,20,5,3,0.0023500919342041016,0.0002739429473876953,Y,51
2,2,20,5,3,0.001875162124633789,2.002716064453125e-05,Y,51
2,2,20,5,3,0.0024330615997314453,0.0009891986846923828,Y,55
2,2,20,5,3,0.002621889114379883,0.00025200843811035156,Y,55
2,2,20,5,3,0.0020110607147216797,2.5033950805664062e-05,Y,55
2,2,20,5,3,0.0027620792388916016,0.0008361339569091797,Y,55
2,2,20,5,3,0.0027570724487304688,0.0002980232238769531,Y,55
2,2,20,5,3,0.0019731521606445312,2.09808349609375e-05,Y,55
2,2,20,5,3,0.002710103988647461,0.001026153564453125,Y,51
2,2,20,5,3,0.0025632381439208984,0.0003230571746826172,Y,51
2,2,20,5,3,0.0021250247955322266,2.8133392333984375e-05,Y,51
2,2,20,5,3,0.002749919891357422,0.0009791851043701172,Y,52
2,2,20,5,3,0.002801179885864258,0.00047779083251953125,Y,52
2,2,20,5,3,0.0021660327911376953,4.506111145019531e-05,Y,52
2,2,20,5,3,0.003144979476928711,0.0011222362518310547,Y,50
2,2,20,5,3,0.0024230480194091797,0.0003058910369873047,Y,50
2,2,20,5,3,0.0018329620361328125,2.09808349609375e-05,Y,50
2,2,20,5,3,0.002257823944091797,0.0007622241973876953,Y,54
2,2,20,5,3,0.0024938583374023438,0.0003771781921386719,Y,54
2,2,20,5,3,0.0018880367279052734,2.6226043701171875e-05,Y,54
2,2,20,5,3,0.0026450157165527344,0.0007538795471191406,Y,50
2,2,20,5,3,0.002276897430419922,0.0003020763397216797,Y,50
2,2,20,5,3,0.0018067359924316406,2.09808349609375e-05,Y,50
2,2,20,5,3,0.003025054931640625,0.0008840560913085938,Y,51
2,2,20,5,3,0.002774953842163086,0.00039076805114746094,Y,51
2,2,20,5,3,0.002023935317993164,2.193450927734375e-05,Y,51
2,2,20,5,3,0.0023260116577148438,0.0007500648498535156,Y,53
2,2,20,5,3,0.0023789405822753906,0.0002880096435546875,Y,53
2,2,20,5,3,0.0016782283782958984,1.9073486328125e-05,Y,53
2,2,30,6,3,0.004728078842163086,0.002207040786743164,Y,79
2,2,30,6,3,0.005232095718383789,0.00044226646423339844,Y,79
2,2,30,6,3,0.004589080810546875,3.314018249511719e-05,Y,79
2,2,30,6,3,0.00571894645690918,0.0023937225341796875,Y,84
2,2,30,6,3,0.004986763000488281,0.0004911422729492188,Y,84
2,2,30,6,3,0.0043561458587646484,3.933906555175781e-05,Y,84
2,2,30,6,3,0.007645130157470703,0.002417325973510742,Y,80
2,2,30,6,3,0.0047719478607177734,0.0004019737243652344,Y,80
2,2,30,6,3,0.004281282424926758,4.1961669921875e-05,Y,80
2,2,30,6,3,0.005277872085571289,0.002730131149291992,Y,80
2,2,30,6,3,0.005979061126708984,0.0006659030914306641,Y,80
2,2,30,6,3,0.003972053527832031,2.384185791015625e-05,Y,80
2,2,30,6,3,0.0049479007720947266,0.0024640560150146484,Y,77
2,2,30,6,3,0.0047969818115234375,0.0004470348358154297,Y,77
2,2,30,6,3,0.0041599273681640625,3.886222839355469e-05,Y,77
2,2,30,6,3,0.005482912063598633,0.0021860599517822266,Y,81
2,2,30,6,3,0.0054819583892822266,0.00039887428283691406,Y,81
2,2,30,6,3,0.003877878189086914,2.47955322265625e-05,Y,81
2,2,30,6,3,0.004841804504394531,0.002629995346069336,Y,77
2,2,30,6,3,0.005158185958862305,0.0004668235778808594,Y,77
2,2,30,6,3,0.004303693771362305,3.2901763916015625e-05,Y,77
2,2,30,6,3,0.0058748722076416016,0.0028488636016845703,Y,79
2,2,30,6,3,0.005335092544555664,0.00047898292541503906,Y,79
2,2,30,6,3,0.004470109939575195,2.8848648071289062e-05,Y,79
2,2,30,6,3,0.005644083023071289,0.0023908615112304688,Y,81
2,2,30,6,3,0.005686044692993164,0.0005209445953369141,Y,81
2,2,30,6,3,0.0047512054443359375,3.1948089599609375e-05,Y,81
2,2,30,6,3,0.005676984786987305,0.0032808780670166016,Y,73
2,2,30,6,3,0.006085872650146484,0.0004999637603759766,Y,73
2,2,30,6,3,0.0040073394775390625,2.9087066650390625e-05,Y,73
2,2,40,7,4,0.00961923599243164,0.05083894729614258,Y,106
2,2,40,7,4,0.00882577896118164,0.0007371902465820312,Y,106
2,2,40,7,4,0.007634878158569336,3.600120544433594e-05,Y,106
2,2,40,7,4,0.008546113967895508,0.03514289855957031,Y,106
2,2,40,7,4,0.010564804077148438,0.00078582763671875,Y,106
2,2,40,7,4,0.006854057312011719,3.0994415283203125e-05,Y,106
2,2,40,7,4,0.00896310806274414,0.054772138595581055,Y,106
2,2,40,7,4,0.00898599624633789,0.0006880760192871094,Y,106
2,2,40,7,4,0.007760047912597656,3.814697265625e-05,Y,106
2,2,40,7,4,0.008797883987426758,0.06587791442871094,Y,105
2,2,40,7,4,0.009591102600097656,0.0008339881896972656,Y,105
2,2,40,7,4,0.008147001266479492,4.100799560546875e-05,Y,105
2,2,40,7,4,0.0085906982421875,0.05594801902770996,Y,107
2,2,40,7,4,0.009906768798828125,0.0008730888366699219,Y,107
2,2,40,7,4,0.008427143096923828,4.38690185546875e-05,Y,107
2,2,40,7,4,0.01002812385559082,0.04696083068847656,Y,107
2,2,40,7,4,0.008593082427978516,0.0007450580596923828,Y,107
2,2,40,7,4,0.00783395767211914,3.719329833984375e-05,Y,107
2,2,40,7,4,0.009945154190063477,0.05060386657714844,Y,108
2,2,40,7,4,0.009820938110351562,0.0008158683776855469,Y,108
2,2,40,7,4,0.008342981338500977,3.790855407714844e-05,Y,108
2,2,40,7,4,0.010305643081665039,0.05794095993041992,Y,106
2,2,40,7,4,0.009892940521240234,0.0009348392486572266,Y,106
2,2,40,7,4,0.008456945419311523,3.981590270996094e-05,Y,106
2,2,40,7,4,0.010537862777709961,0.04209399223327637,Y,109
2,2,40,7,4,0.009803056716918945,0.0008080005645751953,Y,109
2,2,40,7,4,0.007425069808959961,2.7894973754882812e-05,Y,109
2,2,40,7,4,0.008786916732788086,0.03151392936706543,Y,109
2,2,40,7,4,0.010282039642333984,0.0007948875427246094,Y,109
2,2,40,7,4,0.008530855178833008,3.409385681152344e-05,Y,109
2,2,50,8,4,0.01512598991394043,0.1155848503112793,Y,122
2,2,50,8,4,0.014754056930541992,0.002907991409301758,Y,122
2,2,50,8,4,0.012475252151489258,4.887580871582031e-05,Y,122
2,2,50,8,4,0.012473106384277344,0.21317219734191895,Y,118
2,2,50,8,4,0.014796018600463867,0.003916740417480469,Y,118
2,2,50,8,4,0.01087498664855957,4.9114227294921875e-05,Y,118
2,2,50,8,4,0.012469053268432617,0.12217497825622559,Y,121
2,2,50,8,4,0.012523889541625977,0.003964900970458984,Y,121
2,2,50,8,4,0.011376142501831055,4.38690185546875e-05,Y,121
2,2,50,8,4,0.012366056442260742,0.16057705879211426,Y,120
2,2,50,8,4,0.014636039733886719,0.002125263214111328,Y,120
2,2,50,8,4,0.012460947036743164,4.887580871582031e-05,Y,120
2,2,50,8,4,0.012437105178833008,0.1636800765991211,Y,126
2,2,50,8,4,0.015126943588256836,0.0036749839782714844,Y,126
2,2,50,8,4,0.010009050369262695,4.100799560546875e-05,Y,126
2,2,50,8,4,0.013030052185058594,0.18232202529907227,Y,123
2,2,50,8,4,0.012035846710205078,0.0028328895568847656,Y,123
2,2,50,8,4,0.011290788650512695,4.887580871582031e-05,Y,123
2,2,50,8,4,0.012612104415893555,0.07884907722473145,Y,125
2,2,50,8,4,0.017007112503051758,0.0027649402618408203,Y,125
2,2,50,8,4,0.012733221054077148,4.9114227294921875e-05,Y,125
2,2,50,8,4,0.015304803848266602,0.13234305381774902,Y,124
2,2,50,8,4,0.014875173568725586,0.0026907920837402344,Y,124
2,2,50,8,4,0.01271677017211914,5.602836608886719e-05,Y,124
2,2,50,8,4,0.01574397087097168,0.15851497650146484,Y,123
2,2,50,8,4,0.014908075332641602,0.0020682811737060547,Y,123
2,2,50,8,4,0.012614011764526367,5.0067901611328125e-05,Y,123
2,2,50,8,4,0.015256881713867188,0.1107170581817627,Y,124
2,2,50,8,4,0.013794898986816406,0.0025069713592529297,Y,124
2,2,50,8,4,0.012269020080566406,4.982948303222656e-05,Y,124
2,2,60,8,4,0.0223848819732666,0.34285402297973633,Y,140
2,2,60,8,4,0.022088050842285156,0.0032057762145996094,Y,140
2,2,60,8,4,0.018959999084472656,6.4849853515625e-05,Y,140
2,2,60,8,4,0.01821303367614746,0.412477970123291,Y,138
2,2,60,8,4,0.020332813262939453,0.004540920257568359,Y,138
2,2,60,8,4,0.018848896026611328,6.818771362304688e-05,Y,138
2,2,60,8,4,0.018765926361083984,0.44014596939086914,Y,141
2,2,60,8,4,0.02207326889038086,0.004023075103759766,Y,141
2,2,60,8,4,0.019158124923706055,6.723403930664062e-05,Y,141
2,2,60,8,4,0.018983125686645508,0.2875547409057617,Y,143
2,2,60,8,4,0.02084493637084961,0.0028040409088134766,Y,143
2,2,60,8,4,0.018963336944580078,6.794929504394531e-05,Y,143
2,2,60,8,4,0.01865386962890625,0.4357788562774658,Y,140
2,2,60,8,4,0.020771026611328125,0.003390073776245117,Y,140
2,2,60,8,4,0.016165733337402344,7.510185241699219e-05,Y,140
2,2,60,8,4,0.0194551944732666,0.34766674041748047,Y,140
2,2,60,8,4,0.022278785705566406,0.002838134765625,Y,140
2,2,60,8,4,0.019255876541137695,7.104873657226562e-05,Y,140
2,2,60,8,4,0.021947860717773438,0.27372097969055176,Y,144
2,2,60,8,4,0.018992185592651367,0.002562999725341797,Y,144
2,2,60,8,4,0.016883134841918945,6.175041198730469e-05,Y,144
2,2,60,8,4,0.021152019500732422,0.29748988151550293,Y,142
2,2,60,8,4,0.022095918655395508,0.003190755844116211,Y,142
2,2,60,8,4,0.01878213882446289,5.7697296142578125e-05,Y,142
2,2,60,8,4,0.01807999610900879,0.311769962310791,Y,140
2,2,60,8,4,0.021869897842407227,0.002360820770263672,Y,140
2,2,60,8,4,0.019119739532470703,6.699562072753906e-05,Y,140
2,2,60,8,4,0.019468069076538086,0.41105008125305176,Y,140
2,2,60,8,4,0.021923065185546875,0.0029859542846679688,Y,140
2,2,60,8,4,0.01873612403869629,6.67572021484375e-05,Y,140
2,2,70,9,5,0.029198646545410156,2.45120906829834,Y,161
2,2,70,9,5,0.0278170108795166,0.0900871753692627,Y,161
2,2,70,9,5,0.027611255645751953,0.00013899803161621094,Y,161
2,2,70,9,5,0.021722078323364258,6.4849853515625e-05,Y,161
2,2,70,9,5,0.026278972625732422,2.9424800872802734,Y,160
2,2,70,9,5,0.02914905548095703,0.08411788940429688,Y,160
2,2,70,9,5,0.0276949405670166,0.00015211105346679688,Y,160
2,2,70,9,5,0.020886898040771484,6.508827209472656e-05,Y,160
2,2,70,9,5,0.025676727294921875,3.1076159477233887,Y,159
2,2,70,9,5,0.02879810333251953,0.09882688522338867,Y,159
2,2,70,9,5,0.024343013763427734,0.00012493133544921875,Y,159
2,2,70,9,5,0.02183675765991211,6.29425048828125e-05,Y,159
2,2,70,9,5,0.028491973876953125,2.9850142002105713,Y,159
2,2,70,9,5,0.025127887725830078,0.10411810874938965,Y,159
2,2,70,9,5,0.027292966842651367,0.0001480579376220703,Y,159
2,2,70,9,5,0.025349855422973633,7.987022399902344e-05,Y,159
2,2,70,9,5,0.024044036865234375,2.7541370391845703,Y,162
2,2,70,9,5,0.029214143753051758,0.09235405921936035,Y,162
2,2,70,9,5,0.027077913284301758,0.00014209747314453125,Y,162
2,2,70,9,5,0.025329113006591797,7.796287536621094e-05,Y,162
2,2,70,9,5,0.023573875427246094,3.293829917907715,Y,159
2,2,70,9,5,0.028435230255126953,0.0885612964630127,Y,159
2,2,70,9,5,0.02805924415588379,0.0001518726348876953,Y,159
2,2,70,9,5,0.025651931762695312,6.699562072753906e-05,Y,159
2,2,70,9,5,0.02802300453186035,3.2733211517333984,Y,158
2,2,70,9,5,0.029191017150878906,0.09490108489990234,Y,158
2,2,70,9,5,0.027202844619750977,0.0004379749298095703,Y,158
2,2,70,9,5,0.020698070526123047,0.0001780986785888672,Y,158
2,2,70,9,5,0.024989843368530273,2.662909984588623,Y,159
2,2,70,9,5,0.029208660125732422,0.10317587852478027,Y,159
2,2,70,9,5,0.023756980895996094,0.00014209747314453125,Y,159
2,2,70,9,5,0.02540898323059082,7.915496826171875e-05,Y,159
2,2,70,9,5,0.024350881576538086,3.2896440029144287,Y,160
2,2,70,9,5,0.027465105056762695,0.11432504653930664,Y,160
2,2,70,9,5,0.02274012565612793,0.00012803077697753906,Y,160
2,2,70,9,5,0.023759841918945312,7.700920104980469e-05,Y,160
2,2,70,9,5,0.024994850158691406,2.0692532062530518,Y,159
2,2,70,9,5,0.031028032302856445,0.10644984245300293,Y,159
2,2,70,9,5,0.023641109466552734,0.00043773651123046875,Y,159
2,2,70,9,5,0.021595001220703125,0.00013589859008789062,Y,159
2,2,80,9,5,0.03479170799255371,6.9029529094696045,Y,162
2,2,80,9,5,0.03646206855773926,0.2100510597229004,Y,162
2,2,80,9,5,0.03452801704406738,0.0009469985961914062,Y,162
2,2,80,9,5,0.032438039779663086,0.00023674964904785156,Y,162
2,2,80,9,5,0.033181190490722656,7.667078256607056,Y,162
2,2,80,9,5,0.032366037368774414,0.22837495803833008,Y,162
2,2,80,9,5,0.03386998176574707,0.00016999244689941406,Y,162
2,2,80,9,5,0.03212690353393555,9.083747863769531e-05,Y,162
2,2,80,9,5,0.031107187271118164,12.121737241744995,Y,158
2,2,80,9,5,0.03602886199951172,0.286221981048584,Y,158
2,2,80,9,5,0.02884387969970703,0.00015592575073242188,Y,158
2,2,80,9,5,0.02969217300415039,8.821487426757812e-05,Y,158
2,2,80,9,5,0.03570675849914551,10.556320905685425,Y,159
2,2,80,9,5,0.036691904067993164,0.24411416053771973,Y,159
2,2,80,9,5,0.030256986618041992,0.0009882450103759766,Y,159
2,2,80,9,5,0.03148007392883301,0.0002720355987548828,Y,159
2,2,80,9,5,0.03171491622924805,9.958549976348877,Y,160
2,2,80,9,5,0.03631019592285156,0.24666881561279297,Y,160
2,2,80,9,5,0.03444814682006836,0.0001709461212158203,Y,160
2,2,80,9,5,0.032502174377441406,9.179115295410156e-05,Y,160
2,2,80,9,5,0.03039693832397461,9.784344911575317,Y,162
2,2,80,9,5,0.03228187561035156,0.3149559497833252,Y,162
2,2,80,9,5,0.028629064559936523,0.00015687942504882812,Y,162
2,2,80,9,5,0.030827999114990234,9.083747863769531e-05,Y,162
2,2,80,9,5,0.031682729721069336,13.236245155334473,Y,161
2,2,80,9,5,0.03869318962097168,0.21651816368103027,Y,161
2,2,80,9,5,0.03413105010986328,0.00090789794921875,Y,161
2,2,80,9,5,0.03169894218444824,0.00019669532775878906,Y,161
2,2,80,9,5,0.03647303581237793,13.34004807472229,Y,162
2,2,80,9,5,0.03206515312194824,0.2799489498138428,Y,162
2,2,80,9,5,0.029875993728637695,0.0005397796630859375,Y,162
2,2,80,9,5,0.028500080108642578,0.00021910667419433594,Y,162
2,2,80,9,5,0.033164024353027344,10.572810888290405,Y,159
2,2,80,9,5,0.0319979190826416,0.2537693977355957,Y,159
2,2,80,9,5,0.029719829559326172,0.00017309188842773438,Y,159
2,2,80,9,5,0.030786752700805664,9.012222290039062e-05,Y,159
2,2,80,9,5,0.03648018836975098,11.759730815887451,Y,158
2,2,80,9,5,0.032087087631225586,0.23770594596862793,Y,158
2,2,80,9,5,0.03413081169128418,0.0007429122924804688,Y,158
2,2,80,9,5,0.03167104721069336,0.0002999305725097656,Y,158
2,2,90,10,5,0.045907020568847656,21.313338041305542,Y,178
2,2,90,10,5,0.044523000717163086,0.34198617935180664,Y,178
2,2,90,10,5,0.0428009033203125,0.0011279582977294922,Y,178
2,2,90,10,5,0.03982090950012207,0.00025200843811035156,Y,178
2,2,90,10,5,0.038658857345581055,13.3055419921875,Y,180
2,2,90,10,5,0.04581904411315918,0.31476521492004395,Y,180
2,2,90,10,5,0.040937185287475586,0.0009222030639648438,Y,180
2,2,90,10,5,0.04053497314453125,0.0002570152282714844,Y,180
2,2,90,10,5,0.04536008834838867,19.261795043945312,Y,177
2,2,90,10,5,0.04296398162841797,0.3765580654144287,Y,177
2,2,90,10,5,0.03831171989440918,0.00018024444580078125,Y,177
2,2,90,10,5,0.03511691093444824,0.0001010894775390625,Y,177
2,2,90,10,5,0.046563148498535156,18.83290123939514,Y,179
2,2,90,10,5,0.0451200008392334,0.35491394996643066,Y,179
2,2,90,10,5,0.03590512275695801,0.0008678436279296875,Y,179
2,2,90,10,5,0.03620100021362305,0.000225067138671875,Y,179
2,2,90,10,5,0.0439300537109375,19.59202003479004,Y,178
2,2,90,10,5,0.042330026626586914,0.33516788482666016,Y,178
2,2,90,10,5,0.04279804229736328,0.0009660720825195312,Y,178
2,2,90,10,5,0.03951692581176758,0.0002968311309814453,Y,178
2,2,90,10,5,0.04510378837585449,20.602115869522095,Y,179
2,2,90,10,5,0.03944206237792969,0.3844599723815918,Y,179
2,2,90,10,5,0.03760218620300293,0.0008985996246337891,Y,179
2,2,90,10,5,0.03461194038391113,0.00029015541076660156,Y,179
2,2,90,10,5,0.04442906379699707,20.70525813102722,Y,177
2,2,90,10,5,0.0444331169128418,0.5224182605743408,Y,177
2,2,90,10,5,0.04136085510253906,0.0011730194091796875,Y,177
2,2,90,10,5,0.03417205810546875,0.0002779960632324219,Y,177
2,2,90,10,5,0.0422670841217041,22.637492895126343,Y,173
2,2,90,10,5,0.03809309005737305,0.3134150505065918,Y,173
2,2,90,10,5,0.04167485237121582,0.0007309913635253906,Y,173
2,2,90,10,5,0.03914380073547363,0.0003120899200439453,Y,173
2,2,90,10,5,0.04495096206665039,19.4790358543396,Y,178
2,2,90,10,5,0.04500913619995117,0.3599832057952881,Y,178
2,2,90,10,5,0.04218482971191406,0.0007619857788085938,Y,178
2,2,90,10,5,0.039459943771362305,0.0003142356872558594,Y,178
2,2,90,10,5,0.039751291275024414,20.031247854232788,Y,179
2,2,90,10,5,0.04442286491394043,0.3594329357147217,Y,179
2,2,90,10,5,0.041210174560546875,0.00102996826171875,Y,179
2,2,90,10,5,0.03986215591430664,0.0002970695495605469,Y,179
2,2,100,10,5,0.052188873291015625,53.382181882858276,Y,198
2,2,100,10,5,0.058792829513549805,0.5262851715087891,Y,198
2,2,100,10,5,0.05587911605834961,0.0010941028594970703,Y,198
2,2,100,10,5,0.0517728328704834,0.0004470348358154297,Y,198
