c,d,n,k,r,gen_time,solve_time,valid,sel_len
12,12,10,4,2,0.006366999999999998,0.00014799999999999536,Y,257
12,12,10,4,2,0.0049960000000000004,0.00013499999999998236,Y,248
12,12,10,4,2,0.005728000000000011,0.00011500000000000399,Y,257
12,12,10,4,2,0.005104999999999998,0.00010899999999997023,Y,266
12,12,10,4,2,0.006038000000000016,0.00011700000000000599,Y,251
12,12,10,4,2,0.0046670000000000045,0.00010199999999999099,Y,258
12,12,10,4,2,0.007006000000000012,0.00013599999999996948,Y,254
12,12,10,4,2,0.005399999999999988,0.00011200000000000099,Y,254
12,12,10,4,2,0.004821999999999993,0.00010299999999999199,Y,258
12,12,10,4,2,0.004343999999999987,8.900000000000574e-05,Y,253
12,12,20,5,3,0.019654000000000005,0.0006270000000000164,Y,622
12,12,20,5,3,0.019735000000000003,0.0005840000000000012,Y,617
12,12,20,5,3,0.018716999999999984,0.0005560000000000009,Y,631
12,12,20,5,3,0.019851000000000008,0.0007389999999999619,Y,622
12,12,20,5,3,0.027957999999999983,0.0009089999999999931,Y,627
12,12,20,5,3,0.025928000000000007,0.0008620000000000294,Y,621
12,12,20,5,3,0.019387000000000043,0.0006559999999999899,Y,607
12,12,20,5,3,0.018059000000000047,0.0005970000000000142,Y,619
12,12,20,5,3,0.018178000000000027,0.0006579999999999919,Y,625
12,12,20,5,3,0.018679999999999974,0.0006059999999999954,Y,620
12,12,30,6,3,0.06912200000000002,0.001796999999999993,Y,1035
12,12,30,6,3,0.06946799999999997,0.0016979999999999218,Y,1032
12,12,30,6,3,0.06604100000000013,0.0017220000000000013,Y,1004
12,12,30,6,3,0.06582699999999986,0.0019339999999999913,Y,1011
12,12,30,6,3,0.06649700000000003,0.001811000000000007,Y,1013
12,12,30,6,3,0.06554099999999996,0.0018089999999999495,Y,1016
12,12,30,6,3,0.065778,0.0020099999999998452,Y,1006
12,12,30,6,3,0.06762000000000001,0.0020279999999998077,Y,1013
12,12,30,6,3,0.06580000000000008,0.0017899999999998473,Y,1002
12,12,30,6,3,0.06549400000000016,0.0015240000000000808,Y,998
12,12,40,7,4,0.128919,0.0060840000000002,Y,1428
12,12,40,7,4,0.13052300000000017,0.0034120000000001927,Y,1451
12,12,40,7,4,0.12484700000000015,0.004219000000000195,Y,1457
12,12,40,7,4,0.1233550000000001,0.0043359999999998955,Y,1424
12,12,40,7,4,0.12229099999999993,0.005247999999999919,Y,1405
12,12,40,7,4,0.12366199999999994,0.004664999999999697,Y,1457
12,12,40,7,4,0.12365399999999993,0.005263000000000018,Y,1427
12,12,40,7,4,0.12683699999999964,0.004572999999999716,Y,1442
12,12,40,7,4,0.1236250000000001,0.004506000000000121,Y,1445
12,12,40,7,4,0.12482500000000041,0.006105999999999501,Y,1445
12,12,50,8,4,0.20210699999999937,0.005466999999999889,Y,1859
12,12,50,8,4,0.19823400000000024,0.00579900000000011,Y,1842
12,12,50,8,4,0.19568200000000013,0.006253000000000064,Y,1797
12,12,50,8,4,0.19833699999999999,0.0045039999999998415,Y,1839
12,12,50,8,4,0.1972810000000007,0.006325000000000358,Y,1828
12,12,50,8,4,0.1991710000000002,0.005418999999999841,Y,1817
12,12,50,8,4,0.19575200000000015,0.006960999999999995,Y,1811
12,12,50,8,4,0.19778299999999982,0.0053520000000002454,Y,1873
12,12,50,8,4,0.1970149999999995,0.005455999999999683,Y,1837
12,12,50,8,4,0.1980050000000011,0.006019000000000219,Y,1860
12,12,60,8,4,0.2978000000000005,0.011636999999999453,Y,2254
12,12,60,8,4,0.31269600000000075,0.01098599999999994,Y,2248
12,12,60,8,4,0.30289000000000055,0.010736999999998886,Y,2254
12,12,60,8,4,0.33133699999999955,0.01206200000000024,Y,2244
12,12,60,8,4,0.2981309999999997,0.012983000000001077,Y,2259
12,12,60,8,4,0.2969450000000009,0.00957799999999942,Y,2236
12,12,60,8,4,0.29690100000000097,0.009028000000000702,Y,2244
12,12,60,8,4,0.2951410000000001,0.010911999999999367,Y,2237
12,12,60,8,4,0.29606200000000005,0.011590000000000877,Y,2230
12,12,60,8,4,0.29472200000000015,0.011643999999999544,Y,2236
12,12,70,9,5,0.41422199999999965,0.027303999999999995,Y,2669
12,12,70,9,5,0.410521000000001,0.028433000000001485,Y,2635
12,12,70,9,5,0.4069969999999987,0.024759000000001308,Y,2639
12,12,70,9,5,0.41131900000000066,0.0244900000000019,Y,2640
12,12,70,9,5,0.41051200000000065,0.022306000000002157,Y,2661
12,12,70,9,5,0.4115050000000018,0.02765399999999829,Y,2636
12,12,70,9,5,0.41415399999999636,0.02970700000000015,Y,2648
12,12,70,9,5,0.4101039999999987,0.03217700000000079,Y,2665
12,12,70,9,5,0.4136310000000005,0.022520000000001872,Y,2653
12,12,70,9,5,0.412998,0.024316999999998146,Y,2667
12,12,80,9,5,0.5556340000000013,0.028077000000001462,Y,3008
12,12,80,9,5,0.5585569999999986,0.03744199999999864,Y,2978
12,12,80,9,5,0.5494510000000012,0.028287000000000617,Y,2996
12,12,80,9,5,0.5541339999999995,0.02835000000000143,Y,2977
12,12,80,9,5,0.5606019999999994,0.03153099999999931,Y,2982
12,12,80,9,5,0.5690880000000007,0.03126999999999924,Y,3016
12,12,80,9,5,0.5752070000000007,0.02916800000000208,Y,2982
12,12,80,9,5,0.5635420000000018,0.03646699999999825,Y,3021
12,12,80,9,5,0.5667069999999974,0.028616999999997006,Y,3029
12,12,80,9,5,0.5659689999999991,0.035542999999996994,Y,2986
12,12,90,10,5,0.9706670000000024,0.05494000000000199,Y,3435
12,12,90,10,5,0.9782690000000009,0.04100300000000345,Y,3396
12,12,90,10,5,0.9860169999999968,0.04524199999999823,Y,3406
12,12,90,10,5,0.9874779999999959,0.05955200000000005,Y,3450
12,12,90,10,5,0.9980019999999961,0.04944099999999807,Y,3435
12,12,90,10,5,1.0045859999999962,0.055996999999997854,Y,3452
12,12,90,10,5,1.0033179999999966,0.05595000000000283,Y,3425
12,12,90,10,5,1.0216379999999994,0.053138999999994496,Y,3454
12,12,90,10,5,0.9998120000000021,0.04468400000000017,Y,3462
12,12,90,10,5,1.0123340000000027,0.05050500000000113,Y,3414
12,12,100,10,5,1.2978039999999993,0.0679029999999976,Y,3818
12,12,100,10,5,1.300658999999996,0.08248499999999837,Y,3794
12,12,100,10,5,1.3040149999999961,0.0642279999999964,Y,3837
12,12,100,10,5,1.2997839999999954,0.07432999999998913,Y,3819
12,12,100,10,5,1.3140560000000008,0.05206399999999434,Y,3790
12,12,100,10,5,1.3514899999999983,0.07781899999999808,Y,3819
12,12,100,10,5,1.3306820000000101,0.06448899999998758,Y,3827
12,12,100,10,5,1.3261149999999944,0.0858830000000097,Y,3803
12,12,100,10,5,1.3244820000000033,0.06612899999998945,Y,3816
12,12,100,10,5,1.3383149999999944,0.06902900000000756,Y,3834
12,12,200,15,8,6.02573000000001,0.6859889999999993,Y,7723
12,12,200,15,8,6.108795999999991,0.6906900000000107,Y,7745
12,12,200,15,8,6.168510999999995,0.8737300000000019,Y,7736
12,12,200,15,8,6.245178999999986,0.7669139999999999,Y,7792
12,12,200,15,8,6.255994000000001,0.7688889999999873,Y,7772
12,12,200,15,8,6.281236000000007,0.7459300000000155,Y,7694
12,12,200,15,8,6.331180000000018,0.7038799999999981,Y,7709
12,12,200,15,8,6.373019999999997,0.8414130000000029,Y,7713
12,12,200,15,8,6.300735999999986,0.728383999999977,Y,7741
12,12,200,15,8,6.457503000000003,0.7385309999999947,Y,7756
12,12,300,18,9,18.983142999999984,1.8381700000000194,Y,11164
12,12,300,18,9,19.141397000000012,1.7527260000000524,Y,11185
12,12,300,18,9,19.04705899999996,1.7265169999999728,Y,11183
12,12,300,18,9,19.613969999999938,1.7575109999999938,Y,11202
12,12,300,18,9,19.242468000000002,1.7779319999999927,Y,11141
12,12,300,18,9,19.192030999999957,1.697745999999995,Y,11128
12,12,300,18,9,19.31550199999998,1.9375249999999653,Y,11205
12,12,300,18,9,19.218449000000078,1.8604970000000662,Y,11317
12,12,300,18,9,19.246624999999938,1.8762320000000159,Y,11240
12,12,300,18,9,19.237998999999945,1.7713820000000169,Y,11282
12,12,400,20,10,41.581513000000086,3.689935999999989,Y,13995
12,12,400,20,10,41.110659,3.776535000000024,Y,14011
12,12,400,20,10,41.21405200000004,4.1749659999999835,Y,14030
12,12,400,20,10,41.08844199999993,3.900434999999902,Y,14071
12,12,400,20,10,40.93088900000015,4.026770999999883,Y,14052
12,12,400,20,10,40.95887700000026,4.094261999999958,Y,13970
12,12,400,20,10,41.21384499999999,3.6096959999998717,Y,14023
12,12,400,20,10,40.83365400000014,3.593535999999972,Y,14101
12,12,400,20,10,40.97278200000005,3.699290000000019,Y,14097
12,12,400,20,10,40.88626399999998,3.4594209999999066,Y,13943
12,12,500,23,12,66.0226419999999,6.652593999999908,Y,17244
12,12,500,23,12,66.12637900000004,6.7522279999999455,Y,17290
12,12,500,23,12,66.43911500000002,7.620014999999853,Y,17258
12,12,500,23,12,65.95202100000017,6.8546950000003335,Y,17349
12,12,500,23,12,66.91013399999974,6.962820999999622,Y,17412
12,12,500,23,12,66.35391600000003,7.111241000000291,Y,17322
12,12,500,23,12,66.40010500000017,6.728097000000389,Y,17285
12,12,500,23,12,66.33534300000042,6.6788020000001325,Y,17298
12,12,500,23,12,66.00608499999976,7.091094000000339,Y,17331
12,12,500,23,12,66.51455100000021,7.530993000000308,Y,17298
12,8,10,4,2,0.0035199999999804277,0.00010799999995469989,Y,168
12,8,10,4,2,0.003390999999965061,9.599999998499698e-05,Y,177
12,8,10,4,2,0.003257999999959793,9.500000010120857e-05,Y,169
12,8,10,4,2,0.003202999999984968,9.000000000014552e-05,Y,179
12,8,10,4,2,0.0030360000002929155,8.700000012140663e-05,Y,170
12,8,10,4,2,0.003058000000009997,8.899999988898344e-05,Y,172
12,8,10,4,2,0.003570999999965352,0.00011700000027303759,Y,179
12,8,10,4,2,0.0034809999999652064,0.00011200000017197453,Y,173
12,8,10,4,2,0.0060489999998480926,0.00013899999999011925,Y,172
12,8,10,4,2,0.003792999999859603,9.399999976267281e-05,Y,175
12,8,20,5,3,0.01569500000005064,0.0007850000001781154,Y,414
12,8,20,5,3,0.017348999999967418,0.0007969999999204447,Y,411
12,8,20,5,3,0.015325999999959095,0.0008299999999508145,Y,406
12,8,20,5,3,0.018293000000085158,0.0008159999999861611,Y,417
12,8,20,5,3,0.015033999999786829,0.0007980000002589804,Y,409
12,8,20,5,3,0.017494999999826177,0.0007450000000517321,Y,422
12,8,20,5,3,0.015494000000217056,0.000700999999708074,Y,423
12,8,20,5,3,0.015661999999792897,0.0007979999998042331,Y,419
12,8,20,5,3,0.014873000000079628,0.0006350000001020817,Y,424
12,8,20,5,3,0.014807999999902677,0.0007739999998648273,Y,413
12,8,30,6,3,0.060574000000087835,0.0031320000002779125,Y,694
12,8,30,6,3,0.05505599999992228,0.0020459999998365674,Y,690
12,8,30,6,3,0.056035999999949127,0.0022020000003522,Y,697
12,8,30,6,3,0.053787000000284024,0.0020269999999982247,Y,673
12,8,30,6,3,0.05985800000007657,0.0020829999998568383,Y,700
12,8,30,6,3,0.05566300000009505,0.002422000000024127,Y,706
12,8,30,6,3,0.056459999999788124,0.00205599999981132,Y,681
12,8,30,6,3,0.05396700000005694,0.0018329999998059066,Y,693
12,8,30,6,3,0.056969000000208325,0.0025580000001355074,Y,690
12,8,30,6,3,0.05381200000010722,0.0022229999999581196,Y,694
12,8,40,7,4,0.11349500000005719,0.0044940000000224245,Y,991
12,8,40,7,4,0.10699800000020332,0.005041999999775726,Y,969
12,8,40,7,4,0.09995599999979277,0.004273000000011962,Y,951
12,8,40,7,4,0.10271300000022165,0.004916000000321219,Y,954
12,8,40,7,4,0.10766000000012355,0.005378999999948064,Y,975
12,8,40,7,4,0.10157200000003286,0.005173000000013417,Y,951
12,8,40,7,4,0.10073800000009214,0.005144000000200322,Y,956
12,8,40,7,4,0.10679899999990994,0.0039050000000315777,Y,963
12,8,40,7,4,0.10286800000017138,0.004912000000103944,Y,935
12,8,40,7,4,0.10297799999989365,0.006260000000111177,Y,951
12,8,50,8,4,0.1669929999998203,0.01015400000005684,Y,1288
12,8,50,8,4,0.18044000000008964,0.005152000000180124,Y,1246
12,8,50,8,4,0.1966780000000199,0.009009000000105516,Y,1239
12,8,50,8,4,0.17304299999977957,0.00766099999987091,Y,1279
12,8,50,8,4,0.17533400000002075,0.008227000000033513,Y,1241
12,8,50,8,4,0.16755000000011933,0.008117999999740277,Y,1253
12,8,50,8,4,0.1706330000001799,0.0067309999999451975,Y,1244
12,8,50,8,4,0.17378599999983635,0.0071250000000873115,Y,1234
12,8,50,8,4,0.1686419999998634,0.00736100000017359,Y,1229
12,8,50,8,4,0.17046300000015435,0.007141000000046915,Y,1242
12,8,60,8,4,0.24885799999992742,0.015007999999852473,Y,1469
12,8,60,8,4,0.2397969999999532,0.012734999999793217,Y,1477
12,8,60,8,4,0.24816600000008293,0.010952999999972235,Y,1487
12,8,60,8,4,0.2553069999999025,0.016269000000193046,Y,1451
12,8,60,8,4,0.25067300000000614,0.012093999999933658,Y,1494
12,8,60,8,4,0.25042400000029374,0.013223999999809166,Y,1464
12,8,60,8,4,0.24406599999997525,0.011851999999862528,Y,1505
12,8,60,8,4,0.2441360000000259,0.012341999999989639,Y,1485
12,8,60,8,4,0.25201799999990726,0.016749999999774445,Y,1471
12,8,60,8,4,0.24230199999988145,0.014483000000154789,Y,1467
12,8,70,9,5,0.34934499999985746,0.035901999999850887,Y,1770
12,8,70,9,5,0.3460549999997511,0.03045800000018062,Y,1761
12,8,70,9,5,0.33691200000021126,0.03588100000001759,Y,1742
12,8,70,9,5,0.3368270000000848,0.036286999999902037,Y,1744
12,8,70,9,5,0.3374149999999645,0.02300699999977951,Y,1765
12,8,70,9,5,0.3391110000000026,0.032823000000007596,Y,1774
12,8,70,9,5,0.3314080000004651,0.02211299999999028,Y,1739
12,8,70,9,5,0.3373519999997825,0.028384999999843785,Y,1731
12,8,70,9,5,0.34098999999991975,0.02966700000001765,Y,1729
12,8,70,9,5,0.3386679999998705,0.025348999999778243,Y,1745
12,8,80,9,5,0.4672789999997349,0.0311460000000352,Y,2030
12,8,80,9,5,0.4770850000002156,0.035458000000062384,Y,2040
12,8,80,9,5,0.46252800000002026,0.037722000000030675,Y,2045
12,8,80,9,5,0.47468700000013087,0.050807000000077096,Y,2023
12,8,80,9,5,0.4868890000000192,0.038052000000107,Y,2052
12,8,80,9,5,0.45197799999982635,0.030013999999709995,Y,2051
12,8,80,9,5,0.4576719999997749,0.03851800000006733,Y,2077
12,8,80,9,5,0.47421300000019073,0.03256499999997686,Y,2042
12,8,80,9,5,0.467480999999907,0.02938100000005761,Y,2053
12,8,80,9,5,0.45496799999978066,0.03738200000020697,Y,2037
12,8,90,10,5,0.784172000000126,0.06105099999990671,Y,2275
12,8,90,10,5,0.7825830000001588,0.06437599999981103,Y,2303
12,8,90,10,5,0.783535000000029,0.07494799999994939,Y,2300
12,8,90,10,5,0.7853629999997338,0.06787800000006428,Y,2297
12,8,90,10,5,0.7790569999999661,0.0584360000000288,Y,2271
12,8,90,10,5,0.7807699999998476,0.05602600000020175,Y,2308
12,8,90,10,5,0.7860440000001745,0.06332300000008217,Y,2285
12,8,90,10,5,0.7766390000001593,0.05933899999990899,Y,2290
12,8,90,10,5,0.796188999999913,0.0668470000000525,Y,2289
12,8,90,10,5,0.7728539999998247,0.05435000000011314,Y,2283
12,8,100,10,5,0.9834589999998116,0.07453000000009524,Y,2470
12,8,100,10,5,0.9726780000000872,0.0839899999998579,Y,2504
12,8,100,10,5,0.9654090000001361,0.07035800000016934,Y,2494
12,8,100,10,5,0.9518749999999727,0.08853499999986525,Y,2512
12,8,100,10,5,0.9754530000002433,0.07705200000009427,Y,2530
12,8,100,10,5,0.9631180000003496,0.07310699999970893,Y,2538
12,8,100,10,5,0.9735670000000027,0.06543999999985317,Y,2508
12,8,100,10,5,0.9687439999997878,0.06643499999995583,Y,2519
12,8,100,10,5,1.0291799999999967,0.06920900000022812,Y,2529
12,8,100,10,5,0.9818999999997686,0.06879300000014155,Y,2524
12,8,200,15,8,4.387376999999788,0.7245970000001307,Y,5214
12,8,200,15,8,4.441287000000102,0.7607049999996889,Y,5209
12,8,200,15,8,4.415206000000126,0.8211390000003576,Y,5227
12,8,200,15,8,4.420560999999907,0.7720130000000154,Y,5238
12,8,200,15,8,4.387559999999894,0.7962080000004335,Y,5213
12,8,200,15,8,4.376747000000023,0.7904360000002271,Y,5190
12,8,200,15,8,4.388574999999946,0.7178549999998722,Y,5198
12,8,200,15,8,4.368860000000268,0.7056620000000748,Y,5188
12,8,200,15,8,4.397359999999935,0.8288749999999254,Y,5225
12,8,200,15,8,4.392786000000115,0.7210620000000745,Y,5175
12,8,300,18,9,12.76040299999977,1.692476000000397,Y,7465
12,8,300,18,9,12.723672000000079,1.694508999999698,Y,7458
12,8,300,18,9,12.747980000000325,1.6940710000001218,Y,7458
12,8,300,18,9,12.87226099999998,1.665552999999818,Y,7470
12,8,300,18,9,12.810674999999947,1.8932139999997162,Y,7525
12,8,300,18,9,12.68828399999984,1.6786669999996775,Y,7451
12,8,300,18,9,12.772412000000031,1.8423169999998663,Y,7451
12,8,300,18,9,12.752193999999918,1.6383630000000267,Y,7501
12,8,300,18,9,12.774429000000055,1.5388449999998102,Y,7455
12,8,300,18,9,12.749499999999898,1.7510289999997894,Y,7447
12,8,400,20,10,27.665518000000247,3.5960660000000644,Y,9352
12,8,400,20,10,27.643023000000312,3.8806989999998223,Y,9396
12,8,400,20,10,27.951100000000224,4.110003000000233,Y,9260
12,8,400,20,10,28.106524000000036,3.741181999999526,Y,9329
12,8,400,20,10,28.116386000000148,3.9745920000000297,Y,9386
12,8,400,20,10,27.845788000000084,3.290179999999509,Y,9395
12,8,400,20,10,27.757487000000083,3.823210999999901,Y,9322
12,8,400,20,10,27.737022000000024,3.9927769999999327,Y,9355
12,8,400,20,10,27.58735700000011,3.7028359999997065,Y,9359
12,8,400,20,10,27.734846999999945,3.7527609999997367,Y,9363
12,8,500,23,12,44.39382899999964,5.937464999999975,Y,11540
12,8,500,23,12,44.48724700000139,6.505182000000332,Y,11570
12,8,500,23,12,44.427803999999924,6.2037820000000465,Y,11538
12,8,500,23,12,44.415241000000606,6.639689999999973,Y,11551
12,8,500,23,12,44.59128099999907,6.56111299999975,Y,11524
12,8,500,23,12,44.47470199999998,6.405843999999888,Y,11595
12,8,500,23,12,44.445787999999084,6.801281000000017,Y,11489
12,8,500,23,12,45.0175449999997,6.780498999999963,Y,11635
12,8,500,23,12,44.72814700000026,6.942878999999721,Y,11490
12,8,500,23,12,44.61939199999961,7.309242999999697,Y,11580
12,4,10,4,2,0.002246000000013737,9.999999974752427e-05,Y,92
12,4,10,4,2,0.0021600000000034925,9.500000032858225e-05,Y,91
12,4,10,4,2,0.0019320000005791371,9.199999976772233e-05,Y,93
12,4,10,4,2,0.0019339999998919666,8.500000012645614e-05,Y,95
12,4,10,4,2,0.0019210000000384753,8.900000011635711e-05,Y,91
12,4,10,4,2,0.001841999999669497,8.499999967170879e-05,Y,95
12,4,10,4,2,0.0018499999996492988,8.100000013655517e-05,Y,92
12,4,10,4,2,0.0017470000002504094,8.299999944938463e-05,Y,91
12,4,10,4,2,0.001813000000311149,8.499999967170879e-05,Y,92
12,4,10,4,2,0.0018390000000181317,8.499999967170879e-05,Y,88
12,4,20,5,3,0.008160000000316359,0.0007150000001274748,Y,208
12,4,20,5,3,0.008315000000038708,0.0007400000004054164,Y,208
12,4,20,5,3,0.008677000000261614,0.0006419999999707215,Y,210
12,4,20,5,3,0.008536999999705586,0.0007040000000415603,Y,203
12,4,20,5,3,0.00770299999976487,0.0006519999997181003,Y,209
12,4,20,5,3,0.007956999999805703,0.0008330000005116744,Y,205
12,4,20,5,3,0.008939000000282249,0.0007780000000821019,Y,199
12,4,20,5,3,0.008645999999771448,0.0007579999996778497,Y,206
12,4,20,5,3,0.009116000000176427,0.0007740000000922009,Y,204
12,4,20,5,3,0.008137999999689782,0.0008130000001074222,Y,211
12,4,30,6,3,0.029232000000320113,0.0017560000001139997,Y,347
12,4,30,6,3,0.030575000000226282,0.0026519999996708066,Y,347
12,4,30,6,3,0.030627999999524036,0.0021419999998215644,Y,345
12,4,30,6,3,0.029524999999466672,0.0020220000001245353,Y,347
12,4,30,6,3,0.028978000000734028,0.002118000000336906,Y,337
12,4,30,6,3,0.029829000000518135,0.0018819999995685066,Y,349
12,4,30,6,3,0.03185399999983929,0.002352999999857275,Y,346
12,4,30,6,3,0.02735900000016045,0.0018730000001596636,Y,352
12,4,30,6,3,0.03029000000015003,0.0030089999991105287,Y,341
12,4,30,6,3,0.027308000000175525,0.0019119999997201376,Y,347
12,4,40,7,4,0.06212599999980739,0.008387000000311673,Y,466
12,4,40,7,4,0.0591060000001562,0.006223999999292573,Y,472
12,4,40,7,4,0.05686500000001615,0.0048649999994268,Y,467
12,4,40,7,4,0.05454699999972945,0.0057589999996707775,Y,476
12,4,40,7,4,0.052273000000241154,0.004274999999324791,Y,462
12,4,40,7,4,0.05309999999963111,0.0065699999995558755,Y,473
12,4,40,7,4,0.05459900000050766,0.005009999999401771,Y,484
12,4,40,7,4,0.05646999999999025,0.006116000000474742,Y,483
12,4,40,7,4,0.056446999999479885,0.005464000000301894,Y,491
12,4,40,7,4,0.05213199999980134,0.0051150000003872265,Y,485
12,4,50,8,4,0.08542699999952674,0.008127999999487656,Y,635
12,4,50,8,4,0.08933400000023539,0.005591999999523978,Y,620
12,4,50,8,4,0.08109199999989869,0.005786999999600084,Y,626
12,4,50,8,4,0.08740799999986848,0.006397000000106345,Y,624
12,4,50,8,4,0.0813319999997475,0.007153999999445659,Y,613
12,4,50,8,4,0.08306200000015451,0.005110999999487831,Y,612
12,4,50,8,4,0.08845199999996112,0.007764999999835709,Y,622
12,4,50,8,4,0.08540100000072925,0.007963999999901716,Y,642
12,4,50,8,4,0.08709300000009534,0.008166999999957625,Y,643
12,4,50,8,4,0.08340499999985695,0.007972999999765307,Y,617
12,4,60,8,4,0.15540399999963483,0.018766000000141503,Y,747
12,4,60,8,4,0.1311609999997927,0.014635000000453147,Y,755
12,4,60,8,4,0.12229900000011185,0.012819000000035885,Y,773
12,4,60,8,4,0.1290529999996579,0.010573000000022148,Y,761
12,4,60,8,4,0.13219500000013795,0.013725000000249565,Y,760
12,4,60,8,4,0.12724699999989753,0.012602000000242697,Y,753
12,4,60,8,4,0.1367459999996754,0.015231999999741674,Y,741
12,4,60,8,4,0.13023100000009435,0.012573999999858643,Y,757
12,4,60,8,4,0.12745499999982712,0.011094000000412052,Y,767
12,4,60,8,4,0.1320290000003297,0.013700999999855412,Y,760
12,4,70,9,5,0.17226100000061706,0.026237999999921158,Y,873
12,4,70,9,5,0.1764709999997649,0.03267099999993661,Y,881
12,4,70,9,5,0.17900299999973868,0.035755999999764754,Y,890
12,4,70,9,5,0.18196900000066307,0.030583999999635125,Y,890
12,4,70,9,5,0.1765519999994467,0.03493499999967753,Y,872
12,4,70,9,5,0.17937400000073467,0.025430000000142172,Y,881
12,4,70,9,5,0.1644430000005741,0.031800000000203,Y,877
12,4,70,9,5,0.17526600000019243,0.02903599999990547,Y,869
12,4,70,9,5,0.1728969999999208,0.025923999999577063,Y,874
12,4,70,9,5,0.1791400000001886,0.034434999999575666,Y,899
12,4,80,9,5,0.23278200000049765,0.03709000000026208,Y,1027
12,4,80,9,5,0.24300700000048892,0.038144999999985885,Y,1024
12,4,80,9,5,0.22434899999962,0.03411099999993894,Y,1022
12,4,80,9,5,0.23929899999984627,0.037366000000019994,Y,1025
12,4,80,9,5,0.2305970000002162,0.033016000000316126,Y,1030
12,4,80,9,5,0.22803200000043944,0.04103400000030888,Y,1027
12,4,80,9,5,0.24173999999993612,0.031807999999728054,Y,1031
12,4,80,9,5,0.23154199999999037,0.03988600000002407,Y,1015
12,4,80,9,5,0.2359839999999167,0.03627599999981612,Y,1009
12,4,80,9,5,0.22887399999945046,0.045600000000376895,Y,1014
12,4,90,10,5,0.4025489999999081,0.058897000000342814,Y,1132
12,4,90,10,5,0.3882699999999204,0.05823500000042259,Y,1135
12,4,90,10,5,0.389578000000256,0.053351000000020576,Y,1151
12,4,90,10,5,0.39635100000032253,0.05684900000005655,Y,1148
12,4,90,10,5,0.39800800000011805,0.05811199999970995,Y,1133
12,4,90,10,5,0.39238299999942683,0.07856699999911143,Y,1165
12,4,90,10,5,0.3913460000003397,0.06199399999968591,Y,1146
12,4,90,10,5,0.38052599999946324,0.0542289999998502,Y,1143
12,4,90,10,5,0.41616300000032425,0.052572999999938475,Y,1143
12,4,90,10,5,0.3938619999998991,0.0496619999998984,Y,1132
12,4,100,10,5,0.5088749999999891,0.07145399999990332,Y,1270
12,4,100,10,5,0.5116619999998875,0.07671200000004319,Y,1285
12,4,100,10,5,0.4866389999997409,0.06387200000017401,Y,1281
12,4,100,10,5,0.5073429999997643,0.061552999999548774,Y,1284
12,4,100,10,5,0.5075329999999667,0.06622700000025361,Y,1289
12,4,100,10,5,0.5043510000000424,0.07616100000041115,Y,1327
12,4,100,10,5,0.4926279999995131,0.06160199999976612,Y,1294
12,4,100,10,5,0.5057560000000194,0.07378200000039215,Y,1287
12,4,100,10,5,0.5015949999997247,0.07885299999907147,Y,1309
12,4,100,10,5,0.5102900000001682,0.07798500000035347,Y,1303
12,4,200,15,8,2.2614149999999427,0.7882399999998597,Y,2655
12,4,200,15,8,2.2679580000003625,0.9025969999997869,Y,2661
12,4,200,15,8,2.2541980000000876,0.7480060000002595,Y,2649
12,4,200,15,8,2.2209500000003572,0.9137949999994817,Y,2647
12,4,200,15,8,2.24666199999956,0.7008299999993142,Y,2653
12,4,200,15,8,2.223645000000033,0.8459390000007261,Y,2667
12,4,200,15,8,2.228462000000036,0.5956140000002961,Y,2673
12,4,200,15,8,2.261728000000403,0.8984040000000277,Y,2629
12,4,200,15,8,2.2484499999991385,0.6083699999999226,Y,2677
12,4,200,15,8,2.2428490000002057,0.7430909999998221,Y,2645
12,4,300,18,9,6.277288999999655,1.7215710000009494,Y,3732
12,4,300,18,9,6.306930000000193,1.857024999999794,Y,3741
12,4,300,18,9,6.312362000000121,1.7495260000005146,Y,3753
12,4,300,18,9,6.367142999999942,1.9756880000004458,Y,3731
12,4,300,18,9,6.389122000000498,1.7895459999995182,Y,3740
12,4,300,18,9,6.311678000000029,2.06087800000023,Y,3750
12,4,300,18,9,6.312660999999935,1.805573000000095,Y,3723
12,4,300,18,9,6.295069999999214,1.7708229999998366,Y,3726
12,4,300,18,9,6.328957000000173,1.8987990000000536,Y,3725
12,4,300,18,9,6.316547999999784,1.8495959999995648,Y,3738
12,4,400,20,10,13.606313000000227,3.825625999999829,Y,4674
12,4,400,20,10,13.701820999999654,3.9933240000000296,Y,4692
12,4,400,20,10,13.70325099999991,4.562887000000046,Y,4680
12,4,400,20,10,13.670048000000406,4.561940000000504,Y,4690
12,4,400,20,10,13.622718999999506,4.185033000000203,Y,4671
12,4,400,20,10,13.571106999999301,5.336875000000873,Y,4673
12,4,400,20,10,13.53580200000033,4.518303000000287,Y,4702
12,4,400,20,10,13.634151000000202,4.220672000000377,Y,4648
12,4,400,20,10,13.598523000000569,4.236625999998978,Y,4670
12,4,400,20,10,13.568557999999484,4.25581800000009,Y,4630
12,4,500,23,12,21.82302800000025,9.915729000000283,Y,5766
12,4,500,23,12,21.86621500000001,8.085048999999344,Y,5766
12,4,500,23,12,21.93002399999932,9.439288999999008,Y,5780
12,4,500,23,12,21.89345000000003,8.572458000000552,Y,5806
12,4,500,23,12,22.030288000000382,8.844535999999607,Y,5791
12,4,500,23,12,22.231587000000218,9.427645000000211,Y,5716
12,4,500,23,12,22.40396899999996,8.752374000000145,Y,5794
12,4,500,23,12,22.20582000000013,9.353596999999354,Y,5778
12,4,500,23,12,21.759657999999945,8.0364210000007,Y,5765
12,4,500,23,12,21.912468000000445,9.58518999999933,Y,5764
8,8,10,4,2,0.003495000000384607,0.00011200000017197453,Y,160
8,8,10,4,2,0.003570000000308937,0.000105000000075961,Y,168
8,8,10,4,2,0.003699999999753345,0.00010900000006586197,Y,170
8,8,10,4,2,0.003590999999687483,0.00011100000028818613,Y,164
8,8,10,4,2,0.0035659999994095415,0.0001059999999597494,Y,165
8,8,10,4,2,0.0036239999999452266,0.00010800000018207356,Y,167
8,8,10,4,2,0.003648999999768421,0.00010700000029828516,Y,165
8,8,10,4,2,0.003838000000541797,0.00012000000015177648,Y,164
8,8,10,4,2,0.006726000000071508,0.00015899999971225043,Y,163
8,8,10,4,2,0.005535000000236323,0.0001550000001770968,Y,166
8,8,20,5,3,0.017643000000134634,0.0007410000002892048,Y,380
8,8,20,5,3,0.013493999999809603,0.0008049999996728729,Y,395
8,8,20,5,3,0.01583200000004581,0.0008080000002337329,Y,380
8,8,20,5,3,0.01703300000008312,0.0014380000002347515,Y,383
8,8,20,5,3,0.014619999999467836,0.0008429999998043058,Y,384
8,8,20,5,3,0.015863999999965017,0.0008960000004663016,Y,383
8,8,20,5,3,0.013634999999794672,0.0007780000000821019,Y,376
8,8,20,5,3,0.015171000000009371,0.0008089999996627739,Y,391
8,8,20,5,3,0.013875000000098225,0.0007370000002993038,Y,378
8,8,20,5,3,0.01388299999962328,0.0006649999995715916,Y,392
8,8,30,6,3,0.05763500000011845,0.002800000000206637,Y,656
8,8,30,6,3,0.05748699999958262,0.0023600000004080357,Y,629
8,8,30,6,3,0.054619000000002416,0.002699000000120577,Y,620
8,8,30,6,3,0.057682999999997264,0.002577999999630265,Y,631
8,8,30,6,3,0.05616099999997459,0.0021420000002763118,Y,639
8,8,30,6,3,0.049910999999610794,0.002575999999862688,Y,625
8,8,30,6,3,0.051876999999876716,0.002343000000109896,Y,620
8,8,30,6,3,0.05029699999977311,0.0021949999995740654,Y,623
8,8,30,6,3,0.05294499999990876,0.002755999999862979,Y,641
8,8,30,6,3,0.05140899999969406,0.002563999999892985,Y,647
8,8,40,7,4,0.09785800000008749,0.009965000000192958,Y,879
8,8,40,7,4,0.10110900000017864,0.0059949999999844295,Y,880
8,8,40,7,4,0.09638699999959499,0.00615700000025754,Y,870
8,8,40,7,4,0.09872700000050827,0.005075000000033469,Y,875
8,8,40,7,4,0.09695100000044476,0.00579100000049948,Y,873
8,8,40,7,4,0.1066819999996369,0.005728000000544853,Y,873
8,8,40,7,4,0.09748300000001109,0.006220000000212167,Y,879
8,8,40,7,4,0.10764999999992142,0.006710000000111904,Y,863
8,8,40,7,4,0.11084699999992154,0.007085999999617343,Y,868
8,8,40,7,4,0.11470899999949324,0.006266000000323402,Y,874
8,8,50,8,4,0.16553200000043944,0.008137000000260741,Y,1108
8,8,50,8,4,0.1674780000003011,0.006397999999990134,Y,1117
8,8,50,8,4,0.15736599999991085,0.006961999999930413,Y,1134
8,8,50,8,4,0.1640109999989363,0.0069239999993442325,Y,1115
8,8,50,8,4,0.16107599999986633,0.006661999999778345,Y,1092
8,8,50,8,4,0.15594899999996414,0.0071550000002389424,Y,1116
8,8,50,8,4,0.16309299999920768,0.009457999999995081,Y,1115
8,8,50,8,4,0.15715099999988524,0.008060000000568834,Y,1116
8,8,50,8,4,0.17236999999977343,0.008726999999908003,Y,1113
8,8,50,8,4,0.16073400000004767,0.006393000000116444,Y,1127
8,8,60,8,4,0.2313970000000154,0.013417999999546737,Y,1271
8,8,60,8,4,0.22490000000016153,0.012707000000318658,Y,1292
8,8,60,8,4,0.22875800000019808,0.0181060000004436,Y,1276
8,8,60,8,4,0.23076599999967584,0.01875499999960084,Y,1301
8,8,60,8,4,0.23093000000017128,0.011636000000180502,Y,1298
8,8,60,8,4,0.23148899999978312,0.015632999999979802,Y,1281
8,8,60,8,4,0.22728000000006432,0.01675100000011298,Y,1299
8,8,60,8,4,0.2293790000003355,0.016744000000016968,Y,1291
8,8,60,8,4,0.2213989999995647,0.014135000000351283,Y,1284
8,8,60,8,4,0.27047300000003816,0.01917299999968236,Y,1281
8,8,70,9,5,0.32585500000004686,0.044385000000147556,Y,1540
8,8,70,9,5,0.3178760000000693,0.0396470000005138,Y,1506
8,8,70,9,5,0.32720400000016525,0.03258399999958783,Y,1554
8,8,70,9,5,0.31537299999990864,0.029765000000224973,Y,1516
8,8,70,9,5,0.3322650000000067,0.034108000000287575,Y,1514
8,8,70,9,5,0.32213999999976295,0.03843500000039057,Y,1537
8,8,70,9,5,0.3150399999999536,0.031819000000268716,Y,1545
8,8,70,9,5,0.32359200000018973,0.03308800000013434,Y,1546
8,8,70,9,5,0.30792300000075556,0.033967999999731546,Y,1532
8,8,70,9,5,0.31971000000021377,0.04234900000028574,Y,1507
8,8,80,9,5,0.43099800000027244,0.04399199999988923,Y,1757
8,8,80,9,5,0.4207360000000335,0.03990700000031211,Y,1749
8,8,80,9,5,0.43192499999986467,0.04849599999943166,Y,1741
8,8,80,9,5,0.4229360000003908,0.0486719999998968,Y,1755
8,8,80,9,5,0.43421499999931257,0.03111200000057579,Y,1746
8,8,80,9,5,0.43366100000002916,0.045755000000099244,Y,1741
8,8,80,9,5,0.42201599999998507,0.05892499999981737,Y,1748
8,8,80,9,5,0.4193199999999706,0.04248600000028091,Y,1736
8,8,80,9,5,0.4443870000000061,0.0444180000004053,Y,1785
8,8,80,9,5,0.4469370000001618,0.03830000000061773,Y,1710
8,8,90,10,5,0.7282459999996718,0.06477599999971062,Y,1951
8,8,90,10,5,0.743532000000414,0.07135100000050443,Y,1938
8,8,90,10,5,0.7522100000005594,0.08204599999999118,Y,1940
8,8,90,10,5,0.7315440000002127,0.05789299999969444,Y,1967
8,8,90,10,5,0.7300650000001951,0.06988400000091133,Y,1963
8,8,90,10,5,0.7327469999995628,0.08500099999946542,Y,1918
8,8,90,10,5,0.724919000000682,0.06472699999994802,Y,1974
8,8,90,10,5,0.7584269999997559,0.07271300000002157,Y,1926
8,8,90,10,5,0.7338540000000648,0.07444900000018606,Y,1964
8,8,90,10,5,0.7215520000008837,0.09116500000027372,Y,1936
8,8,100,10,5,0.9159949999993842,0.09420600000021295,Y,2087
8,8,100,10,5,0.9018000000000939,0.07893499999954656,Y,2095
8,8,100,10,5,0.8957439999999224,0.07484299999987343,Y,2116
8,8,100,10,5,0.9202030000001287,0.07803100000000995,Y,2108
8,8,100,10,5,0.9136349999994309,0.07429800000045361,Y,2111
8,8,100,10,5,0.9053530000001047,0.08162200000015218,Y,2106
8,8,100,10,5,0.9067030000001068,0.09379899999930785,Y,2113
8,8,100,10,5,0.9095060000004196,0.09868599999981598,Y,2091
8,8,100,10,5,0.9181110000004082,0.09121000000004642,Y,2126
8,8,100,10,5,0.9087989999993624,0.09056499999996959,Y,2139
8,8,200,15,8,4.057263999999577,0.822722999999769,Y,4228
8,8,200,15,8,4.039117999999689,1.0038509999999405,Y,4200
8,8,200,15,8,4.038614000000507,1.0205619999996998,Y,4196
8,8,200,15,8,4.050736000000143,1.007111999999779,Y,4169
8,8,200,15,8,4.196973999999955,0.8743419999996149,Y,4165
8,8,200,15,8,4.0282609999999295,0.7525369999998475,Y,4186
8,8,200,15,8,4.049819000000753,0.9154949999992823,Y,4141
8,8,200,15,8,4.0504009999995105,0.962123999999676,Y,4211
8,8,200,15,8,4.086695000000418,0.9481980000005024,Y,4191
8,8,200,15,8,4.255624999999327,0.7523000000001048,Y,4201
8,8,300,18,9,11.836529000000155,2.268572999999833,Y,5798
8,8,300,18,9,11.862844999999652,1.8331750000002103,Y,5755
8,8,300,18,9,11.749652000000424,1.870115000000169,Y,5793
8,8,300,18,9,12.095363000000361,1.9176079999997455,Y,5776
8,8,300,18,9,11.706667999999809,1.743688999999904,Y,5769
8,8,300,18,9,11.952780000000075,2.096179999999549,Y,5791
8,8,300,18,9,12.067944000000352,1.8172209999997904,Y,5810
8,8,300,18,9,11.946989000000485,1.8064389999999548,Y,5785
8,8,300,18,9,11.953168999999889,2.077247000000625,Y,5771
8,8,300,18,9,11.770799000000352,1.9848849999998492,Y,5797
8,8,400,20,10,24.995637000000443,4.844219000000066,Y,7051
8,8,400,20,10,25.121189000000413,5.8627929999993285,Y,7076
8,8,400,20,10,25.15542800000003,4.924957000000177,Y,7079
8,8,400,20,10,25.452747000000272,5.589504000000034,Y,7061
8,8,400,20,10,25.503696999999647,6.1261719999997695,Y,7025
8,8,400,20,10,25.657431000000997,5.152940999999828,Y,7056
8,8,400,20,10,25.181844000000183,5.4976339999998345,Y,7054
8,8,400,20,10,25.487171999999646,5.20241199999964,Y,7034
8,8,400,20,10,24.99567500000012,4.879032000000279,Y,7029
8,8,400,20,10,25.39948000000004,5.268959999999879,Y,7066
8,8,500,23,12,40.257178999999724,11.99071399999957,Y,8639
8,8,500,23,12,40.31665100000009,12.652991999999813,Y,8567
8,8,500,23,12,40.0642499999999,13.824506999999812,Y,8599
8,8,500,23,12,40.19872299999952,11.10997099999986,Y,8602
8,8,500,23,12,40.107933000000685,11.454071999999996,Y,8625
8,8,500,23,12,40.75702599999977,12.08979699999918,Y,8576
8,8,500,23,12,41.07632199999898,10.947481000000153,Y,8631
8,8,500,23,12,40.05464799999936,10.728833999999551,Y,8612
8,8,500,23,12,39.959083999999166,12.152801000000181,Y,8599
8,8,500,23,12,40.13078800000039,13.37226499999997,Y,8593
8,4,10,4,2,0.0020489999997153063,9.200000022246968e-05,Y,94
8,4,10,4,2,0.0020309999999881256,9.000000045489287e-05,Y,87
8,4,10,4,2,0.0019560000000637956,8.499999967170879e-05,Y,86
8,4,10,4,2,0.0019710000005943584,8.600000001024455e-05,Y,88
8,4,10,4,2,0.0019139999994877144,8.099999922706047e-05,Y,85
8,4,10,4,2,0.001861000000644708,8.000000070751412e-05,Y,91
8,4,10,4,2,0.001825000000280852,7.999999888852471e-05,Y,90
8,4,10,4,2,0.001886000000013155,8.399999933317304e-05,Y,85
8,4,10,4,2,0.001982000000680273,8.499999967170879e-05,Y,91
8,4,10,4,2,0.00205299999925046,8.999999954539817e-05,Y,89
8,4,20,5,3,0.00896400000056019,0.0008019999995667604,Y,195
8,4,20,5,3,0.008351999999831605,0.0006899999998495332,Y,184
8,4,20,5,3,0.007996999999704713,0.0007289999994100071,Y,196
8,4,20,5,3,0.009417999999641324,0.001059000000168453,Y,187
8,4,20,5,3,0.008262000000286207,0.0007759999998597777,Y,193
8,4,20,5,3,0.008721000000150525,0.0007429999996020342,Y,185
8,4,20,5,3,0.008838000000650936,0.0007519999999203719,Y,192
8,4,20,5,3,0.008875999999872874,0.000954000000092492,Y,190
8,4,20,5,3,0.009013000000777538,0.000805999999101914,Y,186
8,4,20,5,3,0.00883600000088336,0.0006270000003496534,Y,195
8,4,30,6,3,0.027175000000170257,0.0024500000008629286,Y,310
8,4,30,6,3,0.029730999999628693,0.002397999999629974,Y,324
8,4,30,6,3,0.029444999999213906,0.002328999999917869,Y,317
8,4,30,6,3,0.031473999999434454,0.002502999999705935,Y,315
8,4,30,6,3,0.030492000000776898,0.003001000000949716,Y,326
8,4,30,6,3,0.030121999999209947,0.002187000000049011,Y,307
8,4,30,6,3,0.030053000001316832,0.003096999999797845,Y,307
8,4,30,6,3,0.030543999999281368,0.0026930000003630994,Y,318
8,4,30,6,3,0.029693000000406755,0.0027230000005147303,Y,300
8,4,30,6,3,0.026635000000169384,0.0022360000002663583,Y,314
8,4,40,7,4,0.05802700000003824,0.0054260000006252085,Y,431
8,4,40,7,4,0.05578500000137865,0.006330999999590858,Y,438
8,4,40,7,4,0.05023199999868666,0.004435999999259366,Y,441
8,4,40,7,4,0.05267900000035297,0.004885999999714841,Y,419
8,4,40,7,4,0.051934000000073866,0.005104000000756059,Y,435
8,4,40,7,4,0.053537999999207386,0.006344999999782885,Y,432
8,4,40,7,4,0.056776999999783584,0.006545000000187429,Y,438
8,4,40,7,4,0.054078000000117754,0.004658999999264779,Y,453
8,4,40,7,4,0.05374500000016269,0.005415000000539294,Y,431
8,4,40,7,4,0.05032500000015716,0.004506000000219501,Y,429
8,4,50,8,4,0.08576100000118458,0.005628999999316875,Y,543
8,4,50,8,4,0.09033199999976205,0.007358000000749598,Y,566
8,4,50,8,4,0.07980099999986123,0.00781600000027538,Y,558
8,4,50,8,4,0.0816000000004351,0.0059699999992517405,Y,575
8,4,50,8,4,0.08479700000043522,0.007391000000097847,Y,557
8,4,50,8,4,0.09070900000006077,0.009000000000014552,Y,554
8,4,50,8,4,0.08958699999948294,0.008515999998962798,Y,566
8,4,50,8,4,0.09298800000033225,0.008756000000175845,Y,559
8,4,50,8,4,0.08476100000007136,0.00633300000026793,Y,569
8,4,50,8,4,0.0839109999997163,0.0054390000004787,Y,573
8,4,60,8,4,0.1268129999989469,0.015671999999540276,Y,673
8,4,60,8,4,0.12294399999973393,0.013007999999899766,Y,672
8,4,60,8,4,0.121646999999939,0.016050000000177533,Y,652
8,4,60,8,4,0.12016999999923428,0.016816999999718973,Y,652
8,4,60,8,4,0.12168699999983801,0.013852000000952103,Y,657
8,4,60,8,4,0.12424399999963498,0.015049000000544765,Y,642
8,4,60,8,4,0.12404199999946286,0.016147999999702733,Y,670
8,4,60,8,4,0.12413699999979144,0.011410000000068976,Y,661
8,4,60,8,4,0.1212199999990844,0.013209000000642845,Y,657
8,4,60,8,4,0.14224899999953777,0.01437900000018999,Y,653
8,4,70,9,5,0.17629200000010314,0.029332000000067637,Y,763
8,4,70,9,5,0.1728869999988092,0.03234500000053231,Y,767
8,4,70,9,5,0.16988599999967846,0.02612399999907211,Y,783
8,4,70,9,5,0.16368599999987055,0.027602000000115368,Y,763
8,4,70,9,5,0.17215000000032887,0.03142699999989418,Y,768
8,4,70,9,5,0.16307299999971292,0.03867599999921367,Y,762
8,4,70,9,5,0.1661149999999907,0.02958699999999226,Y,764
8,4,70,9,5,0.163220999999794,0.0324479999999312,Y,749
8,4,70,9,5,0.17536199999995006,0.03459199999997509,Y,777
8,4,70,9,5,0.16296700000020792,0.03741199999876699,Y,771
8,4,80,9,5,0.22988799999984622,0.030579999999645224,Y,850
8,4,80,9,5,0.23565899999903195,0.05447699999967881,Y,870
8,4,80,9,5,0.21082399999977497,0.05021599999963655,Y,869
8,4,80,9,5,0.22719000000051892,0.041164000000208034,Y,865
8,4,80,9,5,0.21682599999894592,0.06222399999933259,Y,857
8,4,80,9,5,0.22379999999884603,0.05854600000020582,Y,890
8,4,80,9,5,0.22265499999957683,0.03950599999916449,Y,869
8,4,80,9,5,0.23019299999941722,0.044257999999899766,Y,867
8,4,80,9,5,0.21893000000090979,0.04224900000008347,Y,866
8,4,80,9,5,0.23936000000048807,0.03679599999941274,Y,890
8,4,90,10,5,0.3827080000010028,0.08093599999938306,Y,1004
8,4,90,10,5,0.37050899999940157,0.1033610000004046,Y,959
8,4,90,10,5,0.3881290000008448,0.07271400000172434,Y,992
8,4,90,10,5,0.3664970000018002,0.07782699999916076,Y,968
8,4,90,10,5,0.37730200000078185,0.07188599999972212,Y,998
8,4,90,10,5,0.37301900000056776,0.058774000000084925,Y,988
8,4,90,10,5,0.38386000000082277,0.07621499999913794,Y,987
8,4,90,10,5,0.3710559999999532,0.07288699999935488,Y,992
8,4,90,10,5,0.398761999999806,0.06352700000024925,Y,961
8,4,90,10,5,0.37220799999977316,0.06502499999896827,Y,997
8,4,100,10,5,0.47058500000002823,0.07567699999890465,Y,1077
8,4,100,10,5,0.5168340000000171,0.09727400000065245,Y,1086
8,4,100,10,5,0.5008520000001226,0.09259099999871978,Y,1111
8,4,100,10,5,0.47641199999998207,0.080683000001045,Y,1087
8,4,100,10,5,0.481473000000733,0.0786629999984143,Y,1095
8,4,100,10,5,0.48622700000032637,0.09120200000052137,Y,1073
8,4,100,10,5,0.47675599999911356,0.10245000000122673,Y,1083
8,4,100,10,5,0.48153499999898486,0.07083400000010442,Y,1089
8,4,100,10,5,0.4735100000007151,0.09132499999850552,Y,1077
8,4,100,10,5,0.48558300000058807,0.0762990000011996,Y,1109
8,4,200,15,8,2.1316600000009203,0.7520029999996041,Y,2136
8,4,200,15,8,2.2939539999988483,0.9423549999992247,Y,2136
8,4,200,15,8,2.1600140000000465,0.9395240000003469,Y,2125
8,4,200,15,8,2.13646400000016,0.7278500000002168,Y,2149
8,4,200,15,8,2.1030420000006416,0.9383820000002743,Y,2152
8,4,200,15,8,2.099127000000408,0.866465000000062,Y,2151
8,4,200,15,8,2.0940200000013647,0.8568669999995109,Y,2159
8,4,200,15,8,2.1204569999999876,0.48086200000125245,Y,2126
8,4,200,15,8,2.0970569999990403,0.8195880000002944,Y,2151
8,4,200,15,8,2.1392369999994116,0.9505470000003697,Y,2148
8,4,300,18,9,5.938525000000482,3.6053940000001603,Y,2892
8,4,300,18,9,5.949910999999702,4.023854999998548,Y,2898
8,4,300,18,9,6.064489999999751,3.2032479999988936,Y,2898
8,4,300,18,9,6.004130999999688,4.045594999999594,Y,2892
8,4,300,18,9,5.969687000000704,3.9027180000002772,Y,2881
8,4,300,18,9,5.993946999999935,4.168007999999645,Y,2907
8,4,300,18,9,5.97946199999933,5.256813999998485,Y,2870
8,4,300,18,9,5.9755099999993035,4.020426000000043,Y,2899
8,4,300,18,9,5.992481000001135,3.4644499999994878,Y,2905
8,4,300,18,9,5.960960000000341,3.9509619999998904,Y,2906
8,4,400,20,10,12.798083999998198,16.48932700000205,Y,3499
8,4,400,20,10,12.810328000001391,14.993555000000015,Y,3532
8,4,400,20,10,12.832554000000528,17.110426999998708,Y,3518
8,4,400,20,10,12.811318000000938,17.978480999999192,Y,3534
8,4,400,20,10,12.89607800000249,14.443997999999738,Y,3551
8,4,400,20,10,12.825749000000542,12.804783000000498,Y,3517
8,4,400,20,10,12.812149999998837,18.02753400000165,Y,3539
8,4,400,20,10,12.760448000000906,20.53083499999957,Y,3526
8,4,400,20,10,12.768457999999555,15.971678999999313,Y,3538
8,4,400,20,10,12.835547000001498,15.636319000001095,Y,3540
8,4,500,23,12,20.386990999999398,52.093471999998656,Y,4321
8,4,500,23,12,20.473540999998477,49.48238599999968,Y,4332
8,4,500,23,12,20.483522999999877,52.980946999998196,Y,4308
8,4,500,23,12,20.54837999999927,57.73284600000079,Y,4278
8,4,500,23,12,20.52111099999911,52.8027579999989,Y,4322
8,4,500,23,12,20.480303999998796,55.233602000001156,Y,4297
8,4,500,23,12,20.66232200000013,55.8031660000006,Y,4320
8,4,500,23,12,20.722317000000658,50.14914599999884,Y,4297
8,4,500,23,12,20.536395000000994,53.18278299999929,Y,4278
8,4,500,23,12,21.095342999999048,44.75691299999926,Y,4309
4,4,10,4,2,0.0018529999988459167,8.999999954539817e-05,Y,76
4,4,10,4,2,0.0018549999995229882,9.000000045489287e-05,Y,76
4,4,10,4,2,0.001900000000205182,8.900000011635711e-05,Y,78
4,4,10,4,2,0.0019500000007610652,0.00010400000064691994,Y,76
4,4,10,4,2,0.00198999999975058,9.500000123807695e-05,Y,72
4,4,10,4,2,0.0020140000005994807,9.399999999004649e-05,Y,72
4,4,10,4,2,0.0021299999998518615,9.799999952520011e-05,Y,78
4,4,10,4,2,0.002058000000033644,9.700000100565376e-05,Y,73
4,4,10,4,2,0.0021369999994931277,9.700000009615906e-05,Y,71
4,4,10,4,2,0.00210499999957392,0.00011500000073283445,Y,70
4,4,20,5,3,0.008679000000483938,0.0007770000001983135,Y,161
4,4,20,5,3,0.00876200000038807,0.0008149999994202517,Y,153
4,4,20,5,3,0.01051400000051217,0.0010339999989810167,Y,157
4,4,20,5,3,0.008140999999341147,0.0008010000001377193,Y,155
4,4,20,5,3,0.007392000000436383,0.0007849999992686207,Y,150
4,4,20,5,3,0.00802899999962392,0.000976999999693362,Y,157
4,4,20,5,3,0.007921999998870888,0.0009390000004714238,Y,158
4,4,20,5,3,0.0076330000010784715,0.0007759999998597777,Y,158
4,4,20,5,3,0.008226999999351392,0.0008750000006330083,Y,151
4,4,20,5,3,0.007587000000057742,0.0007930000001579174,Y,148
4,4,30,6,3,0.029264999999213615,0.0023259999998117564,Y,235
4,4,30,6,3,0.029147000000193657,0.0024290000001201406,Y,244
4,4,30,6,3,0.025980999998864718,0.002961999999570253,Y,239
4,4,30,6,3,0.025440999998863845,0.00210499999957392,Y,243
4,4,30,6,3,0.02908599999955186,0.0020230000000083237,Y,249
4,4,30,6,3,0.028834000000642845,0.0037120000006325427,Y,239
4,4,30,6,3,0.029474999999365536,0.0034420000001773587,Y,243
4,4,30,6,3,0.02519499999925756,0.0024029999995036633,Y,251
4,4,30,6,3,0.02797499999996944,0.003192999999555468,Y,239
4,4,30,6,3,0.027710000001206936,0.002922000000580738,Y,243
4,4,40,7,4,0.056672999999136664,0.008367999999791209,Y,320
4,4,40,7,4,0.05018599999948492,0.007309999999961292,Y,316
4,4,40,7,4,0.04822599999988597,0.0075319999996281695,Y,327
4,4,40,7,4,0.05293299999902956,0.009446000000025379,Y,333
4,4,40,7,4,0.045478000000002794,0.005947999999989406,Y,332
4,4,40,7,4,0.04879199999959383,0.0073959999999715365,Y,327
4,4,40,7,4,0.05080999999881897,0.010172000000238768,Y,319
4,4,40,7,4,0.045651000001271314,0.0067530000014812686,Y,318
4,4,40,7,4,0.04719500000010157,0.007977999998729501,Y,319
4,4,40,7,4,0.049250000000029104,0.005488000000696047,Y,321
4,4,50,8,4,0.08370400000148948,0.012477000000217231,Y,408
4,4,50,8,4,0.08514800000011746,0.013371000000006461,Y,413
4,4,50,8,4,0.08488099999976839,0.009734000001117238,Y,416
4,4,50,8,4,0.0798160000003918,0.008696000000782078,Y,412
4,4,50,8,4,0.075818999999683,0.012370999999802734,Y,409
4,4,50,8,4,0.07578799999919283,0.011929000000236556,Y,414
4,4,50,8,4,0.07526599999982864,0.010995999999067863,Y,415
4,4,50,8,4,0.07428899999831629,0.010690999999496853,Y,396
4,4,50,8,4,0.07546900000033929,0.010801999998875544,Y,406
4,4,50,8,4,0.07513799999924231,0.009475999999267515,Y,394
4,4,60,8,4,0.11592400000063208,0.022021000000677304,Y,457
4,4,60,8,4,0.11692800000037096,0.018866000000343774,Y,467
4,4,60,8,4,0.10925200000019686,0.02362899999934598,Y,459
4,4,60,8,4,0.11307899999974325,0.021954999999252323,Y,464
4,4,60,8,4,0.1096030000007886,0.03196999999909167,Y,469
4,4,60,8,4,0.11416299999928015,0.01803000000109023,Y,467
4,4,60,8,4,0.11685799999941082,0.022166000000652275,Y,454
4,4,60,8,4,0.11323799999900075,0.02087900000060472,Y,462
4,4,60,8,4,0.11129800000071555,0.01888799999960611,Y,470
4,4,60,8,4,0.11092100000041683,0.019487999999910244,Y,455
4,4,70,9,5,0.16320099999938975,0.10105600000042614,Y,526
4,4,70,9,5,0.157708000000639,0.07944199999928969,Y,526
4,4,70,9,5,0.14924499999960972,0.041158000000905304,Y,532
4,4,70,9,5,0.15140799999971932,0.06048899999950663,Y,520
4,4,70,9,5,0.1462020000008124,0.07086699999945267,Y,519
4,4,70,9,5,0.15759800000068935,0.0569549999991068,Y,520
4,4,70,9,5,0.1517469999998866,0.04899699999987206,Y,540
4,4,70,9,5,0.15679799999998068,0.06456299999990733,Y,524
4,4,70,9,5,0.15531899999859888,0.07043200000043726,Y,528
4,4,70,9,5,0.16693899999972928,0.07948099999975966,Y,534
4,4,80,9,5,0.19941499999913503,0.09365100000013626,Y,584
4,4,80,9,5,0.19843999999920925,0.12333099999978003,Y,575
4,4,80,9,5,0.20608499999980268,0.14481500000056258,Y,579
4,4,80,9,5,0.20903899999939313,0.23743199999989884,Y,567
4,4,80,9,5,0.20025299999906565,0.1479220000001078,Y,582
4,4,80,9,5,0.20756100000016886,0.13126300000112678,Y,593
4,4,80,9,5,0.206623999999465,0.14340499999980238,Y,581
4,4,80,9,5,0.20093499999984488,0.1279210000002422,Y,587
4,4,80,9,5,0.19980499999928725,0.08333399999901303,Y,577
4,4,80,9,5,0.2090280000002167,0.13325800000075105,Y,579
4,4,90,10,5,0.3440709999986211,0.25134299999990617,Y,648
4,4,90,10,5,0.3381920000010723,0.20219700000052399,Y,641
4,4,90,10,5,0.32386700000097335,0.2763620000014271,Y,632
4,4,90,10,5,0.3385410000000775,0.1467800000018542,Y,640
4,4,90,10,5,0.3397720000011759,0.19519800000034593,Y,646
4,4,90,10,5,0.3392100000000937,0.15806599999905302,Y,653
4,4,90,10,5,0.3516700000000128,0.1813189999993483,Y,651
4,4,90,10,5,0.34734600000047067,0.17261399999915739,Y,652
4,4,90,10,5,0.36449199999970006,0.2042830000000322,Y,638
4,4,90,10,5,0.3493349999998827,0.18889800000033574,Y,658
4,4,100,10,5,0.4478790000002846,0.3591279999982362,Y,701
4,4,100,10,5,0.4425940000000992,0.26481799999965006,Y,699
4,4,100,10,5,0.43370900000081747,0.3638860000000932,Y,708
4,4,100,10,5,0.43979099999978644,0.4030349999993632,Y,703
4,4,100,10,5,0.43127000000094995,0.3333620000012161,Y,695
4,4,100,10,5,0.43072599999959493,0.3737620000001698,Y,689
4,4,100,10,5,0.4278539999995701,0.22592100000019855,Y,704
4,4,100,10,5,0.42733399999997346,0.35653800000090996,Y,702
4,4,100,10,5,0.43114999999852444,0.439077000000907,Y,703
4,4,100,10,5,0.4385730000003605,0.28432100000009086,Y,710
3,2,10,4,2,0.001410000000760192,0.00010199999996984843,Y,34
3,2,10,4,2,0.0012930000002597808,8.600000001024455e-05,Y,38
3,2,10,4,2,0.0011920000006284681,8.199999956559623e-05,Y,36
3,2,10,4,2,0.0011649999987639603,7.999999888852471e-05,Y,33
3,2,10,4,2,0.0011230000000068685,7.899999945948366e-05,Y,33
3,2,10,4,2,0.0011290000002190936,7.499999992433004e-05,Y,35
3,2,10,4,2,0.0011389999999664724,7.60000002628658e-05,Y,37
3,2,10,4,2,0.0011620000004768372,7.59999993533711e-05,Y,37
3,2,10,4,2,0.0011519999998199637,8.100000013655517e-05,Y,37
3,2,10,4,2,0.0011730000005627517,8.100000013655517e-05,Y,35
3,2,20,5,3,0.004150000000663567,0.0010419999989608186,Y,66
3,2,20,5,3,0.004235999999764317,0.0007630000000062864,Y,67
3,2,20,5,3,0.004213999999592488,0.0011440000007496565,Y,68
3,2,20,5,3,0.004289999999855354,0.0008910000005926122,Y,67
3,2,20,5,3,0.00453899999956775,0.0010739999988800264,Y,65
3,2,20,5,3,0.004716000000371423,0.0010279999996782863,Y,66
3,2,20,5,3,0.00423899999987043,0.0008939999988797354,Y,63
3,2,20,5,3,0.004215000000840519,0.0007900000000518048,Y,70
3,2,20,5,3,0.004641000000447093,0.0008520000001226435,Y,68
3,2,20,5,3,0.0066130000004704925,0.0010410000004412723,Y,65
3,2,30,6,3,0.015725000001111766,0.0031449999996766564,Y,105
3,2,30,6,3,0.017101000000366184,0.005627999999887834,Y,106
3,2,30,6,3,0.015758999999889056,0.003439000000980741,Y,104
3,2,30,6,3,0.016676999998708197,0.004375999998956104,Y,101
3,2,30,6,3,0.015505999999732012,0.003206000000318454,Y,102
3,2,30,6,3,0.016085000000202854,0.00403699999969831,Y,105
3,2,30,6,3,0.016966000000138592,0.003808000000390166,Y,105
3,2,30,6,3,0.015421000000060303,0.004307000000153494,Y,100
3,2,30,6,3,0.014524999999594002,0.004301000000850763,Y,99
3,2,30,6,3,0.014825999999629857,0.004429999999956635,Y,96
3,2,40,7,4,0.03187800000068819,0.014874999999847205,Y,146
3,2,40,7,4,0.02815299999929266,0.018137000000024273,Y,147
3,2,40,7,4,0.028022999999848253,0.015414999999848078,Y,145
3,2,40,7,4,0.028691999999864493,0.013390000000072177,Y,142
3,2,40,7,4,0.028477999999267922,0.010812999999870954,Y,140
3,2,40,7,4,0.028078999999706866,0.009216000000378699,Y,143
3,2,40,7,4,0.028527999999823805,0.021623999999064836,Y,149
3,2,40,7,4,0.028566999998474785,0.014305000000604196,Y,142
3,2,40,7,4,0.0278809999990699,0.015910000000985747,Y,140
3,2,40,7,4,0.030761999999413092,0.013756999999714026,Y,147
3,2,50,8,4,0.04696100000091974,0.022558000000572065,Y,176
3,2,50,8,4,0.044754000000466476,0.046276000000943895,Y,170
3,2,50,8,4,0.04454899999927875,0.03738100000009581,Y,169
3,2,50,8,4,0.041078000001107284,0.02803299999959563,Y,168
3,2,50,8,4,0.04195900000013353,0.01564700000017183,Y,173
3,2,50,8,4,0.04322900000079244,0.025873000000501634,Y,172
3,2,50,8,4,0.03856800000085059,0.03197600000021339,Y,167
3,2,50,8,4,0.053723000000900356,0.048411000000669446,Y,165
3,2,50,8,4,0.04841800000031071,0.03516700000000128,Y,172
3,2,50,8,4,0.04181399999924906,0.029838999999810767,Y,165
3,2,60,8,4,0.06308499999977357,0.07158200000139914,Y,196
3,2,60,8,4,0.06162899999981164,0.06205300000056013,Y,201
3,2,60,8,4,0.062047999998867454,0.08494900000096095,Y,197
3,2,60,8,4,0.06548000000111642,0.05729400000018359,Y,197
3,2,60,8,4,0.06208599999990838,0.06180399999993824,Y,200
3,2,60,8,4,0.06528699999944365,0.06922399999893969,Y,202
3,2,60,8,4,0.06493799999952898,0.08457300000100076,Y,198
3,2,60,8,4,0.06237000000055559,0.04932000000098924,Y,205
3,2,60,8,4,0.06579500000043481,0.048145000001568405,Y,198
3,2,60,8,4,0.06465799999932642,0.07688099999995757,Y,195
3,2,70,9,5,0.08381199999985256,0.2790609999992739,Y,234
3,2,70,9,5,0.08518099999946571,0.6426609999998618,Y,222
3,2,70,9,5,0.08645999999953347,0.5546979999999166,Y,222
3,2,70,9,5,0.08263799999986077,0.5031879999987723,Y,227
3,2,70,9,5,0.08231099999920843,0.40844799999831594,Y,222
3,2,70,9,5,0.08362900000156515,0.34403800000109186,Y,231
3,2,70,9,5,0.0862699999997858,0.5609780000013416,Y,221
3,2,70,9,5,0.09452000000055705,0.4805050000004485,Y,226
3,2,70,9,5,0.10701800000060757,0.4632469999996829,Y,227
3,2,70,9,5,0.09830699999929493,0.6077519999998913,Y,219
3,2,80,9,5,0.10980600000038976,1.37310399999933,Y,228
3,2,80,9,5,0.11339000000043598,1.2211379999998826,Y,234
3,2,80,9,5,0.12639900000067428,1.057943000000705,Y,234
3,2,80,9,5,0.10960199999954057,1.510815000000548,Y,231
3,2,80,9,5,0.09918199999901844,1.1523079999997208,Y,232
3,2,80,9,5,0.10820899999998801,1.4012719999991532,Y,232
3,2,80,9,5,0.10368000000016764,1.1433420000003025,Y,237
3,2,80,9,5,0.10811699999976554,1.097184999998717,Y,230
3,2,80,9,5,0.10690699999940989,1.1774049999994531,Y,226
3,2,80,9,5,0.1206850000016857,1.087507999999616,Y,232
3,2,90,10,5,0.17269199999918783,1.958025999999336,Y,254
3,2,90,10,5,0.18049499999960972,2.13683200000105,Y,256
3,2,90,10,5,0.17685699999947246,1.9354110000003857,Y,263
3,2,90,10,5,0.1706479999993462,2.1651229999997668,Y,255
3,2,90,10,5,0.17680699999982608,2.0427509999990434,Y,258
3,2,90,10,5,0.17781300000024203,2.10826200000065,Y,257
3,2,90,10,5,0.18692399999963527,2.078486999999768,Y,256
3,2,90,10,5,0.1715939999985494,2.2668469999998706,Y,251
3,2,90,10,5,0.18628799999896728,1.8295530000004874,Y,263
3,2,90,10,5,0.18307199999981094,1.9331399999991845,Y,260
3,2,100,10,5,0.2356049999989409,2.956214999999247,Y,289
3,2,100,10,5,0.2317589999993288,3.1332259999999224,Y,288
3,2,100,10,5,0.24163899999985006,2.797063999999409,Y,294
3,2,100,10,5,0.2346959999995306,3.5235079999993104,Y,288
3,2,100,10,5,0.23840199999904144,3.4017189999995026,Y,287
3,2,100,10,5,0.23472799999944982,3.1375679999991917,Y,292
3,2,100,10,5,0.23145000000022264,3.2570430000005217,Y,292
3,2,100,10,5,0.23332699999991746,3.77045199999975,Y,288
3,2,100,10,5,0.2286739999999554,2.825522000000092,Y,290
3,2,100,10,5,0.2436230000002979,2.5788609999999608,Y,298
2,3,10,4,2,0.0015229999989969656,9.200000022246968e-05,Y,42
2,3,10,4,2,0.0014399999990928336,9.099999897443922e-05,Y,39
2,3,10,4,2,0.0014750000000276486,9.000000045489287e-05,Y,43
2,3,10,4,2,0.0014699999992444646,9.099999988393392e-05,Y,40
2,3,10,4,2,0.0015439999997397535,9.499999941908754e-05,Y,41
2,3,10,4,2,0.0015299999995477265,0.00010000000020227162,Y,41
2,3,10,4,2,0.0015640000001440058,9.500000032858225e-05,Y,41
2,3,10,4,2,0.0015759999996589613,9.6000000667118e-05,Y,44
2,3,10,4,2,0.001588999998602958,0.0001160000001618755,Y,41
2,3,10,4,2,0.0015739999989818898,0.00010099999963131268,Y,40
2,3,20,5,3,0.00521399999888672,0.0009739999995872495,Y,78
2,3,20,5,3,0.00513400000090769,0.0009509999990768847,Y,78
2,3,20,5,3,0.005865999999514315,0.0012109999997846899,Y,76
2,3,20,5,3,0.005785999999716296,0.0011350000004313188,Y,76
2,3,20,5,3,0.006046000000424101,0.0017680000000837026,Y,74
2,3,20,5,3,0.007176999999501277,0.001080000000911241,Y,83
2,3,20,5,3,0.005381999999372056,0.0011710000007951749,Y,75
2,3,20,5,3,0.005357000000003609,0.0010259999999107094,Y,80
2,3,20,5,3,0.00630399999954534,0.0011619999995673425,Y,85
2,3,20,5,3,0.006119000000580854,0.0014170000004014582,Y,74
2,3,30,6,3,0.021175999998376938,0.004668999999012158,Y,120
2,3,30,6,3,0.020878000000266184,0.004628000000593602,Y,121
2,3,30,6,3,0.023535999999694468,0.008011999998416286,Y,123
2,3,30,6,3,0.024077000000033877,0.005388000000493776,Y,125
2,3,30,6,3,0.022571999998945103,0.006081000000449421,Y,124
2,3,30,6,3,0.021139999998922576,0.005107999999381718,Y,124
2,3,30,6,3,0.019268000000010943,0.0055830000010246295,Y,121
2,3,30,6,3,0.020002000000204134,0.004406000000926724,Y,125
2,3,30,6,3,0.02040000000033615,0.004431000000295171,Y,122
2,3,30,6,3,0.019839999999931024,0.00583699999970122,Y,118
2,3,40,7,4,0.03853599999911239,0.029623000000356114,Y,164
2,3,40,7,4,0.03634099999908358,0.02587299999959214,Y,163
2,3,40,7,4,0.03536100000110309,0.0456320000002961,Y,159
2,3,40,7,4,0.03761499999927764,0.037065000000438886,Y,159
2,3,40,7,4,0.03741199999967648,0.022467999999207677,Y,162
2,3,40,7,4,0.03615300000001298,0.031086000001778302,Y,162
2,3,40,7,4,0.03794599999946513,0.025201999999808322,Y,162
2,3,40,7,4,0.03564899999946647,0.028552000000672706,Y,163
2,3,40,7,4,0.03902699999980541,0.04215999999905762,Y,161
2,3,40,7,4,0.03943099999924016,0.044579999999768916,Y,160
2,3,50,8,4,0.059358000000429456,0.05933700000059616,Y,183
2,3,50,8,4,0.05797199999960867,0.05985400000008667,Y,187
2,3,50,8,4,0.055492000001322594,0.06812700000045879,Y,184
2,3,50,8,4,0.0543630000011035,0.040168000000448956,Y,188
2,3,50,8,4,0.05745100000058301,0.09092700000019249,Y,177
2,3,50,8,4,0.0581609999999273,0.05841299999974581,Y,184
2,3,50,8,4,0.05506599999989703,0.09906500000124652,Y,180
2,3,50,8,4,0.05639599999994971,0.07028700000046229,Y,185
2,3,50,8,4,0.05269800000041869,0.06338899999991554,Y,184
2,3,50,8,4,0.052792999999837775,0.08737899999960064,Y,183
2,3,60,8,4,0.07658200000059878,0.23940200000106415,Y,204
2,3,60,8,4,0.07872000000043045,0.34887000000071566,Y,205
2,3,60,8,4,0.07927099999960774,0.2690869999996721,Y,202
2,3,60,8,4,0.08072699999956967,0.24184999999943102,Y,201
2,3,60,8,4,0.08221699999921839,0.22371100000054867,Y,205
2,3,60,8,4,0.08616499999970983,0.29436400000031426,Y,205
2,3,60,8,4,0.07846400000016729,0.22626199999922392,Y,204
2,3,60,8,4,0.08651200000167591,0.2066340000001219,Y,206
2,3,60,8,4,0.08207500000025902,0.2654950000005556,Y,207
2,3,60,8,4,0.07733099999950355,0.26915999999982887,Y,203
2,3,70,9,5,0.11182100000041828,1.5003670000005513,Y,231
2,3,70,9,5,0.1107609999990018,1.6299499999986438,Y,227
2,3,70,9,5,0.10788200000115467,1.7998710000001665,Y,231
2,3,70,9,5,0.10531299999911425,1.6554640000003928,Y,229
2,3,70,9,5,0.12394200000107958,1.9200159999982134,Y,231
2,3,70,9,5,0.10207900000023074,1.6273440000004484,Y,231
2,3,70,9,5,0.11191799999960494,2.002540999998928,Y,230
2,3,70,9,5,0.11208600000009028,1.4159599999993588,Y,229
2,3,70,9,5,0.0999840000004042,1.2864030000009734,Y,232
2,3,70,9,5,0.10846300000048359,1.5540970000001835,Y,232
2,3,80,9,5,0.16950100000030943,5.101246000000174,Y,249
2,3,80,9,5,0.1381889999993291,4.238423000000694,Y,248
2,3,80,9,5,0.13644300000032672,4.31245300000046,Y,251
2,3,80,9,5,0.1472940000003291,5.0300560000005134,Y,250
2,3,80,9,5,0.1442749999996522,4.8428090000006705,Y,250
2,3,80,9,5,0.13841099999990547,5.8392430000003515,Y,247
2,3,80,9,5,0.14197200000035082,5.17283099999986,Y,249
2,3,80,9,5,0.1520540000001347,5.056924000000436,Y,249
2,3,80,9,5,0.14797300000009272,4.889404999999897,Y,252
2,3,80,9,5,0.1488130000007004,5.116693000000851,Y,248
2,3,90,10,5,0.2383830000007947,7.185335000000123,Y,276
2,3,90,10,5,0.2547260000001188,7.2901829999991605,Y,274
2,3,90,10,5,0.2554249999984677,7.534048999998959,Y,279
2,3,90,10,5,0.23659200000020064,8.591645000000426,Y,278
2,3,90,10,5,0.23894099999961327,8.726698999999826,Y,276
2,3,90,10,5,0.24753200000122888,7.485504999999648,Y,277
2,3,90,10,5,0.2430450000001656,7.859685999999783,Y,275
2,3,90,10,5,0.24620900000081747,7.786681999999928,Y,279
2,3,90,10,5,0.23665399999936199,7.343220000000656,Y,277
2,3,90,10,5,0.24073800000041956,7.546510999999555,Y,278
2,3,100,10,5,0.3044080000008762,20.75019499999962,Y,279
2,3,100,10,5,0.29800500000055763,24.24920899999961,Y,278
2,3,100,10,5,0.29552200000034645,24.135692999999264,Y,278
2,3,100,10,5,0.3147229999985939,11.830026000001453,Y,279
2,3,100,10,5,0.29263499999979103,17.83046000000013,Y,277
2,3,100,10,5,0.29808199999934004,23.713535999999294,Y,279
2,3,100,10,5,0.2899650000008478,15.223226000000068,Y,280
2,3,100,10,5,0.2973679999995511,18.832940999999664,Y,280
2,3,100,10,5,0.29833399999915855,25.439823000000615,Y,278
2,3,100,10,5,0.29344099999889295,18.992895000001226,Y,278
2,2,10,4,2,0.0014580000006390037,0.00010900000052060932,Y,29
2,2,10,4,2,0.0014300000002549496,0.00011100000028818613,Y,31
2,2,10,4,2,0.0014679999994768878,0.00010300000030838419,Y,33
2,2,10,4,2,0.0014609999998356216,0.0001160000001618755,Y,29
2,2,10,4,2,0.001432000000932021,0.00010799999927257886,Y,28
2,2,10,4,2,0.0014009999995323597,0.00010100000054080738,Y,27
2,2,10,4,2,0.0014750000000276486,0.00010999999994965037,Y,30
2,2,10,4,2,0.0015220000004774192,0.00010699999984353781,Y,32
2,2,10,4,2,0.0015080000002853922,0.000105000000075961,Y,31
2,2,10,4,2,0.0014909999990777578,0.00012800000058632577,Y,34
2,2,20,5,3,0.004898000000139291,0.0013690000005226466,Y,51
2,2,20,5,3,0.004852000000937551,0.001357000001007691,Y,50
2,2,20,5,3,0.004951999999320833,0.0016639999994367827,Y,53
2,2,20,5,3,0.004824000000553497,0.001421999999365653,Y,53
2,2,20,5,3,0.006961000000956119,0.0017170000000987784,Y,51
2,2,20,5,3,0.004715000000942382,0.001382000000376138,Y,51
2,2,20,5,3,0.004903000000922475,0.0013279999993756064,Y,56
2,2,20,5,3,0.005223000000114553,0.0015740000008008792,Y,49
2,2,20,5,3,0.0062970000008135685,0.0021570000008068746,Y,51
2,2,20,5,3,0.004391999999825202,0.0011930000000575092,Y,51
2,2,30,6,3,0.015322999999625608,0.008504000000357337,Y,75
2,2,30,6,3,0.01594699999986915,0.0070729999997638515,Y,78
2,2,30,6,3,0.02066800000011426,0.007668999999623338,Y,81
2,2,30,6,3,0.015916999999717518,0.006798000000344473,Y,76
2,2,30,6,3,0.015216999999211112,0.007106000000021595,Y,80
2,2,30,6,3,0.016222000000198022,0.007351000001108332,Y,78
2,2,30,6,3,0.015604000000166707,0.007022999999207968,Y,81
2,2,30,6,3,0.01486300000033225,0.0077780000001439475,Y,75
2,2,30,6,3,0.014756999999917753,0.007384000000456581,Y,79
2,2,30,6,3,0.015071000000716595,0.006613999999899534,Y,80
2,2,40,7,4,0.02767299999959505,0.05621400000018184,Y,106
2,2,40,7,4,0.025544000000081724,0.0523140000004787,Y,105
2,2,40,7,4,0.028672000000369735,0.05522899999959918,Y,106
2,2,40,7,4,0.025389000000359374,0.06231099999968137,Y,105
2,2,40,7,4,0.028525000000627188,0.04610399999910442,Y,109
2,2,40,7,4,0.02642699999978504,0.0617789999996603,Y,107
2,2,40,7,4,0.027721000000383356,0.07752200000049925,Y,106
2,2,40,7,4,0.024307999999109597,0.0626300000003539,Y,105
2,2,40,7,4,0.026673999998820364,0.06323600000087026,Y,106
2,2,40,7,4,0.026038000000880857,0.058966000000509666,Y,106
2,2,50,8,4,0.04190699999981007,0.20323399999961111,Y,121
2,2,50,8,4,0.037214000000858505,0.12239199999930861,Y,125
2,2,50,8,4,0.038696999999046966,0.1497959999996965,Y,124
2,2,50,8,4,0.039142000000538246,0.2382770000003802,Y,122
2,2,50,8,4,0.0413300000000163,0.12736599999971077,Y,125
2,2,50,8,4,0.04169199999887496,0.1662479999995412,Y,124
2,2,50,8,4,0.038325999999869964,0.1820189999998547,Y,122
2,2,50,8,4,0.04245499999979074,0.14386999999896943,Y,124
2,2,50,8,4,0.03944899999987683,0.1433230000002368,Y,122
2,2,50,8,4,0.04204399999980524,0.1426450000008117,Y,122
2,2,60,8,4,0.05767699999978504,0.4569019999989905,Y,141
2,2,60,8,4,0.05959900000016205,0.48108200000024226,Y,141
2,2,60,8,4,0.055654999999205756,0.4969069999997373,Y,141
2,2,60,8,4,0.058559999999488355,0.40237299999898823,Y,142
2,2,60,8,4,0.05924900000081834,0.49908700000105455,Y,142
2,2,60,8,4,0.061183999999229854,0.3055449999992561,Y,143
2,2,60,8,4,0.05664900000101625,0.3287609999997585,Y,143
2,2,60,8,4,0.06489000000146916,0.4467559999993682,Y,138
2,2,60,8,4,0.059403000000202155,0.6325559999995676,Y,136
2,2,60,8,4,0.059400999999525084,0.3650500000003376,Y,143
2,2,70,9,5,0.08313900000121066,3.998134000000391,Y,160
2,2,70,9,5,0.0801900000005844,5.00696599999992,Y,160
2,2,70,9,5,0.0809770000005301,4.916447999999036,Y,161
2,2,70,9,5,0.07847600000059174,5.399812999999085,Y,160
2,2,70,9,5,0.08271100000092702,5.846862999998848,Y,158
2,2,70,9,5,0.07546900000033929,4.650597000000744,Y,158
2,2,70,9,5,0.07809799999995448,4.90963499999998,Y,158
2,2,70,9,5,0.08125900000050024,4.21105500000067,Y,159
2,2,70,9,5,0.08126000000083877,4.690716000000975,Y,159
2,2,70,9,5,0.07704199999898265,4.6912520000005316,Y,157
2,2,80,9,5,0.09561800000028597,13.25053299999945,Y,161
2,2,80,9,5,0.09869999999955326,13.24721099999988,Y,159
2,2,80,9,5,0.09582299999874522,10.147133999999824,Y,160
2,2,80,9,5,0.09976599999936298,8.751422000000275,Y,162
2,2,80,9,5,0.09894600000006903,7.777662999999848,Y,161
2,2,80,9,5,0.10461300000042684,16.772970999999416,Y,160
2,2,80,9,5,0.09717600000021775,11.766286999998556,Y,161
2,2,80,9,5,0.1168150000003152,11.09510600000067,Y,161
2,2,80,9,5,0.10878499999944324,11.676766999999927,Y,161
2,2,80,9,5,0.0972620000011375,11.468432000000575,Y,160
2,2,90,10,5,0.15621500000088417,25.644838000001073,Y,180
2,2,90,10,5,0.16542399999980262,29.86364499999945,Y,179
2,2,90,10,5,0.16903199999978824,27.301133000000846,Y,180
2,2,90,10,5,0.15388900000016292,34.18201500000032,Y,176
2,2,90,10,5,0.17627599999923405,33.51379699999961,Y,179
2,2,90,10,5,0.16364399999929446,27.072410999999192,Y,179
2,2,90,10,5,0.17313999999987573,27.502347999998165,Y,178
2,2,90,10,5,0.16503000000011525,23.092068000000836,Y,180
2,2,90,10,5,0.1775760000000446,25.357882999999674,Y,178
2,2,90,10,5,0.172485000000961,26.91319399999975,Y,177
2,2,100,10,5,0.23745900000085385,60.65448099999958,Y,199
2,2,100,10,5,0.21688300000005256,44.14996399999927,Y,198
2,2,100,10,5,0.22660799999994197,66.46381999999903,Y,197
2,2,100,10,5,0.22055099999852246,61.62939499999993,Y,198
2,2,100,10,5,0.2273589999995238,48.5127080000002,Y,200
2,2,100,10,5,0.2244940000000497,67.77100000000155,Y,196
2,2,100,10,5,0.22396699999990233,44.52897100000064,Y,199
2,2,100,10,5,0.23362100000031205,70.18632799999978,Y,199
2,2,100,10,5,0.22789799999918614,49.27528700000039,Y,200
2,2,100,10,5,0.2134200000018609,56.56260199999906,Y,198
2,1,10,4,2,0.0012400000005072798,0.00014800000008108327,N,16
2,1,10,4,2,0.0011380000005374313,0.00010600000132399146,Y,19
2,1,10,4,2,0.0011300000005576294,0.00010099999963131268,Y,18
2,1,10,4,2,0.0011579999991226941,0.00010100000145030208,Y,20
2,1,10,4,2,0.0010919999995167018,0.00010099999963131268,Y,16
2,1,10,4,2,0.0010499999998501153,8.799999886832666e-05,Y,19
2,1,10,4,2,0.0009850000005826587,8.900000011635711e-05,Y,19
2,1,10,4,2,0.0005540000001929002,8.100000013655517e-05,N,18
2,1,10,4,2,0.0009489999993093079,8.69999994392856e-05,Y,21
2,1,10,4,2,0.0009489999993093079,8.300000081362668e-05,Y,16
2,1,20,5,3,0.0013120000003254972,0.00038099999983387534,N,24
2,1,20,5,3,0.0013819999994666432,0.0002549999999246211,N,27
2,1,20,5,3,0.0014489999994111713,0.00015099999927770114,N,27
2,1,20,5,3,0.0014639999999417341,0.00021800000013172394,N,25
2,1,20,5,3,0.0014960000007704366,0.0004650000000765431,N,25
2,1,20,5,3,0.0015660000008210773,0.00014900000041961903,N,26
2,1,20,5,3,0.0014780000001337612,0.001117000000704138,N,26
2,1,20,5,3,0.0015309999998862622,0.003516999999192194,N,26
2,1,20,5,3,0.0016400000004068715,0.00014900000041961903,N,27
2,1,20,5,3,0.0016409999998359126,0.0003129999995508115,N,26
2,1,30,6,3,0.006311999999525142,0.0017610000004424364,N,47
2,1,30,6,3,0.005654999999933352,0.0009609999997337582,N,44
2,1,30,6,3,0.0037449999999807915,0.0009689999997135601,N,38
2,1,30,6,3,0.011718000000655593,0.009697999999843887,Y,46
2,1,30,6,3,0.0036030000001119333,0.0006929999999556458,N,44
2,1,30,6,3,0.010975000000144064,0.0118689999990238,Y,45
2,1,30,6,3,0.011678000000756583,0.015523000000030152,Y,46
2,1,30,6,3,0.011402000000089174,0.014301000000159547,Y,46
2,1,30,6,3,0.003228999999919324,0.0046830000001136796,N,45
2,1,30,6,3,0.003261999999267573,0.0008200000002034358,N,47
2,1,40,7,4,0.005541999999877589,0.0011610000001383014,N,53
2,1,40,7,4,0.005832000000737025,0.014166999999360996,N,50
2,1,40,7,4,0.006344999999782885,0.007542999999714084,N,53
2,1,40,7,4,0.006072000000131084,0.017045999999936612,N,55
2,1,40,7,4,0.00562400000035268,0.004071000000294589,N,53
2,1,40,7,4,0.00568699999985256,0.022154000000227825,N,53
2,1,40,7,4,0.00591199999962555,0.0004760000001624576,N,56
2,1,40,7,4,0.006080999999539927,0.008034000000407104,N,52
2,1,40,7,4,0.006207000000358676,0.0005629999996017432,N,53
2,1,40,7,4,0.006341000000247732,0.003936000000066997,N,54
2,1,50,8,4,0.009267000000363623,0.0034679999998843414,N,60
2,1,50,8,4,0.009090999999898486,0.029781999999613618,N,61
2,1,50,8,4,0.00830500000029133,0.01865300000008574,N,62
2,1,50,8,4,0.009352000000035332,0.026300999999875785,N,64
2,1,50,8,4,0.008521999999175023,0.11968600000000151,N,63
2,1,50,8,4,0.007686999999350519,0.03195800000048621,N,63
2,1,50,8,4,0.008168999999725202,0.0033849999999802094,N,63
2,1,50,8,4,0.010551000000305066,0.009576999999808322,N,60
2,1,50,8,4,0.01026599999931932,0.08882300000004761,N,62
2,1,50,8,4,0.011414000000513624,0.0711250000003929,N,62
2,1,60,8,4,0.013998999999785156,1.341207999999824,N,80
2,1,60,8,4,0.011417000000619737,0.0695369999994,N,79
2,1,60,8,4,0.012219999999615538,0.04699900000014168,N,77
2,1,60,8,4,0.01239499999974214,0.9722179999998843,N,77
2,1,60,8,4,0.011211000000002969,1.3401880000001256,N,78
2,1,60,8,4,0.0127810000003592,0.07433300000047893,N,79
2,1,60,8,4,0.012168999999630614,2.9735850000006394,N,78
2,1,60,8,4,0.011776999999710824,0.3294400000004316,N,79
2,1,60,8,4,0.01302399999985937,0.07065899999997782,N,78
2,1,60,8,4,0.011425000000599539,0.5126120000004448,N,75
2,1,70,9,5,0.01820999999927153,0.15171299999929033,N,87
2,1,70,9,5,0.018824000000677188,0.07377300000007381,N,89
2,1,70,9,5,0.01572699999996985,0.8372559999997975,N,89
2,1,70,9,5,0.014952999999877647,0.4947809999994206,N,89
2,1,70,9,5,0.0160120000000461,0.4008940000003349,N,89
2,1,70,9,5,0.019363000000339525,1.374573000000055,N,89
2,1,70,9,5,0.0172179999999571,0.08683100000052946,N,87
2,1,70,9,5,0.015089999999872816,1.370481999999356,N,87
2,1,70,9,5,0.01680300000043644,0.120640000000094,N,89
2,1,70,9,5,0.01870599999983824,1.2501130000000558,N,89
2,1,80,9,5,0.018994999999449647,1.9369999999998981,N,89
2,1,80,9,5,0.019567999999708263,0.09611500000028173,N,90
2,1,80,9,5,0.019312999999783642,0.21681200000057288,N,90
2,1,80,9,5,0.020314999999754946,0.029505999999855703,N,90
2,1,80,9,5,0.023051000000123167,0.48407699999916076,N,90
2,1,80,9,5,0.022740000000339933,0.42062900000019,N,88
2,1,80,9,5,0.01927200000045559,0.10490800000025047,N,89
2,1,80,9,5,0.018684000000575907,0.07170899999982794,N,89
2,1,80,9,5,0.02304999999978463,1.84947800000009,N,89
2,1,80,9,5,0.02041300000018964,0.7165859999995519,N,90
2,1,90,10,5,0.023537000000033004,0.5206989999996949,N,99
2,1,90,10,5,0.028154999999969732,0.3939200000004348,N,99
2,1,90,10,5,0.024038000000473403,0.11360500000046159,N,99
2,1,90,10,5,0.025432000000364496,3.6448260000006485,N,98
2,1,90,10,5,0.024268000000120082,0.06992300000001705,N,100
2,1,90,10,5,0.026337999999668682,6.162558999999419,N,98
2,1,90,10,5,0.023280000000340806,4.254716000000371,N,100
2,1,90,10,5,0.028537000000142143,1.2452990000001591,N,99
2,1,90,10,5,0.02466400000048452,5.681056000000353,N,99
2,1,90,10,5,0.023962000000210537,1.7945229999995718,N,100
2,1,100,10,5,0.03404699999919103,0.6766979999993055,N,100
2,1,100,10,5,0.033755000000383006,1.7312730000003285,N,100
2,1,100,10,5,0.02851399999963178,8.923828999999387,N,100
2,1,100,10,5,0.03097299999990355,1.8740490000000136,N,99
2,1,100,10,5,0.031475000000682485,0.4643679999999222,N,98
2,1,100,10,5,0.029239999999845168,6.440853000000061,N,100
2,1,100,10,5,0.03718099999969127,0.10076000000026397,N,100
2,1,100,10,5,0.02924799999982497,0.4442570000001069,N,99
2,1,100,10,5,0.029730000000199652,0.2385949999998047,N,100
2,1,100,10,5,0.03492199999982404,4.2822720000003756,N,99
1,2,10,4,2,0.0012679999999818392,0.0002480000002833549,Y,18
1,2,10,4,2,0.0012649999998757266,0.00013700000090466347,Y,19
1,2,10,4,2,0.0012280000000828295,0.00011300000005576294,Y,20
1,2,10,4,2,0.0012130000004617614,0.00012400000014167745,Y,20
1,2,10,4,2,0.0012529999994512764,0.00015499999972234946,Y,20
1,2,10,4,2,0.00130899999930989,0.00014900000041961903,Y,19
1,2,10,4,2,0.000699999999596912,0.000135999999656633,N,17
1,2,10,4,2,0.0013569999991887016,0.0001069999989340431,Y,20
1,2,10,4,2,0.0012989999995625112,0.00014900000041961903,Y,18
1,2,10,4,2,0.0012950000000273576,0.0001430000002073939,Y,18
1,2,20,5,3,0.002246000000013737,0.006963999999243242,N,30
1,2,20,5,3,0.0022140000000945292,0.0002389999999650172,N,29
1,2,20,5,3,0.0022659999995084945,0.0022360000002663583,N,30
1,2,20,5,3,0.002502000000276894,0.004194000000097731,N,29
1,2,20,5,3,0.0023840000003474415,0.000323999999636726,N,30
1,2,20,5,3,0.00395100000059756,0.008060000000114087,N,29
1,2,20,5,3,0.0028759999995600083,0.001750999999785563,N,30
1,2,20,5,3,0.0035770000004049507,0.0003079999996771221,N,29
1,2,20,5,3,0.002260000000205764,0.0018549999995229882,N,29
1,2,20,5,3,0.0023620000001756125,0.0009020000006785267,N,30
1,2,30,6,3,0.004788999999618682,0.028817000000344706,N,42
1,2,30,6,3,0.00632099999984348,0.028940000000147847,N,42
1,2,30,6,3,0.005024999999477586,0.013477000000420958,N,42
1,2,30,6,3,0.005008999999517982,0.0009359999994558166,N,42
1,2,30,6,3,0.004359000000476954,0.03748600000017177,N,42
1,2,30,6,3,0.013548000000810134,0.1638680000005479,Y,42
1,2,30,6,3,0.004617999999936728,0.038712999999916065,N,41
1,2,30,6,3,0.004423000000315369,0.07982500000071013,N,42
1,2,30,6,3,0.005272999999760941,0.0405639999999039,N,42
1,2,30,6,3,0.005393999999796506,0.039462999999159365,N,41
1,2,40,7,4,0.01030599999921833,0.08234299999912764,N,55
1,2,40,7,4,0.009281999999984691,0.1753949999992983,N,56
1,2,40,7,4,0.008946999999352556,0.2605340000000069,N,56
1,2,40,7,4,0.008431000000200584,0.30263899999954447,N,56
1,2,40,7,4,0.0074789999998756684,0.11539999999968131,N,56
1,2,40,7,4,0.007744999999886204,0.1471029999993334,N,56
1,2,40,7,4,0.007708000000093307,0.05240299999968556,N,56
1,2,40,7,4,0.008453999999801454,0.010361999999986438,N,56
1,2,40,7,4,0.007827000000361295,0.048404000000118685,N,56
1,2,40,7,4,0.008378999999877124,0.12747699999999895,N,56
1,2,50,8,4,0.011546000000635104,1.0674389999994673,N,64
1,2,50,8,4,0.013443000000734173,1.3662819999999556,N,64
1,2,50,8,4,0.01122399999985646,0.39684200000010605,N,64
1,2,50,8,4,0.01323099999990518,0.29647400000067137,N,64
1,2,50,8,4,0.010925999999926717,0.36838299999999435,N,64
1,2,50,8,4,0.01136899999983143,0.28982799999994313,N,64
1,2,50,8,4,0.013517999999749009,0.04746300000078918,N,64
1,2,50,8,4,0.01220999999986816,0.03411099999993894,N,64
1,2,50,8,4,0.011454999999841675,0.19507399999929476,N,64
1,2,50,8,4,0.013742000000092958,0.2074110000003202,N,64
1,2,60,8,4,0.01674600000023929,1.5062529999995604,N,72
1,2,60,8,4,0.017044000000169035,8.10659300000043,N,72
1,2,60,8,4,0.020344999999906577,0.41178300000046875,N,72
1,2,60,8,4,0.01868800000011106,25.036112000000685,N,72
1,2,60,8,4,0.020199999999931606,3.4354190000003655,N,72
1,2,60,8,4,0.020222999999532476,5.531807000000299,N,72
1,2,60,8,4,0.016956000000391214,4.773269000000255,N,72
1,2,60,8,4,0.016706999999769323,0.79950000000008,N,72
1,2,60,8,4,0.016798999999991793,5.473201999999219,N,72
1,2,60,8,4,0.016510999999809428,0.7297140000000581,N,72
1,2,70,9,5,0.023052000000461703,0.5036690000006274,N,81
1,2,70,9,5,0.025024999999914144,0.4523159999998825,N,81
1,2,70,9,5,0.026323000000047614,3.463894000000437,N,81
1,2,70,9,5,0.021475999999893247,3.5596129999994446,N,81
1,2,70,9,5,0.02179100000012113,1.253364999999576,N,81
1,2,70,9,5,0.022582999999940512,1.0324460000001636,N,81
1,2,70,9,5,0.025716999999531254,0.42762799999945855,N,81
1,2,70,9,5,0.027136000000609783,0.6021110000001499,N,79
1,2,70,9,5,0.022993999999926018,0.5192600000000311,N,81
1,2,70,9,5,0.023679000000811357,6.258770000000368,N,81
1,2,80,9,5,0.02813700000024255,7.96220700000049,N,81
1,2,80,9,5,0.031003999999484222,7.935924000000341,N,81
1,2,80,9,5,0.03175199999986944,0.2827820000002248,N,81
1,2,80,9,5,0.028328000000328757,5.0944470000004,N,81
1,2,80,9,5,0.028350999999929627,1.331799000000501,N,81
1,2,80,9,5,0.03383800000028714,1.1446480000004158,N,81
1,2,80,9,5,0.03017299999919487,5.820716000000175,N,81
1,2,80,9,5,0.02937999999994645,0.43951800000013463,N,81
1,2,80,9,5,0.032097999999677995,4.560367000000042,N,81
1,2,80,9,5,0.03129900000021735,0.7095590000008087,N,81
1,2,90,10,5,0.03907100000014907,39.16679600000043,N,90
1,2,90,10,5,0.038792999999714084,7.631530999999995,N,90
1,2,90,10,5,0.042709000000286323,1.4603680000000168,N,90
1,2,90,10,5,0.04181700000026467,29.38357300000007,N,90
1,2,90,10,5,0.04251600000043254,15.82475499999964,N,90
1,2,90,10,5,0.04043599999931757,56.56600799999978,N,90
1,2,90,10,5,0.04241100000035658,29.979945000000043,N,90
1,2,90,10,5,0.04305399999975634,2.5164590000003955,N,90
1,2,90,10,5,0.04308899999978166,30.525948999999855,N,90
1,2,90,10,5,0.04109900000003108,7.911632999999711,N,90
1,2,100,10,5,0.05716200000006211,7.6707339999993565,N,100
1,2,100,10,5,0.052990000000136206,8.32163700000001,N,100
1,2,100,10,5,0.05804600000010396,6.754228000000694,N,100
1,2,100,10,5,0.04870600000049308,36.156668999999965,N,100
1,2,100,10,5,0.04961100000036822,29.89094699999987,N,100
1,2,100,10,5,0.04985399999986839,31.57351800000015,N,100
1,2,100,10,5,0.04729800000040996,32.484755000000405,N,100
1,2,100,10,5,0.051966999999422114,980.144135999999,N,100
1,2,100,10,5,0.05170100000032107,166.05994699999974,N,100
1,2,100,10,5,0.05929899999864574,22.336347999998907,N,100
1,1,10,4,2,0.0006979999998293351,8.899999920686241e-05,N,11
1,1,10,4,2,0.000718000001143082,0.00022499999977299012,N,11
1,1,10,4,2,0.0006599999996979022,0.0001540000012028031,N,11
1,1,10,4,2,0.0006630000007135095,0.00013500000022759195,N,12
1,1,10,4,2,0.0006249999987630872,9.200000022246968e-05,N,10
1,1,10,4,2,0.0006570000005012844,0.00010400000064691994,N,12
1,1,10,4,2,0.0006649999995715916,0.000210000000151922,N,11
1,1,10,4,2,0.0006450000000768341,8.600000001024455e-05,N,11
1,1,10,4,2,0.0006419999990612268,0.00011700000140990596,N,12
1,1,10,4,2,0.0006840000005468028,0.00020599999879777897,N,10
1,1,20,5,3,0.0017050000005838228,0.0001990000000660075,N,15
1,1,20,5,3,0.0015650000004825415,0.00043000000005122274,N,15
1,1,20,5,3,0.0016310000009980286,0.00032300000020768493,N,15
1,1,20,5,3,0.0017150000003312016,0.00011199999971722718,N,15
1,1,20,5,3,0.0017479999987699557,0.00015899999925750308,N,15
1,1,20,5,3,0.0017690000004222384,0.0007250000016938429,N,15
1,1,20,5,3,0.0017750000006344635,0.0007490000007237541,N,15
1,1,20,5,3,0.0017530000004626345,0.00030300000071292743,N,15
1,1,20,5,3,0.001730999998471816,0.0003600000000005821,N,15
1,1,20,5,3,0.0017220000008819625,0.0004580000004352769,N,15
1,1,30,6,3,0.004057999998622108,0.0007889999997132691,N,24
1,1,30,6,3,0.003984000000855303,0.0014069999997445848,N,24
1,1,30,6,3,0.00956900000164751,0.0024329999996552942,N,24
1,1,30,6,3,0.004430999999385676,0.00020499999845924322,N,24
1,1,30,6,3,0.00408400000014808,0.0007189999996626284,N,24
1,1,30,6,3,0.004407999998875312,0.0026020000004791655,N,24
1,1,30,6,3,0.0037849999989703065,0.0008670000006532064,N,24
1,1,30,6,3,0.003741000000445638,0.00046300000030896626,N,24
1,1,30,6,3,0.003319999999803258,0.0012349999997240957,N,24
1,1,30,6,3,0.003400000001420267,0.0036159999999654246,N,24
1,1,40,7,4,0.006832000000940752,0.0016850000010890653,N,28
1,1,40,7,4,0.005441999999675318,0.0011660000000119908,N,28
1,1,40,7,4,0.005482000000483822,0.0017970000008062925,N,28
1,1,40,7,4,0.005638000000544707,0.00015699999858043157,N,28
1,1,40,7,4,0.0053120000011404045,0.002501999999367399,N,28
1,1,40,7,4,0.005557000000408152,0.0014530000007653143,N,28
1,1,40,7,4,0.007773999999699299,0.0012990000013815006,N,28
1,1,40,7,4,0.0065080000003945315,0.0009179999997286359,N,28
1,1,40,7,4,0.005549000001337845,0.0015859999984968454,N,28
1,1,40,7,4,0.005867999998372397,0.0013419999995676335,N,28
1,1,50,8,4,0.009127999999691383,0.002021000000240747,N,32
1,1,50,8,4,0.00967299999865645,0.003966000000218628,N,32
1,1,50,8,4,0.009015999999974156,0.0041049999999813735,N,32
1,1,50,8,4,0.008004999999684514,0.0017540000008011702,N,32
1,1,50,8,4,0.008066999998845858,0.004120999999940977,N,32
1,1,50,8,4,0.00878499999998894,0.006935000001249136,N,31
1,1,50,8,4,0.008885999999620253,0.0022879999996803235,N,32
1,1,50,8,4,0.008337999999639578,0.007310999999390333,N,32
1,1,50,8,4,0.008017000000108965,0.008261999999376712,N,32
1,1,50,8,4,0.007594000000608503,0.007085999999617343,N,32
1,1,60,8,4,0.012687000000369153,0.054689000000507804,N,40
1,1,60,8,4,0.013543000000936445,0.011340999999447376,N,40
1,1,60,8,4,0.012419999999110587,0.004816000000573695,N,40
1,1,60,8,4,0.014578000000255997,0.005074000000604428,N,40
1,1,60,8,4,0.013546000000133063,0.0016300000006594928,N,40
1,1,60,8,4,0.01213599999937287,0.015788999999131192,N,40
1,1,60,8,4,0.013176999998904648,0.0030630000001110602,N,40
1,1,60,8,4,0.013366999999561813,0.05849099999977625,N,40
1,1,60,8,4,0.01279900000008638,0.004399999999805004,N,40
1,1,60,8,4,0.014012999999977183,0.0024229999999079155,N,40
1,1,70,9,5,0.017835999999078922,0.0020789999998669373,N,45
1,1,70,9,5,0.021599000001515378,0.020184999999401043,N,45
1,1,70,9,5,0.021244999999908032,0.0020920000006299233,N,45
1,1,70,9,5,0.018778999999994994,0.007461999999577529,N,45
1,1,70,9,5,0.01886200000080862,0.01849000000038359,N,45
1,1,70,9,5,0.018427999999403255,0.005049999999755528,N,45
1,1,70,9,5,0.019374000001334934,0.004192000000330154,N,45
1,1,70,9,5,0.017721000000165077,0.022039999999833526,N,45
1,1,70,9,5,0.018165999999837368,0.016332999999576714,N,45
1,1,70,9,5,0.019115000000965665,0.0021529999994527316,N,45
1,1,80,9,5,0.020404000000780798,0.04705600000124832,N,45
1,1,80,9,5,0.01985200000126497,0.002974000000904198,N,45
1,1,80,9,5,0.02115600000070117,0.005749999998442945,N,45
1,1,80,9,5,0.022693000000799657,0.011905000001206645,N,45
1,1,80,9,5,0.02071799999976065,0.002952000000732369,N,45
1,1,80,9,5,0.02008200000091165,0.02048300000024028,N,45
1,1,80,9,5,0.021539000001212116,0.025865000001431326,N,45
1,1,80,9,5,0.02092400000037742,0.003447999999480089,N,45
1,1,80,9,5,0.021404000000984524,0.006728000000293832,N,45
1,1,80,9,5,0.021672000000762637,0.015208000000711763,N,45
1,1,90,10,5,0.025168000000121538,0.024213000000600005,N,50
1,1,90,10,5,0.030731000000741915,0.025755999999091728,N,50
1,1,90,10,5,0.02538500000082422,0.023063999999067164,N,50
1,1,90,10,5,0.027011999998649117,0.027539000000615488,N,50
1,1,90,10,5,0.029049999999188003,0.006203999999343068,N,50
1,1,90,10,5,0.030464000001302338,0.004188000000795,N,50
1,1,90,10,5,0.02496199999950477,0.012625000001207809,N,50
1,1,90,10,5,0.025842999999440508,0.044066999998904066,N,50
1,1,90,10,5,0.02512899999965157,0.012809999998353305,N,50
1,1,90,10,5,0.027279000001726672,0.003388999999515363,N,50
1,1,100,10,5,0.03751800000100047,0.028193000000101165,N,50
1,1,100,10,5,0.03754300000036892,0.024398999999903026,N,50
1,1,100,10,5,0.033170000000609434,0.1210689999988972,N,50
1,1,100,10,5,0.03537099999994098,0.09252999999989697,N,50
1,1,100,10,5,0.029920000000856817,0.007745000000795699,N,50
1,1,100,10,5,0.03284499999972468,0.06306800000129442,N,50
1,1,100,10,5,0.03499999999985448,0.022536999998919782,N,50
1,1,100,10,5,0.029597999999168678,0.12670900000011898,N,50
1,1,100,10,5,0.030699999999342253,0.1913540000005014,N,50
1,1,100,10,5,0.03001800000129151,0.01300700000138022,N,50
