c,d,n,k,r,gen_time,solve_time,valid,sel_len
12,12,10,4,2,0.00794199999999999,0.00017599999999995397,Y,270
12,12,10,4,2,0.005763999999999991,0.00012200000000001099,Y,259
12,12,10,4,2,0.005805000000000005,0.00013699999999999823,Y,267
12,12,10,4,2,0.005331000000000002,0.00012100000000000999,Y,255
12,12,10,4,2,0.007519999999999999,0.00017299999999995097,Y,258
12,12,10,4,2,0.007951999999999987,0.00015099999999998448,Y,257
12,12,10,4,2,0.005508999999999986,0.00011599999999997723,Y,259
12,12,10,4,2,0.006277000000000005,0.00014300000000000423,Y,253
12,12,10,4,2,0.006388000000000005,0.00015100000000001224,Y,253
12,12,10,4,2,0.00587399999999999,0.00014700000000000824,Y,263
12,12,20,5,3,0.030067999999999984,0.0008019999999999972,Y,628
12,12,20,5,3,0.025193999999999994,0.0010280000000000289,Y,607
12,12,20,5,3,0.026976000000000055,0.0009310000000000151,Y,607
12,12,20,5,3,0.024551999999999963,0.0008870000000000267,Y,605
12,12,20,5,3,0.034589000000000036,0.0010299999999999754,Y,623
12,12,20,5,3,0.027395000000000003,0.0008160000000000389,Y,629
12,12,20,5,3,0.03173799999999999,0.0011480000000000379,Y,609
12,12,20,5,3,0.025934999999999986,0.0009100000000000219,Y,610
12,12,20,5,3,0.02688199999999996,0.0010200000000000209,Y,615
12,12,20,5,3,0.032604999999999995,0.0011649999999999716,Y,610
12,12,30,6,3,0.131536,0.0034570000000000434,Y,1021
12,12,30,6,3,0.1046919999999999,0.0037800000000000056,Y,989
12,12,30,6,3,0.09939299999999995,0.0026799999999999047,Y,1029
12,12,30,6,3,0.10570299999999999,0.0027319999999999567,Y,1007
12,12,30,6,3,0.10286299999999993,0.0027239999999999487,Y,1013
12,12,30,6,3,0.12856699999999988,0.0030959999999999877,Y,1011
12,12,30,6,3,0.12424899999999983,0.002958999999999934,Y,1007
12,12,30,6,3,0.10775800000000002,0.0022639999999998217,Y,1004
12,12,30,6,3,0.10777400000000004,0.0031209999999999294,Y,990
12,12,30,6,3,0.10228700000000002,0.0026610000000000245,Y,1001
12,12,40,7,4,0.2061630000000001,0.005584999999999729,Y,1445
12,12,40,7,4,0.19080999999999992,0.005931000000000131,Y,1451
12,12,40,7,4,0.18654700000000002,0.007053999999999672,Y,1434
12,12,40,7,4,0.20401600000000064,0.005619999999999958,Y,1407
12,12,40,7,4,0.20732300000000015,0.008106999999999864,Y,1422
12,12,40,7,4,0.1904469999999998,0.00563899999999995,Y,1423
12,12,40,7,4,0.19154899999999975,0.0077739999999995035,Y,1419
12,12,40,7,4,0.20867800000000036,0.004857999999999585,Y,1441
12,12,40,7,4,0.22290800000000033,0.006415000000000504,Y,1443
12,12,40,7,4,0.3393390000000003,0.013272000000000173,Y,1448
12,12,50,8,4,0.34558599999999995,0.008064000000000071,Y,1863
12,12,50,8,4,0.28588400000000025,0.008554999999999424,Y,1811
12,12,50,8,4,0.29100900000000074,0.00774900000000045,Y,1848
12,12,50,8,4,0.38293099999999924,0.006875999999999216,Y,1839
12,12,50,8,4,0.32785800000000087,0.00834099999999971,Y,1856
12,12,50,8,4,0.3044810000000009,0.007668000000000674,Y,1843
12,12,50,8,4,0.2554850000000002,0.007476000000000482,Y,1853
12,12,50,8,4,0.24761699999999998,0.006327000000000638,Y,1844
12,12,50,8,4,0.2856089999999991,0.0076670000000005345,Y,1872
12,12,50,8,4,0.24686499999999967,0.006386000000000003,Y,1848
12,12,60,8,4,0.39236999999999966,0.01592899999999986,Y,2264
12,12,60,8,4,0.3744299999999994,0.013050999999999924,Y,2233
12,12,60,8,4,0.3722369999999984,0.010749999999999815,Y,2240
12,12,60,8,4,0.4125999999999994,0.012495000000001255,Y,2219
12,12,60,8,4,0.3608469999999997,0.01532300000000042,Y,2230
12,12,60,8,4,0.35751699999999964,0.014193000000002343,Y,2225
12,12,60,8,4,0.3305889999999998,0.014742000000000033,Y,2255
12,12,60,8,4,0.3375559999999993,0.011975000000001401,Y,2223
12,12,60,8,4,0.3333429999999993,0.011739000000000388,Y,2230
12,12,60,8,4,0.32253500000000024,0.012546999999997865,Y,2225
12,12,70,9,5,0.45940399999999926,0.029317999999999955,Y,2602
12,12,70,9,5,0.44679799999999936,0.026173000000000002,Y,2629
12,12,70,9,5,0.44902700000000095,0.028681999999999874,Y,2637
12,12,70,9,5,0.44669800000000137,0.03084999999999738,Y,2604
12,12,70,9,5,0.4500160000000015,0.03535700000000119,Y,2622
12,12,70,9,5,0.44040899999999894,0.02579699999999896,Y,2644
12,12,70,9,5,0.452102,0.03220499999999937,Y,2669
12,12,70,9,5,0.4515559999999983,0.026251000000002023,Y,2608
12,12,70,9,5,0.4387640000000008,0.03503499999999882,Y,2619
12,12,70,9,5,0.4326100000000004,0.028643999999999892,Y,2644
12,12,80,9,5,0.5961330000000036,0.041058999999998846,Y,2966
12,12,80,9,5,0.5786349999999985,0.028832999999995224,Y,2986
12,12,80,9,5,0.5752439999999943,0.044566000000003214,Y,2977
12,12,80,9,5,0.5960719999999995,0.03411600000000092,Y,3014
12,12,80,9,5,0.6168669999999992,0.0397829999999999,Y,3010
12,12,80,9,5,0.6019599999999983,0.03926800000000341,Y,3016
12,12,80,9,5,0.6001469999999962,0.03509000000000029,Y,3031
12,12,80,9,5,0.5981379999999987,0.03920699999999755,Y,3024
12,12,80,9,5,0.6023639999999979,0.04068699999999836,Y,3021
12,12,80,9,5,0.6067680000000024,0.03400899999999751,Y,3029
12,12,90,10,5,1.0297909999999995,0.07300400000000451,Y,3428
12,12,90,10,5,1.021599000000002,0.06721799999999689,Y,3405
12,12,90,10,5,1.0253979999999956,0.05540899999999738,Y,3452
12,12,90,10,5,1.0192450000000015,0.058463999999997185,Y,3440
12,12,90,10,5,1.0491049999999973,0.06310499999999664,Y,3391
12,12,90,10,5,1.0578550000000035,0.05011600000000627,Y,3460
12,12,90,10,5,1.0514040000000016,0.05235900000000271,Y,3440
12,12,90,10,5,1.0424469999999957,0.06936399999999665,Y,3405
12,12,90,10,5,1.0657320000000006,0.05521799999999644,Y,3450
12,12,90,10,5,1.0669180000000011,0.055631000000005315,Y,3454
12,12,100,10,5,1.3914749999999998,0.08229699999999696,Y,3858
12,12,100,10,5,1.3320109999999943,0.06594499999999925,Y,3815
12,12,100,10,5,1.3597380000000001,0.06820400000000859,Y,3849
12,12,100,10,5,1.3609229999999997,0.07003600000000176,Y,3825
12,12,100,10,5,1.3640319999999946,0.06008100000001093,Y,3823
12,12,100,10,5,1.3309229999999985,0.05842600000000431,Y,3813
12,12,100,10,5,1.3454189999999997,0.07035300000000433,Y,3796
12,12,100,10,5,1.3322190000000091,0.06594099999999514,Y,3816
12,12,100,10,5,1.3828400000000016,0.06779000000000224,Y,3817
12,12,100,10,5,1.3491689999999963,0.07013800000000003,Y,3806
12,12,200,15,8,6.109983999999997,0.576796999999992,Y,7769
12,12,200,15,8,6.185378,0.6255319999999998,Y,7771
12,12,200,15,8,6.193269999999998,0.720337000000022,Y,7781
12,12,200,15,8,6.196912000000012,0.5181270000000069,Y,7770
12,12,200,15,8,6.331645999999992,0.7455569999999909,Y,7727
12,12,200,15,8,6.228208999999993,0.6558059999999841,Y,7699
12,12,200,15,8,6.311871000000025,0.5948159999999945,Y,7734
12,12,200,15,8,6.304932000000008,0.7636509999999959,Y,7768
12,12,200,15,8,6.340705999999997,0.7837320000000005,Y,7685
12,12,200,15,8,6.3315239999999875,0.723393999999999,Y,7814
12,12,300,18,9,18.76113500000001,1.6697039999999959,Y,11199
12,12,300,18,9,18.670046000000013,1.850654999999989,Y,11124
12,12,300,18,9,18.752896000000078,1.4174150000000054,Y,11239
12,12,300,18,9,18.715569999999985,1.7788450000000182,Y,11117
12,12,300,18,9,18.965291999999977,1.6063589999999692,Y,11268
12,12,300,18,9,19.34947699999998,1.7452749999999924,Y,11196
12,12,300,18,9,18.974969999999985,2.004773999999969,Y,11214
12,12,300,18,9,18.95612799999998,1.8042549999998982,Y,11222
12,12,300,18,9,18.92953300000005,2.0035500000000184,Y,11225
12,12,300,18,9,18.839663999999914,1.7229089999999587,Y,11164
12,12,400,20,10,41.255401000000006,3.5040309999999977,Y,14105
12,12,400,20,10,41.02441699999997,3.767037000000016,Y,13991
12,12,400,20,10,40.86668600000007,3.822693999999956,Y,14018
12,12,400,20,10,41.18801999999994,3.535526999999945,Y,13963
12,12,400,20,10,40.685580000000016,3.8329599999998436,Y,13972
12,12,400,20,10,40.79610200000002,4.0669829999999365,Y,14086
12,12,400,20,10,40.91971400000011,3.5700970000000325,Y,13991
12,12,400,20,10,41.0174649999999,3.5474859999999353,Y,14106
12,12,400,20,10,40.949678999999946,3.6709169999999176,Y,13951
12,12,400,20,10,40.91908799999999,4.232254000000012,Y,13964
12,12,500,23,12,65.95442600000001,6.199713999999972,Y,17234
12,12,500,23,12,66.13753699999995,6.904628000000002,Y,17353
12,12,500,23,12,66.51487900000018,6.667699000000084,Y,17285
12,12,500,23,12,66.65237699999989,6.791177000000516,Y,17428
12,12,500,23,12,67.15526599999998,7.142839999999978,Y,17338
12,12,500,23,12,68.15934199999992,7.178390999999692,Y,17423
12,12,500,23,12,68.00116400000024,7.718169999999645,Y,17346
12,12,500,23,12,67.10471599999983,6.7993889999995645,Y,17301
12,12,500,23,12,66.55770900000016,6.852577000000338,Y,17343
12,12,500,23,12,66.83630300000004,6.939568999999665,Y,17343
12,8,10,4,2,0.0036359999999149295,0.00010799999995469989,Y,173
12,8,10,4,2,0.003470999999990454,0.00010100000008606003,Y,173
12,8,10,4,2,0.0034020000000509754,9.699999986878538e-05,Y,177
12,8,10,4,2,0.003232999999909225,0.00010800000018207356,Y,176
12,8,10,4,2,0.0034179999997832056,9.599999998499698e-05,Y,171
12,8,10,4,2,0.0035729999999603024,9.799999997994746e-05,Y,175
12,8,10,4,2,0.003830999999991036,0.00011800000015682599,Y,167
12,8,10,4,2,0.0037880000002132874,0.00011400000016692502,Y,174
12,8,10,4,2,0.0069420000002082816,0.00016000000005078618,Y,173
12,8,10,4,2,0.004197999999860258,0.00011300000005576294,Y,174
12,8,20,5,3,0.018582999999807726,0.0011499999998250132,Y,420
12,8,20,5,3,0.016321000000289132,0.0007059999998091371,Y,409
12,8,20,5,3,0.018565000000080545,0.0013329999999314168,Y,411
12,8,20,5,3,0.015476000000035128,0.0008210000000872242,Y,405
12,8,20,5,3,0.015922999999929743,0.0007209999998849526,Y,413
12,8,20,5,3,0.01570099999980812,0.0008159999999861611,Y,411
12,8,20,5,3,0.014288000000078682,0.0006529999998292624,Y,411
12,8,20,5,3,0.014805000000251312,0.000638999999864609,Y,417
12,8,20,5,3,0.015415000000075452,0.000709999999799038,Y,408
12,8,20,5,3,0.01559399999996458,0.0006359999999858701,Y,406
12,8,30,6,3,0.05956700000024284,0.0024519999999483844,Y,687
12,8,30,6,3,0.05436200000031022,0.0021970000000237633,Y,693
12,8,30,6,3,0.055712999999968815,0.0016019999998206913,Y,700
12,8,30,6,3,0.05813100000000304,0.0019869999996444676,Y,693
12,8,30,6,3,0.05914300000017647,0.0017140000002200395,Y,697
12,8,30,6,3,0.05995799999959672,0.0019760000000133005,Y,708
12,8,30,6,3,0.05429699999990589,0.0020190000000184227,Y,694
12,8,30,6,3,0.059377000000040425,0.00215000000002874,Y,698
12,8,30,6,3,0.0549829999999929,0.002179000000069209,Y,704
12,8,30,6,3,0.05812999999989188,0.0019970000000739674,Y,696
12,8,40,7,4,0.1088510000001861,0.004986000000144486,Y,969
12,8,40,7,4,0.10509300000012445,0.00599899999997433,Y,960
12,8,40,7,4,0.10311999999976251,0.005694000000175947,Y,955
12,8,40,7,4,0.10905400000001464,0.006102000000055341,Y,966
12,8,40,7,4,0.12203700000009121,0.004952000000002954,Y,968
12,8,40,7,4,0.11522200000013072,0.005059000000301239,Y,955
12,8,40,7,4,0.10567900000000918,0.004246000000193817,Y,966
12,8,40,7,4,0.1020539999999528,0.006956000000172935,Y,940
12,8,40,7,4,0.1054020000001401,0.004501000000118438,Y,954
12,8,40,7,4,0.10330299999986892,0.004533000000037646,Y,960
12,8,50,8,4,0.17730200000005425,0.006861999999728141,Y,1250
12,8,50,8,4,0.17421100000001388,0.00546899999994821,Y,1248
12,8,50,8,4,0.17611900000019887,0.00790699999993194,Y,1241
12,8,50,8,4,0.1973089999999047,0.00864000000001397,Y,1265
12,8,50,8,4,0.1853169999999409,0.0074970000000575965,Y,1269
12,8,50,8,4,0.17438400000014553,0.0059160000000701984,Y,1237
12,8,50,8,4,0.1719229999998788,0.005142999999861786,Y,1253
12,8,50,8,4,0.17672700000002806,0.006986999999753607,Y,1283
12,8,50,8,4,0.17325700000014876,0.0065560000000459695,Y,1252
12,8,50,8,4,0.16614000000004125,0.005501000000094791,Y,1234
12,8,60,8,4,0.2554189999998471,0.010676999999986947,Y,1463
12,8,60,8,4,0.24532199999976,0.012502000000040425,Y,1484
12,8,60,8,4,0.24792200000001685,0.013077000000066619,Y,1459
12,8,60,8,4,0.24036599999976715,0.014215000000149303,Y,1479
12,8,60,8,4,0.24973099999988335,0.01474899999993795,Y,1485
12,8,60,8,4,0.24207799999976487,0.011234999999942374,Y,1477
12,8,60,8,4,0.25742799999989074,0.013813000000027387,Y,1481
12,8,60,8,4,0.24932799999987765,0.013461999999890395,Y,1499
12,8,60,8,4,0.2593349999995098,0.014058000000204629,Y,1483
12,8,60,8,4,0.2425620000001345,0.010277000000087355,Y,1509
12,8,70,9,5,0.3504479999999148,0.02607799999987037,Y,1740
12,8,70,9,5,0.3567750000001979,0.031480999999985215,Y,1753
12,8,70,9,5,0.33321699999987686,0.037383000000318134,Y,1754
12,8,70,9,5,0.33676500000001397,0.03587999999990643,Y,1742
12,8,70,9,5,0.3465729999998075,0.039887999999791646,Y,1726
12,8,70,9,5,0.34872500000028595,0.029523000000153843,Y,1754
12,8,70,9,5,0.3392030000002251,0.03809999999998581,Y,1741
12,8,70,9,5,0.33708599999999933,0.025061000000278,Y,1742
12,8,70,9,5,0.35097600000017337,0.042018000000098255,Y,1748
12,8,70,9,5,0.3401080000001002,0.029339999999820066,Y,1745
12,8,80,9,5,0.46976699999981975,0.042037999999820386,Y,2033
12,8,80,9,5,0.4703239999998914,0.04355000000032305,Y,2028
12,8,80,9,5,0.49346700000000965,0.0316779999998289,Y,2027
12,8,80,9,5,0.47590999999988526,0.046564000000216765,Y,2067
12,8,80,9,5,0.4679569999998421,0.03915199999983088,Y,2038
12,8,80,9,5,0.4801449999997658,0.03134199999976772,Y,2076
12,8,80,9,5,0.4711170000000493,0.04397500000027321,Y,2023
12,8,80,9,5,0.456829000000198,0.03318200000012439,Y,2029
12,8,80,9,5,0.47913599999992584,0.03278299999965384,Y,2037
12,8,80,9,5,0.46335400000020854,0.04067399999985355,Y,2091
12,8,90,10,5,0.7980200000001787,0.08806400000003123,Y,2276
12,8,90,10,5,0.7790990000000875,0.06229699999994409,Y,2258
12,8,90,10,5,0.7831509999998616,0.056098999999903754,Y,2275
12,8,90,10,5,0.7830000000003565,0.06267800000000534,Y,2237
12,8,90,10,5,0.7863600000000588,0.048989999999776046,Y,2283
12,8,90,10,5,0.782081000000062,0.05115600000021914,Y,2286
12,8,90,10,5,0.7633720000001176,0.07577400000013768,Y,2289
12,8,90,10,5,0.8352779999997892,0.05376999999975851,Y,2310
12,8,90,10,5,0.7839899999999034,0.07742899999993824,Y,2248
12,8,90,10,5,0.7955510000001595,0.0610660000002099,Y,2292
12,8,100,10,5,0.9989299999997456,0.06030499999997119,Y,2494
12,8,100,10,5,0.9824369999998908,0.09170899999980975,Y,2471
12,8,100,10,5,1.0024579999999332,0.0779299999999239,Y,2545
12,8,100,10,5,0.9815480000002026,0.0632269999998698,Y,2536
12,8,100,10,5,0.9843610000002627,0.07354299999997238,Y,2510
12,8,100,10,5,0.9760009999997692,0.07771199999979217,Y,2471
12,8,100,10,5,0.9840739999997368,0.08029999999985193,Y,2511
12,8,100,10,5,1.0090399999999136,0.07717099999990751,Y,2525
12,8,100,10,5,0.9804609999998775,0.07127100000002429,Y,2535
12,8,100,10,5,0.9895939999998973,0.08600100000035127,Y,2520
12,8,200,15,8,4.449472000000014,0.7100179999999909,Y,5237
12,8,200,15,8,4.509053000000222,0.7528540000000703,Y,5265
12,8,200,15,8,4.600556999999981,0.7216269999998985,Y,5221
12,8,200,15,8,4.47352600000022,0.8477370000000519,Y,5196
12,8,200,15,8,4.401188000000047,0.7585510000003524,Y,5207
12,8,200,15,8,4.440237000000025,0.968405999999959,Y,5180
12,8,200,15,8,4.445299999999861,0.8139810000000125,Y,5191
12,8,200,15,8,4.480273999999781,0.7377229999999599,Y,5219
12,8,200,15,8,4.46745699999974,0.6803459999998722,Y,5198
12,8,200,15,8,4.490496000000121,0.7968140000000403,Y,5166
12,8,300,18,9,12.883401999999933,1.575256999999965,Y,7476
12,8,300,18,9,12.938946000000215,1.7797759999998561,Y,7511
12,8,300,18,9,12.866780999999946,1.74512000000027,Y,7478
12,8,300,18,9,12.933841000000257,1.627287000000024,Y,7435
12,8,300,18,9,12.998263999999836,1.7509820000002492,Y,7464
12,8,300,18,9,12.931813999999576,1.9985520000000179,Y,7410
12,8,300,18,9,12.988622000000305,1.6729350000002796,Y,7513
12,8,300,18,9,12.994824999999992,1.7705509999998412,Y,7552
12,8,300,18,9,12.971061999999847,1.8091059999997015,Y,7471
12,8,300,18,9,12.902945000000273,1.9064280000002327,Y,7446
12,8,400,20,10,27.974798999999848,3.6411900000000514,Y,9383
12,8,400,20,10,27.81814499999996,3.6849879999999757,Y,9375
12,8,400,20,10,27.935106000000133,3.4834240000000136,Y,9411
12,8,400,20,10,28.010084000000006,3.72018600000024,Y,9338
12,8,400,20,10,28.033353000000034,3.5762940000004164,Y,9356
12,8,400,20,10,28.052329999999756,3.590051999999787,Y,9344
12,8,400,20,10,28.03907100000015,3.695460000000139,Y,9383
12,8,400,20,10,27.97704200000021,3.7452760000001035,Y,9390
12,8,400,20,10,28.042339000000084,3.748536999999942,Y,9431
12,8,400,20,10,27.931760000000622,3.7543140000009316,Y,9382
12,8,500,23,12,44.83016100000032,6.743806999999379,Y,11587
12,8,500,23,12,45.38371499999994,6.600112000000536,Y,11586
12,8,500,23,12,45.17237500000056,6.861159999999472,Y,11541
12,8,500,23,12,45.090109000000666,7.195623000000978,Y,11603
12,8,500,23,12,45.01535699999977,6.98104899999953,Y,11504
12,8,500,23,12,44.94040899999982,6.623724000000038,Y,11492
12,8,500,23,12,45.1247929999995,6.200209000000541,Y,11523
12,8,500,23,12,45.022633999999925,6.796565999999984,Y,11530
12,8,500,23,12,45.22925400000031,6.076349000000846,Y,11551
12,8,500,23,12,45.02124999999978,6.246560000000045,Y,11534
12,4,10,4,2,0.002151000000139902,0.00010299999985363684,Y,88
12,4,10,4,2,0.0021360000000640866,9.400000044479384e-05,Y,96
12,4,10,4,2,0.002085999999962951,9.300000010625808e-05,Y,94
12,4,10,4,2,0.0022200000003067544,9.59999997576233e-05,Y,94
12,4,10,4,2,0.0021310000001903973,9.700000009615906e-05,Y,90
12,4,10,4,2,0.002177999999730673,9.700000009615906e-05,Y,91
12,4,10,4,2,0.00216900000032183,9.799999997994746e-05,Y,91
12,4,10,4,2,0.0022189999999682186,9.999999974752427e-05,Y,93
12,4,10,4,2,0.0022349999999278225,9.899999986373587e-05,Y,93
12,4,10,4,2,0.002201000000241038,9.899999986373587e-05,Y,93
12,4,20,5,3,0.009206000000176573,0.0007669999999961874,Y,205
12,4,20,5,3,0.008882999999968888,0.0008010000001377193,Y,194
12,4,20,5,3,0.00930000000016662,0.0007510000004913309,Y,211
12,4,20,5,3,0.010159000000385277,0.0006880000000819564,Y,208
12,4,20,5,3,0.007551000000148633,0.0006820000003244786,Y,202
12,4,20,5,3,0.009241000000201893,0.0007460000001628941,Y,201
12,4,20,5,3,0.009246999999504624,0.00064299999985451,Y,205
12,4,20,5,3,0.008235000000240689,0.0006969999994907994,Y,207
12,4,20,5,3,0.008170000000063737,0.0007409999998344574,Y,204
12,4,20,5,3,0.009583999999904336,0.0007879999998294807,Y,198
12,4,30,6,3,0.027364999999917927,0.0022100000001046283,Y,348
12,4,30,6,3,0.03472599999986414,0.001934999999775755,Y,340
12,4,30,6,3,0.03021000000035201,0.0021090000000185682,Y,355
12,4,30,6,3,0.029738000000179454,0.001754999999775464,Y,344
12,4,30,6,3,0.03014500000017506,0.0022910000002411834,Y,350
12,4,30,6,3,0.02930900000001202,0.0025559999999131833,Y,347
12,4,30,6,3,0.030323999999836815,0.0022280000002865563,Y,337
12,4,30,6,3,0.02976600000010876,0.0023489999994126265,Y,351
12,4,30,6,3,0.029091000000335043,0.0020009999998364947,Y,349
12,4,30,6,3,0.029972000000270782,0.0019789999996646657,Y,340
12,4,40,7,4,0.059580000000096334,0.005425999999715714,Y,476
12,4,40,7,4,0.055869999999686115,0.0048609999998916464,Y,474
12,4,40,7,4,0.055530000000089785,0.005022000000280968,Y,477
12,4,40,7,4,0.05812500000001819,0.004809999999906722,Y,485
12,4,40,7,4,0.05605299999933777,0.007006999999703112,Y,487
12,4,40,7,4,0.05339799999956085,0.005683999999746447,Y,474
12,4,40,7,4,0.05822900000021036,0.005504999999629945,Y,476
12,4,40,7,4,0.054363000000194006,0.004329000000325323,Y,487
12,4,40,7,4,0.05519899999944755,0.0050319999995736,Y,489
12,4,40,7,4,0.05094899999949121,0.004753999999593361,Y,472
12,4,50,8,4,0.09815900000012334,0.008747000000312255,Y,626
12,4,50,8,4,0.08869899999945119,0.007453999999597727,Y,630
12,4,50,8,4,0.08679700000038792,0.006922000000031403,Y,605
12,4,50,8,4,0.08559100000002218,0.007190000000264263,Y,632
12,4,50,8,4,0.11042699999961769,0.00831499999958396,Y,636
12,4,50,8,4,0.08781700000008641,0.0070760000003247114,Y,639
12,4,50,8,4,0.09182099999952698,0.0062530000004699104,Y,617
12,4,50,8,4,0.08494599999994534,0.005885000000034779,Y,633
12,4,50,8,4,0.10125599999992119,0.007363999999597581,Y,631
12,4,50,8,4,0.09247199999981603,0.006503999999949883,Y,610
12,4,60,8,4,0.13527999999951135,0.012608000000000175,Y,743
12,4,60,8,4,0.1316780000001927,0.014619000000038795,Y,758
12,4,60,8,4,0.1256520000006276,0.014858999999887601,Y,750
12,4,60,8,4,0.12999800000034156,0.011548999999376974,Y,743
12,4,60,8,4,0.12747000000035769,0.013077999999950407,Y,754
12,4,60,8,4,0.12637399999948684,0.012433999999757361,Y,766
12,4,60,8,4,0.13199800000029427,0.01270699999986391,Y,748
12,4,60,8,4,0.12501500000007582,0.010534000000006927,Y,757
12,4,60,8,4,0.12959799999998722,0.014544000000569213,Y,762
12,4,60,8,4,0.14262599999938175,0.014519999999720312,Y,770
12,4,70,9,5,0.18342800000027637,0.02891300000010233,Y,878
12,4,70,9,5,0.1813649999999143,0.03293900000062422,Y,875
12,4,70,9,5,0.17094799999949828,0.029420999999729247,Y,888
12,4,70,9,5,0.17411799999990762,0.029148999999961234,Y,861
12,4,70,9,5,0.17873800000006668,0.02643099999977494,Y,897
12,4,70,9,5,0.17306399999961286,0.0309810000003381,Y,864
12,4,70,9,5,0.17979600000035134,0.03400299999975687,Y,877
12,4,70,9,5,0.17192800000020725,0.04150800000024901,Y,877
12,4,70,9,5,0.17622400000027483,0.04294300000037765,Y,882
12,4,70,9,5,0.17413900000019567,0.018773999999666557,Y,894
12,4,80,9,5,0.2452450000000681,0.0367750000000342,Y,1027
12,4,80,9,5,0.2347949999998491,0.03032799999937197,Y,1029
12,4,80,9,5,0.22904899999957706,0.052070000000185246,Y,1009
12,4,80,9,5,0.24023600000055012,0.036723000000165484,Y,1011
12,4,80,9,5,0.23244800000020405,0.036630000000059226,Y,1034
12,4,80,9,5,0.23846800000001167,0.04342799999994895,Y,1018
12,4,80,9,5,0.23680100000046878,0.02978599999960352,Y,1055
12,4,80,9,5,0.23170799999979863,0.031154999999671418,Y,1026
12,4,80,9,5,0.24260299999968993,0.03374599999960992,Y,1008
12,4,80,9,5,0.23554299999977957,0.03682299999991301,Y,1009
12,4,90,10,5,0.39025700000047436,0.06112799999982599,Y,1133
12,4,90,10,5,0.40051799999992,0.049598999999489024,Y,1139
12,4,90,10,5,0.3921149999996487,0.060918000000128814,Y,1144
12,4,90,10,5,0.38951799999995274,0.0598800000002484,Y,1141
12,4,90,10,5,0.41085800000109884,0.0734969999994064,Y,1135
12,4,90,10,5,0.41371799999978975,0.0775629999998273,Y,1155
12,4,90,10,5,0.43510500000047614,0.06234899999935806,Y,1138
12,4,90,10,5,0.4079419999993661,0.05269999999973152,Y,1142
12,4,90,10,5,0.4026789999993525,0.061556000000109634,Y,1130
12,4,90,10,5,0.4014099999994869,0.06481600000006438,Y,1143
12,4,100,10,5,0.5066390000006322,0.07071399999995265,Y,1280
12,4,100,10,5,0.5169099999998252,0.06938299999956143,Y,1283
12,4,100,10,5,0.5038349999999809,0.0668150000001333,Y,1285
12,4,100,10,5,0.5251069999999345,0.06112200000006851,Y,1318
12,4,100,10,5,0.5058400000002621,0.07489700000041921,Y,1271
12,4,100,10,5,0.5280760000000555,0.08073500000000422,Y,1289
12,4,100,10,5,0.5039550000001327,0.08077100000036808,Y,1298
12,4,100,10,5,0.5001690000003691,0.0659669999995458,Y,1277
12,4,100,10,5,0.5024240000002465,0.06969099999923856,Y,1289
12,4,100,10,5,0.5065629999990051,0.06534100000089893,Y,1295
12,4,200,15,8,2.294174000000112,0.716490999999678,Y,2686
12,4,200,15,8,2.2741570000002866,0.7132679999995162,Y,2670
12,4,200,15,8,2.2731909999997697,0.6587739999995392,Y,2652
12,4,200,15,8,2.2959500000001754,0.578283000000738,Y,2670
12,4,200,15,8,2.3133450000000266,0.7104330000001937,Y,2672
12,4,200,15,8,2.273098000000118,0.8060819999991509,Y,2681
12,4,200,15,8,2.250224999999773,0.8890779999996994,Y,2642
12,4,200,15,8,2.279041999999663,0.8780319999996209,Y,2672
12,4,200,15,8,2.261814000000413,0.6110079999998561,Y,2682
12,4,200,15,8,2.2870599999996557,0.8267960000002859,Y,2684
12,4,300,18,9,6.474750999999287,1.9290039999991677,Y,3727
12,4,300,18,9,6.438450999999986,1.708690000000388,Y,3712
12,4,300,18,9,6.465471999999409,1.7862019999993208,Y,3763
12,4,300,18,9,6.487162999999327,1.8191130000004705,Y,3767
12,4,300,18,9,6.418332000000191,1.6154370000003837,Y,3735
12,4,300,18,9,6.410311999999976,1.6369589999994787,Y,3721
12,4,300,18,9,6.472132999999758,1.7798229999993964,Y,3762
12,4,300,18,9,6.3753569999998945,1.9354279999997743,Y,3734
12,4,300,18,9,6.4801860000006855,1.5836779999995088,Y,3699
12,4,300,18,9,6.365542999999889,1.6671809999998004,Y,3753
12,4,400,20,10,13.903801999999814,3.860565999999835,Y,4663
12,4,400,20,10,13.823030999999446,4.793037000000368,Y,4656
12,4,400,20,10,13.93955300000016,5.112654000000475,Y,4639
12,4,400,20,10,13.951109000000088,4.3680349999999635,Y,4694
12,4,400,20,10,13.858977000000323,3.7023630000003322,Y,4657
12,4,400,20,10,13.823759999999766,4.450599999998758,Y,4718
12,4,400,20,10,13.784577000000809,4.324608999999782,Y,4644
12,4,400,20,10,13.859012000000348,3.854268000000502,Y,4682
12,4,400,20,10,13.77912200000037,4.0730680000001485,Y,4668
12,4,400,20,10,13.86522500000001,4.348217000000204,Y,4672
12,4,500,23,12,22.209425999999894,9.929063999999926,Y,5810
12,4,500,23,12,22.304406999999628,9.310476999999082,Y,5746
12,4,500,23,12,22.217269000001124,9.70535400000017,Y,5778
12,4,500,23,12,22.07730899999933,10.174153999999817,Y,5774
12,4,500,23,12,22.053690999999162,9.430401999999503,Y,5787
12,4,500,23,12,22.208161000000473,7.823693999999705,Y,5757
12,4,500,23,12,22.225404999999228,11.236229999999523,Y,5737
12,4,500,23,12,22.188529999999446,9.612078999999994,Y,5794
12,4,500,23,12,22.275954999999612,9.87889899999982,Y,5773
12,4,500,23,12,22.16968799999995,8.574447000000418,Y,5766
8,8,10,4,2,0.0034680000003390887,0.00010699999984353781,Y,165
8,8,10,4,2,0.003478999999970256,0.00010499999962121365,Y,167
8,8,10,4,2,0.003628000000389875,0.00010900000006586197,Y,165
8,8,10,4,2,0.0035930000003645546,0.00010900000006586197,Y,164
8,8,10,4,2,0.0036420000001271546,0.00010999999994965037,Y,164
8,8,10,4,2,0.0037260000003698224,0.00010999999994965037,Y,170
8,8,10,4,2,0.003827000000001135,0.00010999999994965037,Y,174
8,8,10,4,2,0.0038970000000517757,0.00012300000025788904,Y,159
8,8,10,4,2,0.005250000000160071,0.00012700000024779,Y,167
8,8,10,4,2,0.004644000000098458,0.00012400000014167745,Y,168
8,8,20,5,3,0.017645999999786,0.0007720000003246241,Y,379
8,8,20,5,3,0.017581000000518543,0.0012809999998353305,Y,388
8,8,20,5,3,0.015478999999686494,0.0007410000002892048,Y,387
8,8,20,5,3,0.018145000000004075,0.0011040000003958994,Y,393
8,8,20,5,3,0.015010999999958585,0.0007519999999203719,Y,386
8,8,20,5,3,0.015882000000146945,0.0010279999996782863,Y,371
8,8,20,5,3,0.013980999999603227,0.0006889999999657448,Y,393
8,8,20,5,3,0.01419999999961874,0.000849000000016531,Y,377
8,8,20,5,3,0.014469999999619176,0.00071799999977884,Y,367
8,8,20,5,3,0.01357800000005227,0.0006909999997333216,Y,368
8,8,30,6,3,0.05864499999961481,0.0026050000001305307,Y,627
8,8,30,6,3,0.054407999999966705,0.0023479999999835854,Y,632
8,8,30,6,3,0.05407900000000154,0.002148000000488537,Y,623
8,8,30,6,3,0.05502500000011423,0.0021110000002408924,Y,615
8,8,30,6,3,0.05556400000023132,0.0029259999992063968,Y,625
8,8,30,6,3,0.05509600000004866,0.002242000000023836,Y,633
8,8,30,6,3,0.053540999999768246,0.0027119999999740685,Y,636
8,8,30,6,3,0.05254700000023149,0.0017940000002454326,Y,632
8,8,30,6,3,0.0543880000000172,0.0022269999999480206,Y,635
8,8,30,6,3,0.05770500000016909,0.0020469999999477295,Y,644
8,8,40,7,4,0.10289199999988341,0.0069670000002588495,Y,862
8,8,40,7,4,0.09803899999951682,0.006076000000575732,Y,868
8,8,40,7,4,0.0962230000004638,0.0056370000002061715,Y,858
8,8,40,7,4,0.09845799999993687,0.004919999999856373,Y,854
8,8,40,7,4,0.0998490000001766,0.005857999999989261,Y,846
8,8,40,7,4,0.09569200000032652,0.005402999999660096,Y,865
8,8,40,7,4,0.10109600000032515,0.005403000000569591,Y,853
8,8,40,7,4,0.10285499999963577,0.005963000000519969,Y,874
8,8,40,7,4,0.09627199999977165,0.005731000000650965,Y,849
8,8,40,7,4,0.09871799999973518,0.005099000000427623,Y,863
8,8,50,8,4,0.16712599999982558,0.00905800000009549,Y,1100
8,8,50,8,4,0.16607500000054642,0.008083000000624452,Y,1110
8,8,50,8,4,0.16055899999992107,0.00676900000007663,Y,1133
8,8,50,8,4,0.16787800000065545,0.008539999999811698,Y,1108
8,8,50,8,4,0.1598930000004657,0.008047999999689637,Y,1106
8,8,50,8,4,0.16275099999984377,0.005974999999580177,Y,1110
8,8,50,8,4,0.1547089999999116,0.007802999999512394,Y,1124
8,8,50,8,4,0.1702930000001288,0.008727999999791791,Y,1093
8,8,50,8,4,0.15997999999990498,0.007730000000265136,Y,1100
8,8,50,8,4,0.15772900000001755,0.0077780000001439475,Y,1105
8,8,60,8,4,0.23124700000016674,0.015481999999792606,Y,1281
8,8,60,8,4,0.23308499999984633,0.012641000000257918,Y,1294
8,8,60,8,4,0.23320399999965957,0.014738999999735825,Y,1297
8,8,60,8,4,0.23731299999963085,0.01698000000033062,Y,1279
8,8,60,8,4,0.2293930000000728,0.0185139999994135,Y,1267
8,8,60,8,4,0.2306759999996757,0.017607000000225526,Y,1294
8,8,60,8,4,0.23482700000022305,0.014423000000533648,Y,1282
8,8,60,8,4,0.22733199999993303,0.015729000000192173,Y,1267
8,8,60,8,4,0.2401939999995193,0.01751700000022538,Y,1305
8,8,60,8,4,0.23689799999965544,0.015852999999879103,Y,1276
8,8,70,9,5,0.35333200000013676,0.0371860000000197,Y,1523
8,8,70,9,5,0.32308100000091144,0.0325860000002649,Y,1500
8,8,70,9,5,0.32152300000007017,0.028805000000375003,Y,1554
8,8,70,9,5,0.33294100000011895,0.03629899999987174,Y,1575
8,8,70,9,5,0.320596999999907,0.02890399999978399,Y,1545
8,8,70,9,5,0.3166959999998653,0.025489000000561646,Y,1552
8,8,70,9,5,0.3179770000001554,0.04047699999955512,Y,1544
8,8,70,9,5,0.32132000000001426,0.04794300000003204,Y,1556
8,8,70,9,5,0.3191380000002937,0.04855199999974502,Y,1530
8,8,70,9,5,0.3243800000000192,0.032766999999694235,Y,1539
8,8,80,9,5,0.43203200000016295,0.05119299999978466,Y,1707
8,8,80,9,5,0.4495929999998225,0.04678300000023228,Y,1762
8,8,80,9,5,0.4418299999992996,0.039957000000413245,Y,1730
8,8,80,9,5,0.44843700000001263,0.05137899999999718,Y,1747
8,8,80,9,5,0.433158999999705,0.03327300000046307,Y,1751
8,8,80,9,5,0.42776499999990847,0.04464899999948102,Y,1748
8,8,80,9,5,0.4330819999995583,0.048545000000103755,Y,1745
8,8,80,9,5,0.4271950000002107,0.05161799999950745,Y,1759
8,8,80,9,5,0.440382000000227,0.035186000000521744,Y,1738
8,8,80,9,5,0.4615590000003067,0.06722100000024511,Y,1745
8,8,90,10,5,0.7321509999997033,0.06958800000029441,Y,1932
8,8,90,10,5,0.7445559999996476,0.07511300000032861,Y,1943
8,8,90,10,5,0.7249419999993734,0.06739899999956833,Y,1958
8,8,90,10,5,0.759110000000419,0.09892399999944246,Y,1960
8,8,90,10,5,0.7291820000000371,0.0770660000002863,Y,1957
8,8,90,10,5,0.7447280000005776,0.08469500000001062,Y,1960
8,8,90,10,5,0.7221119999999246,0.07341100000030565,Y,1921
8,8,90,10,5,0.7366480000000593,0.07265600000027916,Y,1939
8,8,90,10,5,0.7382989999996425,0.07454700000062076,Y,1942
8,8,90,10,5,0.7286999999996624,0.07197299999961615,Y,1974
8,8,100,10,5,0.9226580000004105,0.07691399999976056,Y,2135
8,8,100,10,5,0.9252369999999246,0.08846899999980451,Y,2116
8,8,100,10,5,0.9066959999995561,0.08648600000014994,Y,2147
8,8,100,10,5,0.943876000000273,0.08760500000016691,Y,2123
8,8,100,10,5,0.92737999999963,0.07327399999894624,Y,2106
8,8,100,10,5,0.9269210000002204,0.09078599999975268,Y,2114
8,8,100,10,5,0.9267930000005435,0.08640100000047823,Y,2106
8,8,100,10,5,0.9276610000006258,0.10277899999982765,Y,2128
8,8,100,10,5,0.9129409999995914,0.05761800000027506,Y,2113
8,8,100,10,5,0.9034119999996619,0.08108900000070207,Y,2117
8,8,200,15,8,4.1192229999996925,0.9454199999995581,Y,4191
8,8,200,15,8,4.107289999999921,0.7718640000002779,Y,4168
8,8,200,15,8,4.1202879999996185,0.8688200000005963,Y,4184
8,8,200,15,8,4.072641000000203,0.8657130000005964,Y,4208
8,8,200,15,8,4.102127999999993,0.9489690000000337,Y,4198
8,8,200,15,8,4.071558999999979,0.715650000000096,Y,4183
8,8,200,15,8,4.115938000000369,1.0830430000000888,Y,4202
8,8,200,15,8,4.095863999999892,0.712608000000273,Y,4226
8,8,200,15,8,4.10694999999987,0.815527000000202,Y,4163
8,8,200,15,8,4.066636999999901,0.9918529999995371,Y,4208
8,8,300,18,9,11.833532999999079,1.7504949999997734,Y,5784
8,8,300,18,9,11.944540000000416,1.9498039999998582,Y,5811
8,8,300,18,9,11.780063000000155,1.883284999999887,Y,5782
8,8,300,18,9,11.905209999999443,2.166349999999966,Y,5799
8,8,300,18,9,11.881978999999774,1.9320929999994405,Y,5781
8,8,300,18,9,11.727382999999918,2.165781000000152,Y,5757
8,8,300,18,9,11.90693100000044,1.7733550000002651,Y,5787
8,8,300,18,9,11.86176100000057,2.034385000000384,Y,5837
8,8,300,18,9,11.8350089999999,2.0233360000001994,Y,5798
8,8,300,18,9,11.849895999999717,2.2888710000001993,Y,5807
8,8,400,20,10,25.375188999998954,5.465214999999716,Y,7044
8,8,400,20,10,25.503139000000374,7.2071280000000115,Y,7055
8,8,400,20,10,25.37342200000012,5.170594000000165,Y,7025
8,8,400,20,10,25.434885000000577,5.382137000000057,Y,7061
8,8,400,20,10,25.444318999999723,6.874753999999939,Y,7014
8,8,400,20,10,25.304192999999486,7.461236000000099,Y,7020
8,8,400,20,10,25.461441000000377,4.89055499999904,Y,7087
8,8,400,20,10,25.615090000000237,5.534341999999924,Y,7065
8,8,400,20,10,25.73395500000015,6.952590000000328,Y,7051
8,8,400,20,10,25.53423600000042,4.794274000000314,Y,7036
8,8,500,23,12,40.62828700000091,12.204740000000584,Y,8562
8,8,500,23,12,40.659416999999394,12.14180000000033,Y,8600
8,8,500,23,12,40.676317999999355,13.574544000000515,Y,8581
8,8,500,23,12,40.69427999999971,11.907403000000158,Y,8625
8,8,500,23,12,40.84173299999975,11.508184999999685,Y,8616
8,8,500,23,12,40.82542900000044,12.44416499999943,Y,8636
8,8,500,23,12,40.78355699999884,12.056613999999172,Y,8607
8,8,500,23,12,40.46367499999997,12.4298919999992,Y,8527
8,8,500,23,12,40.52921100000094,14.001280000000406,Y,8592
8,8,500,23,12,40.75417699999889,15.385997999998835,Y,8596
8,4,10,4,2,0.0020999999997002305,9.500000032858225e-05,Y,88
8,4,10,4,2,0.0021150000002307934,8.900000011635711e-05,Y,92
8,4,10,4,2,0.0019429999993008096,8.800000068731606e-05,Y,87
8,4,10,4,2,0.0018600000003061723,8.300000081362668e-05,Y,84
8,4,10,4,2,0.0018430000000080327,8.299999990413198e-05,Y,89
8,4,10,4,2,0.001795999999558262,8.099999922706047e-05,Y,83
8,4,10,4,2,0.0018309999995835824,8.300000081362668e-05,Y,84
8,4,10,4,2,0.0019430000002103043,9.100000079342863e-05,Y,88
8,4,10,4,2,0.0019509999992806115,9.000000045489287e-05,Y,85
8,4,10,4,2,0.0019970000012108358,8.799999886832666e-05,Y,89
8,4,20,5,3,0.008233999999902153,0.0007480000003852183,Y,186
8,4,20,5,3,0.008083999999143998,0.0007100000002537854,Y,183
8,4,20,5,3,0.008090999999694759,0.000691000000188069,Y,189
8,4,20,5,3,0.008966000000327767,0.0007860000005166512,Y,193
8,4,20,5,3,0.010229999999864958,0.0009479999998802668,Y,187
8,4,20,5,3,0.009086999999453838,0.0007249999998748535,Y,196
8,4,20,5,3,0.00832400000126654,0.0007249999998748535,Y,194
8,4,20,5,3,0.00933900000018184,0.0006970000004002941,Y,192
8,4,20,5,3,0.009291999998822575,0.0007180000002335873,Y,196
8,4,20,5,3,0.008526999999958207,0.0008020000004762551,Y,187
8,4,30,6,3,0.027981999999610707,0.002741000000241911,Y,305
8,4,30,6,3,0.029106000000865606,0.0022049999997761915,Y,319
8,4,30,6,3,0.029862999999750173,0.0021919999999227002,Y,307
8,4,30,6,3,0.029915999999502674,0.002514000000701344,Y,325
8,4,30,6,3,0.027725999998438056,0.0018319999999221181,Y,320
8,4,30,6,3,0.027775999999903433,0.0026090000001204317,Y,300
8,4,30,6,3,0.031049000000166416,0.002274999999826832,Y,316
8,4,30,6,3,0.029042999999546737,0.0024880000000848668,Y,317
8,4,30,6,3,0.029356000000007043,0.0021669999996447586,Y,326
8,4,30,6,3,0.030823000000964385,0.0022859999999127467,Y,313
8,4,40,7,4,0.05807399999957852,0.006785999999920023,Y,441
8,4,40,7,4,0.050992999999834865,0.004987000000255648,Y,426
8,4,40,7,4,0.0509249999995518,0.005975000000034925,Y,443
8,4,40,7,4,0.05495300000075076,0.0071470000002591405,Y,436
8,4,40,7,4,0.0556959999994433,0.005602999999609892,Y,431
8,4,40,7,4,0.050368999999591324,0.004938000000947795,Y,441
8,4,40,7,4,0.0554550000006202,0.006151000000500062,Y,432
8,4,40,7,4,0.0530719999997018,0.005920999999943888,Y,426
8,4,40,7,4,0.05005399999936344,0.005454000001009263,Y,432
8,4,40,7,4,0.0513730000002397,0.006129000000328233,Y,423
8,4,50,8,4,0.08755199999995966,0.008089999999356223,Y,564
8,4,50,8,4,0.08895699999993667,0.009022999999615422,Y,572
8,4,50,8,4,0.08998199999950884,0.007078999999976077,Y,572
8,4,50,8,4,0.08456999999907566,0.006855999999970663,Y,562
8,4,50,8,4,0.08489400000053138,0.00724999999965803,Y,551
8,4,50,8,4,0.08983999999963999,0.007320999999137712,Y,554
8,4,50,8,4,0.08720900000025722,0.008735000000342552,Y,550
8,4,50,8,4,0.08316300000024057,0.0071170000001075095,Y,560
8,4,50,8,4,0.0820979999998599,0.007490999999390624,Y,553
8,4,50,8,4,0.08472900000015215,0.006836999999904947,Y,562
8,4,60,8,4,0.12829099999908067,0.015673999999307853,Y,668
8,4,60,8,4,0.1315020000001823,0.014583000001039181,Y,681
8,4,60,8,4,0.11875199999940378,0.01430900000013935,Y,672
8,4,60,8,4,0.12139300000035291,0.014906000001246866,Y,671
8,4,60,8,4,0.12151899999935267,0.013030999999500636,Y,666
8,4,60,8,4,0.12139999999999418,0.013949999999567808,Y,672
8,4,60,8,4,0.12526900000011665,0.012824000000364322,Y,673
8,4,60,8,4,0.12036899999930029,0.014271999999436957,Y,661
8,4,60,8,4,0.12974599999961356,0.013594000000011874,Y,698
8,4,60,8,4,0.12373699999989185,0.01438600000074075,Y,666
8,4,70,9,5,0.1676049999996394,0.032806000000164204,Y,769
8,4,70,9,5,0.1688189999995302,0.03559299999869836,Y,749
8,4,70,9,5,0.1791160000002492,0.03267000000050757,Y,769
8,4,70,9,5,0.16177800000059506,0.0343139999995401,Y,741
8,4,70,9,5,0.18497800000022835,0.042659000000639935,Y,784
8,4,70,9,5,0.1741149999998015,0.0318040000001929,Y,780
8,4,70,9,5,0.17410900000049878,0.03392500000063592,Y,766
8,4,70,9,5,0.16458300000067538,0.03622399999949266,Y,761
8,4,70,9,5,0.1710349999993923,0.030274000000645174,Y,771
8,4,70,9,5,0.1689249999999447,0.03981300000032206,Y,749
8,4,80,9,5,0.2362009999997099,0.037946999999803666,Y,888
8,4,80,9,5,0.23205900000084512,0.028898999999910302,Y,869
8,4,80,9,5,0.22833900000023277,0.04759300000023359,Y,871
8,4,80,9,5,0.23394099999950413,0.05013599999983853,Y,876
8,4,80,9,5,0.21915699999954086,0.03471400000034919,Y,878
8,4,80,9,5,0.2316160000000309,0.04467500000100699,Y,881
8,4,80,9,5,0.22537399999873742,0.04018900000028225,Y,878
8,4,80,9,5,0.2249629999996614,0.0515640000012354,Y,895
8,4,80,9,5,0.22809800000050018,0.05390100000113307,Y,866
8,4,80,9,5,0.21960699999908684,0.03772700000081386,Y,879
8,4,90,10,5,0.3849400000008245,0.07215199999882316,Y,985
8,4,90,10,5,0.38144800000009127,0.0643049999998766,Y,976
8,4,90,10,5,0.3777120000004288,0.06979000000046653,Y,996
8,4,90,10,5,0.377861999999368,0.06053799999972398,Y,992
8,4,90,10,5,0.38761299999987386,0.06822400000146445,Y,990
8,4,90,10,5,0.3819489999996222,0.06920000000081927,Y,956
8,4,90,10,5,0.3830600000001141,0.05307899999934307,Y,989
8,4,90,10,5,0.38093599999956496,0.06169500000032713,Y,986
8,4,90,10,5,0.3751639999991312,0.07551899999907619,Y,975
8,4,90,10,5,0.38100699999995413,0.066847000000962,Y,967
8,4,100,10,5,0.49547199999960867,0.10985900000105175,Y,1087
8,4,100,10,5,0.47491900000113674,0.09445100000084494,Y,1064
8,4,100,10,5,0.5024829999993017,0.08281100000021979,Y,1092
8,4,100,10,5,0.4924829999999929,0.0948660000003656,Y,1065
8,4,100,10,5,0.4962920000007216,0.06827999999950407,Y,1092
8,4,100,10,5,0.4856339999996635,0.07668999999987136,Y,1100
8,4,100,10,5,0.4855010000010225,0.09442699999999604,Y,1090
8,4,100,10,5,0.47770800000034797,0.07666400000107387,Y,1090
8,4,100,10,5,0.4890380000006189,0.0888039999999819,Y,1084
8,4,100,10,5,0.48535200000060286,0.07909100000051694,Y,1084
8,4,200,15,8,2.1976020000010976,0.9133460000002742,Y,2165
8,4,200,15,8,2.166855000000396,0.9956710000005842,Y,2148
8,4,200,15,8,2.1672400000006746,0.9344299999993382,Y,2133
8,4,200,15,8,2.1667109999989407,1.1081869999998162,Y,2141
8,4,200,15,8,2.1490720000010697,0.8550290000011955,Y,2139
8,4,200,15,8,2.1705629999996745,0.9795960000001287,Y,2158
8,4,200,15,8,2.1397989999995843,1.052639000000454,Y,2108
8,4,200,15,8,2.1348930000012842,0.7079519999997501,Y,2140
8,4,200,15,8,2.1659899999995105,0.9145260000004782,Y,2135
8,4,200,15,8,2.126916999999594,1.0103680000001987,Y,2132
8,4,300,18,9,6.123356000000058,4.500687000000653,Y,2884
8,4,300,18,9,6.170498000000407,3.599358000002212,Y,2918
8,4,300,18,9,6.095072000000073,2.6093210000008185,Y,2886
8,4,300,18,9,6.041978000000199,2.9624880000010307,Y,2906
8,4,300,18,9,6.047817999999097,3.5623069999992367,Y,2919
8,4,300,18,9,6.0253389999998035,3.872783000000709,Y,2914
8,4,300,18,9,6.067241999999169,3.8464050000002317,Y,2877
8,4,300,18,9,6.040925000000243,4.120497000000796,Y,2886
8,4,300,18,9,6.054576999999881,3.378762000000279,Y,2923
8,4,300,18,9,6.076662000001306,3.392714000000524,Y,2908
8,4,400,20,10,12.923691999998482,17.1530219999986,Y,3522
8,4,400,20,10,12.963754999999765,20.89303100000052,Y,3503
8,4,400,20,10,12.952402000000802,15.731352999998307,Y,3569
8,4,400,20,10,12.979833999999755,16.609652999999525,Y,3546
8,4,400,20,10,12.991598000000522,15.838392999999087,Y,3555
8,4,400,20,10,13.016914999999244,14.312720999998419,Y,3550
8,4,400,20,10,12.908419999998841,13.479474000000664,Y,3523
8,4,400,20,10,13.00755499999832,18.611636999999064,Y,3530
8,4,400,20,10,12.978963000002295,19.644790000000285,Y,3501
8,4,400,20,10,12.978941000000304,16.09709600000133,Y,3528
8,4,500,23,12,20.672623000001295,46.0164390000009,Y,4294
8,4,500,23,12,20.65549000000101,52.422591000000466,Y,4301
8,4,500,23,12,20.72592900000018,43.7156729999997,Y,4312
8,4,500,23,12,20.742630999999164,53.98932499999955,Y,4304
8,4,500,23,12,20.664926000000378,51.238454000000274,Y,4294
8,4,500,23,12,20.777477999998155,53.51754200000141,Y,4309
8,4,500,23,12,20.729104999999436,51.94506400000046,Y,4290
8,4,500,23,12,20.707908000000316,50.6126830000012,Y,4308
8,4,500,23,12,20.742050999999265,54.169732999999724,Y,4312
8,4,500,23,12,20.717866000000868,52.934968999999,Y,4309
4,4,10,4,2,0.002149999999346619,0.00010800000018207356,Y,78
4,4,10,4,2,0.0022050000006856862,0.00010599999950500205,Y,75
4,4,10,4,2,0.002217999999629683,0.00010599999950500205,Y,76
4,4,10,4,2,0.002207999999882304,0.00010700000075303251,Y,77
4,4,10,4,2,0.0021889999998165877,0.00010199999996984843,Y,80
4,4,10,4,2,0.0021729999998569838,0.00010000000020227162,Y,70
4,4,10,4,2,0.0020610000001397566,9.700000100565376e-05,Y,79
4,4,10,4,2,0.0021070000002509914,0.00010000000020227162,Y,81
4,4,10,4,2,0.0019240000001445878,9.200000022246968e-05,Y,81
4,4,10,4,2,0.0020269999995434773,9.800000043469481e-05,Y,72
4,4,20,5,3,0.008618999999271182,0.0008000000007086783,Y,161
4,4,20,5,3,0.008466000000225904,0.0009270000009564683,Y,145
4,4,20,5,3,0.010491000000001804,0.001142999999501626,Y,155
4,4,20,5,3,0.008637000000817352,0.0009589999999661813,Y,151
4,4,20,5,3,0.008233000000473112,0.0008450000004813774,Y,151
4,4,20,5,3,0.008839000000079977,0.0009120000004259055,Y,158
4,4,20,5,3,0.007965000000695,0.0006310000007943017,Y,154
4,4,20,5,3,0.007856999999603431,0.0008109999989756034,Y,161
4,4,20,5,3,0.007537999999840395,0.0008409999991272343,Y,151
4,4,20,5,3,0.007157000000916014,0.0006499999999505235,Y,148
4,4,30,6,3,0.026877999999669555,0.0021670000005542533,Y,235
4,4,30,6,3,0.02810700000009092,0.0020970000005036127,Y,241
4,4,30,6,3,0.028722000000016124,0.003040999999939231,Y,244
4,4,30,6,3,0.027295999999296328,0.0022140000000945292,Y,247
4,4,30,6,3,0.025831999999354593,0.0027859999991051154,Y,239
4,4,30,6,3,0.02713000000039756,0.0023650000011912198,Y,239
4,4,30,6,3,0.02756500000032247,0.0030360000009750365,Y,238
4,4,30,6,3,0.029222999999547028,0.003118999999969674,Y,249
4,4,30,6,3,0.027599999999438296,0.0025599999999030842,Y,241
4,4,30,6,3,0.025878000000375323,0.002209999999649881,Y,239
4,4,40,7,4,0.05223600000135775,0.007098000000041793,Y,331
4,4,40,7,4,0.05133399999976973,0.007837000000108674,Y,322
4,4,40,7,4,0.05212099999971542,0.009094000000914093,Y,310
4,4,40,7,4,0.0532550000007177,0.006973000001380569,Y,317
4,4,40,7,4,0.04583000000093307,0.008453000000372413,Y,330
4,4,40,7,4,0.05388599999969301,0.00646599999981845,Y,327
4,4,40,7,4,0.0468509999991511,0.0072609999997439445,Y,312
4,4,40,7,4,0.04977800000051502,0.007155999998758489,Y,324
4,4,40,7,4,0.047403999999005464,0.007078999999976077,Y,306
4,4,40,7,4,0.04898900000080175,0.00890399999843794,Y,321
4,4,50,8,4,0.08415899999909016,0.008866999999554537,Y,417
4,4,50,8,4,0.0814540000001216,0.008947000000262051,Y,410
4,4,50,8,4,0.07712600000013481,0.011086999999861291,Y,403
4,4,50,8,4,0.0771069999991596,0.011026000000128988,Y,407
4,4,50,8,4,0.07629400000041642,0.01102699999955803,Y,409
4,4,50,8,4,0.07614300000022922,0.008319999999002903,Y,416
4,4,50,8,4,0.07498099999975238,0.008805000000393193,Y,403
4,4,50,8,4,0.0775469999998677,0.007163000000218744,Y,407
4,4,50,8,4,0.07835399999930814,0.010162000000491389,Y,397
4,4,50,8,4,0.07863799999995535,0.008346000000528875,Y,412
4,4,60,8,4,0.11624399999891466,0.019492999999783933,Y,470
4,4,60,8,4,0.11959999999999127,0.022883999999976368,Y,468
4,4,60,8,4,0.1194630000009056,0.015729000001556415,Y,464
4,4,60,8,4,0.13460699999995995,0.0242500000003929,Y,468
4,4,60,8,4,0.11421900000004825,0.022775000000365253,Y,471
4,4,60,8,4,0.11427800000001298,0.028171999999358377,Y,462
4,4,60,8,4,0.11727599999994709,0.023761000000376953,Y,465
4,4,60,8,4,0.11778599999979633,0.01718199999868375,Y,459
4,4,60,8,4,0.11260500000025786,0.019414000001233944,Y,469
4,4,60,8,4,0.11791900000025635,0.020546999999169202,Y,454
4,4,70,9,5,0.15825800000038726,0.0621499999997468,Y,526
4,4,70,9,5,0.15655800000058662,0.05385100000057719,Y,532
4,4,70,9,5,0.15316799999982322,0.06714300000021467,Y,521
4,4,70,9,5,0.1489849999998114,0.0509490000004007,Y,522
4,4,70,9,5,0.15080500000021857,0.0330020000001241,Y,539
4,4,70,9,5,0.15302099999917118,0.07268999999996595,Y,516
4,4,70,9,5,0.16005199999926845,0.056349999999838474,Y,534
4,4,70,9,5,0.16170100000090315,0.06096700000034616,Y,521
4,4,70,9,5,0.1545220000016343,0.04985800000031304,Y,532
4,4,70,9,5,0.15654999999969732,0.061588999999003136,Y,523
4,4,80,9,5,0.20431100000041624,0.10952900000029331,Y,570
4,4,80,9,5,0.2129400000003443,0.11992999999984022,Y,580
4,4,80,9,5,0.21844400000099995,0.15682200000082958,Y,586
4,4,80,9,5,0.20147300000007817,0.07722600000033708,Y,582
4,4,80,9,5,0.2112409999999727,0.11603500000001077,Y,576
4,4,80,9,5,0.21265799999946466,0.13632500000039727,Y,575
4,4,80,9,5,0.20417600000018865,0.11937699999907636,Y,595
4,4,80,9,5,0.20533099999920523,0.12004300000080548,Y,566
4,4,80,9,5,0.21061700000063865,0.14157199999954173,Y,584
4,4,80,9,5,0.20018600000003062,0.1372719999990295,Y,592
4,4,90,10,5,0.34076199999981327,0.27299699999912264,Y,649
4,4,90,10,5,0.34404799999902025,0.26152600000023085,Y,646
4,4,90,10,5,0.33327099999951315,0.20531899999969028,Y,650
4,4,90,10,5,0.3570350000009057,0.2441319999998086,Y,644
4,4,90,10,5,0.3498890000000756,0.21915099999932863,Y,661
4,4,90,10,5,0.3413060000002588,0.22280699999919307,Y,647
4,4,90,10,5,0.348653999999442,0.21065400000043155,Y,649
4,4,90,10,5,0.34166000000004715,0.19380500000079337,Y,643
4,4,90,10,5,0.3508930000016335,0.3258899999991627,Y,638
4,4,90,10,5,0.34591099999852304,0.20925200000056066,Y,654
4,4,100,10,5,0.43982800000048883,0.41837800000030256,Y,699
4,4,100,10,5,0.4447709999994913,0.2790899999999965,Y,699
4,4,100,10,5,0.44945800000004965,0.3003289999996923,Y,710
4,4,100,10,5,0.4274139999997715,0.35377299999981915,Y,708
4,4,100,10,5,0.4270600000008926,0.30347399999936897,Y,692
4,4,100,10,5,0.4347329999991416,0.30181699999957345,Y,699
4,4,100,10,5,0.45269099999950413,0.32999200000085693,Y,690
4,4,100,10,5,0.44668499999988853,0.32767599999897357,Y,707
4,4,100,10,5,0.4404180000001361,0.3209520000000339,Y,700
4,4,100,10,5,0.4232049999991432,0.2880639999993946,Y,707
3,2,10,4,2,0.0013319999998202547,0.00011200000062672189,Y,33
3,2,10,4,2,0.0013310000003912137,9.200000022246968e-05,Y,34
3,2,10,4,2,0.0013179999996282277,9.799999952520011e-05,Y,30
3,2,10,4,2,0.0013519999993150122,9.200000113196438e-05,Y,34
3,2,10,4,2,0.0013349999999263673,9.099999988393392e-05,Y,38
3,2,10,4,2,0.0013810000000376021,9.300000056100544e-05,Y,33
3,2,10,4,2,0.0013819999994666432,9.300000056100544e-05,Y,38
3,2,10,4,2,0.0013490000001183944,9.500000032858225e-05,Y,35
3,2,10,4,2,0.0014060000003155437,9.799999952520011e-05,Y,35
3,2,10,4,2,0.0013850000004822505,0.00010200000087934313,Y,32
3,2,20,5,3,0.004449000000022352,0.0008950000001277658,Y,67
3,2,20,5,3,0.00488000000041211,0.0009000000000014552,Y,66
3,2,20,5,3,0.004847000000154367,0.0011850000000777072,Y,65
3,2,20,5,3,0.005369000000428059,0.0007659999992029043,Y,67
3,2,20,5,3,0.0073130000000674045,0.0012630000001081498,Y,69
3,2,20,5,3,0.005677000001014676,0.001277999999729218,Y,67
3,2,20,5,3,0.006040000000211876,0.0009149999996225233,Y,68
3,2,20,5,3,0.005188000000089232,0.0009870000003502355,Y,69
3,2,20,5,3,0.004697999998825253,0.0008399999996981933,Y,69
3,2,20,5,3,0.005003000000215252,0.0011960000001636217,Y,64
3,2,30,6,3,0.016171000001122593,0.005038000000240572,Y,91
3,2,30,6,3,0.015154999999140273,0.0035720000005312613,Y,110
3,2,30,6,3,0.016453000000183238,0.006424000000151864,Y,107
3,2,30,6,3,0.01953099999900587,0.0035710000011022203,Y,98
3,2,30,6,3,0.0203639999990628,0.004571999998915999,Y,104
3,2,30,6,3,0.021132000000761764,0.005693999999493826,Y,104
3,2,30,6,3,0.020956999999725667,0.004708999999820662,Y,102
3,2,30,6,3,0.02403599999979633,0.004283000000214088,Y,105
3,2,30,6,3,0.016330000000380096,0.003775000001041917,Y,103
3,2,30,6,3,0.016983000000436732,0.003666999999950349,Y,108
3,2,40,7,4,0.030609000000367814,0.017331000000012864,Y,145
3,2,40,7,4,0.031283999999686785,0.017560999999659543,Y,148
3,2,40,7,4,0.03035200000158511,0.02787099999932252,Y,146
3,2,40,7,4,0.027286000000458444,0.013170999999601918,Y,150
3,2,40,7,4,0.027700999999979103,0.016255999999884807,Y,138
3,2,40,7,4,0.02699800000027608,0.01711500000055821,Y,142
3,2,40,7,4,0.027786999999079853,0.018334000000322703,Y,144
3,2,40,7,4,0.027208999999857042,0.020034000000123342,Y,139
3,2,40,7,4,0.03125400000044465,0.018535000000156288,Y,141
3,2,40,7,4,0.029884999999922,0.014070000001083827,Y,148
3,2,50,8,4,0.043615999999929045,0.028102999999646272,Y,171
3,2,50,8,4,0.04277899999942747,0.03708199999982753,Y,170
3,2,50,8,4,0.04050900000038382,0.021540999999160704,Y,169
3,2,50,8,4,0.04285200000140321,0.02271199999995588,Y,174
3,2,50,8,4,0.044198000000506,0.03868699999929959,Y,165
3,2,50,8,4,0.042105000000447035,0.026705000000220025,Y,169
3,2,50,8,4,0.04126100000030419,0.03701000000000931,Y,165
3,2,50,8,4,0.04218800000035117,0.026977999999871827,Y,168
3,2,50,8,4,0.040639000000737724,0.03468700000030367,Y,164
3,2,50,8,4,0.042590999999447376,0.019640999999865016,Y,170
3,2,60,8,4,0.06360299999960262,0.06149399999958405,Y,199
3,2,60,8,4,0.061405000000377186,0.08168399999976828,Y,193
3,2,60,8,4,0.06083699999999226,0.05063800000152696,Y,195
3,2,60,8,4,0.06340499999987514,0.07275300000037532,Y,194
3,2,60,8,4,0.06552000000010594,0.08832400000028429,Y,198
3,2,60,8,4,0.060637999999016756,0.048206000000391214,Y,204
3,2,60,8,4,0.06181700000070123,0.06990399999904184,Y,196
3,2,60,8,4,0.06209900000067137,0.08812599999964732,Y,197
3,2,60,8,4,0.062016000000767235,0.10424700000021403,Y,192
3,2,60,8,4,0.061138000000028114,0.07908799999950133,Y,196
3,2,70,9,5,0.08948199999940698,0.7471020000002682,Y,224
3,2,70,9,5,0.08552399999825866,0.29800499999964813,Y,231
3,2,70,9,5,0.08842700000059267,0.4593960000001971,Y,226
3,2,70,9,5,0.0872639999988678,0.31864300000052026,Y,224
3,2,70,9,5,0.088608000000022,0.37181299999974726,Y,230
3,2,70,9,5,0.08880299999964336,0.5396040000005087,Y,226
3,2,70,9,5,0.0847909999993135,0.3580449999999473,Y,226
3,2,70,9,5,0.08649400000103924,0.5758019999993849,Y,219
3,2,70,9,5,0.08067200000004959,0.35671000000093045,Y,224
3,2,70,9,5,0.08666200000061508,0.6722050000007584,Y,225
3,2,80,9,5,0.105703999999605,1.2579159999995682,Y,231
3,2,80,9,5,0.1006519999991724,1.1714280000005601,Y,237
3,2,80,9,5,0.1033900000002177,1.2436450000004697,Y,229
3,2,80,9,5,0.10002699999949982,1.3934589999998934,Y,233
3,2,80,9,5,0.10359300000072835,1.256333999999697,Y,232
3,2,80,9,5,0.10644899999988411,0.9807739999996556,Y,232
3,2,80,9,5,0.10486700000001292,1.4650199999996403,Y,234
3,2,80,9,5,0.10031900000012683,1.1932999999989988,Y,227
3,2,80,9,5,0.10953999999856023,1.358539999999266,Y,232
3,2,80,9,5,0.10467200000039156,1.3733469999997396,Y,225
3,2,90,10,5,0.18495600000005652,2.268744000000879,Y,250
3,2,90,10,5,0.16951500000050146,1.9391000000005079,Y,256
3,2,90,10,5,0.18365300000004936,2.0295270000005985,Y,253
3,2,90,10,5,0.17351599999892642,1.8724789999996574,Y,256
3,2,90,10,5,0.18144500000016706,1.6967770000010205,Y,260
3,2,90,10,5,0.18130500000006577,1.5652090000003227,Y,262
3,2,90,10,5,0.18012400000043272,2.1381480000009105,Y,258
3,2,90,10,5,0.16583100000025297,1.9768099999992046,Y,260
3,2,90,10,5,0.1769300000005387,2.0386910000006537,Y,258
3,2,90,10,5,0.1721529999995255,2.344176000000516,Y,259
3,2,100,10,5,0.2395280000000639,2.638826999998855,Y,288
3,2,100,10,5,0.23812400000042544,3.2973129999991215,Y,290
3,2,100,10,5,0.2279019999996308,3.341284999999516,Y,291
3,2,100,10,5,0.24728000000141037,3.065531999999621,Y,283
3,2,100,10,5,0.23731399999996938,2.819988999999623,Y,292
3,2,100,10,5,0.22959399999945163,4.02407200000107,Y,292
3,2,100,10,5,0.23881799999981013,3.129862999998295,Y,287
3,2,100,10,5,0.23977000000013504,3.3441439999996874,Y,291
3,2,100,10,5,0.2333200000002762,2.8538629999993645,Y,294
3,2,100,10,5,0.22719100000085746,3.315791999999419,Y,290
2,3,10,4,2,0.0013879999996788683,0.00010099999963131268,Y,47
2,3,10,4,2,0.0013330000001587905,8.499999967170879e-05,Y,39
2,3,10,4,2,0.0014060000003155437,8.400000024266774e-05,Y,41
2,3,10,4,2,0.0015039999989312491,9.200000022246968e-05,Y,42
2,3,10,4,2,0.0015330000005633337,9.59999988481286e-05,Y,44
2,3,10,4,2,0.0015870000006543705,0.00010000000020227162,Y,42
2,3,10,4,2,0.0015979999998307903,9.800000043469481e-05,Y,44
2,3,10,4,2,0.0016289999994114623,0.00010100000054080738,Y,44
2,3,10,4,2,0.0015890000004219473,9.700000009615906e-05,Y,41
2,3,10,4,2,0.001690999999482301,0.00010399999973742524,Y,44
2,3,20,5,3,0.006346000000121421,0.0014739999996891129,Y,77
2,3,20,5,3,0.006655000000137079,0.0010330000004614703,Y,79
2,3,20,5,3,0.006572000000232947,0.001307999999880849,Y,82
2,3,20,5,3,0.007311000000299828,0.001518000000032771,Y,76
2,3,20,5,3,0.005694999998922867,0.0009079999990717624,Y,79
2,3,20,5,3,0.0055629999997108825,0.0012600000000020373,Y,76
2,3,20,5,3,0.008424000000559317,0.0010579999998299172,Y,77
2,3,20,5,3,0.007839000000785745,0.0013090000002193847,Y,84
2,3,20,5,3,0.00598699999954988,0.0011690000001181033,Y,79
2,3,20,5,3,0.005411000000094646,0.0008979999993243837,Y,78
2,3,30,6,3,0.021372000000155822,0.0051630000007207855,Y,123
2,3,30,6,3,0.028912000000673288,0.0062140000009094365,Y,120
2,3,30,6,3,0.024513999999726366,0.00659199999881821,Y,120
2,3,30,6,3,0.01946700000007695,0.004996000000573986,Y,123
2,3,30,6,3,0.018609999999171123,0.004871999998613319,Y,116
2,3,30,6,3,0.020416999999724794,0.005678000000443717,Y,124
2,3,30,6,3,0.022428000000218162,0.006739999999808788,Y,126
2,3,30,6,3,0.02098400000068068,0.005745000000388245,Y,121
2,3,30,6,3,0.021477000000231783,0.006551999999828695,Y,120
2,3,30,6,3,0.023903999999674852,0.005638999999064254,Y,124
2,3,40,7,4,0.0406780000002982,0.04968800000006013,Y,163
2,3,40,7,4,0.03682500000013533,0.04723000000012689,Y,157
2,3,40,7,4,0.03614999999990687,0.03873999999996158,Y,163
2,3,40,7,4,0.03477099999963684,0.03136900000117748,Y,161
2,3,40,7,4,0.03595500000028551,0.03719199999977718,Y,159
2,3,40,7,4,0.03957899999932124,0.04232200000114972,Y,155
2,3,40,7,4,0.03852000000006228,0.03148400000100082,Y,160
2,3,40,7,4,0.034566999999697146,0.033436999999139516,Y,160
2,3,40,7,4,0.036815999999816995,0.03877400000055786,Y,157
2,3,40,7,4,0.03458099999988917,0.026744000000689994,Y,162
2,3,50,8,4,0.0553250000002663,0.08677700000043842,Y,188
2,3,50,8,4,0.05940200000168261,0.08507000000008702,Y,187
2,3,50,8,4,0.0552479999996649,0.09528899999986606,Y,177
2,3,50,8,4,0.05525900000066031,0.10770899999897665,Y,183
2,3,50,8,4,0.053850000001148146,0.07988999999997759,Y,186
2,3,50,8,4,0.05467800000042189,0.05143800000041665,Y,187
2,3,50,8,4,0.056062000000565604,0.07430499999918538,Y,188
2,3,50,8,4,0.05602499999895372,0.0784140000005209,Y,180
2,3,50,8,4,0.05641900000046007,0.11642000000028929,Y,184
2,3,50,8,4,0.052630999999564665,0.07460099999934755,Y,185
2,3,60,8,4,0.08711500000117667,0.2784139999994295,Y,204
2,3,60,8,4,0.08246099999996659,0.32672900000034133,Y,202
2,3,60,8,4,0.07835900000009133,0.24436400000013236,Y,204
2,3,60,8,4,0.08154099999956088,0.25758699999914825,Y,206
2,3,60,8,4,0.08669900000040798,0.23686499999985244,Y,204
2,3,60,8,4,0.07636199999978999,0.192960000000312,Y,206
2,3,60,8,4,0.08202700000038021,0.20583299999816518,Y,202
2,3,60,8,4,0.08274200000050769,0.2710299999998824,Y,203
2,3,60,8,4,0.07959700000083103,0.18288599999868893,Y,204
2,3,60,8,4,0.08597700000063924,0.2550090000004275,Y,200
2,3,70,9,5,0.1085030000012921,1.7705889999997453,Y,226
2,3,70,9,5,0.1081610000001092,1.5952269999997952,Y,227
2,3,70,9,5,0.10769300000083604,1.3928290000003472,Y,232
2,3,70,9,5,0.11208900000019639,1.6624020000008386,Y,231
2,3,70,9,5,0.10668800000075862,1.4850459999988743,Y,229
2,3,70,9,5,0.10670699999991484,1.6548219999995126,Y,229
2,3,70,9,5,0.11049300000013318,1.6543350000001737,Y,231
2,3,70,9,5,0.11106899999958841,1.4674029999996492,Y,228
2,3,70,9,5,0.11179499999889231,1.94394100000045,Y,233
2,3,70,9,5,0.10564699999940785,1.7343199999995704,Y,232
2,3,80,9,5,0.13896899999872403,5.015607999999702,Y,249
2,3,80,9,5,0.14340700000047946,6.082712000000356,Y,250
2,3,80,9,5,0.1467320000010659,4.43402100000003,Y,249
2,3,80,9,5,0.15003900000010617,4.944096999999601,Y,248
2,3,80,9,5,0.14789500000006228,4.995047000000341,Y,252
2,3,80,9,5,0.1456049999997049,4.42625500000031,Y,252
2,3,80,9,5,0.14384999999947468,5.020868000000519,Y,251
2,3,80,9,5,0.14210999999886553,4.723659000001135,Y,248
2,3,80,9,5,0.15042300000004616,3.316925999999512,Y,249
2,3,80,9,5,0.15103999999973894,4.874178000000029,Y,250
2,3,90,10,5,0.24712799999906565,7.846048000000337,Y,278
2,3,90,10,5,0.2520910000002914,7.525727000000188,Y,280
2,3,90,10,5,0.2363679999998567,6.893951000000925,Y,278
2,3,90,10,5,0.24522199999955774,7.7658100000007835,Y,278
2,3,90,10,5,0.25786800000059884,7.970413000000917,Y,278
2,3,90,10,5,0.25253499999871565,7.548934999998892,Y,277
2,3,90,10,5,0.24465300000156276,6.6020339999995485,Y,277
2,3,90,10,5,0.2520470000008572,7.125425999999607,Y,278
2,3,90,10,5,0.24308099999871047,8.186322999999902,Y,274
2,3,90,10,5,0.2424220000002606,8.399798000000374,Y,277
2,3,100,10,5,0.29452999999921303,18.640282000000298,Y,279
2,3,100,10,5,0.2979090000008,23.880047999999988,Y,278
2,3,100,10,5,0.28848999999991065,15.110498999999436,Y,278
2,3,100,10,5,0.28325999999924534,21.376162000000477,Y,280
2,3,100,10,5,0.2965790000016568,18.230165000000852,Y,277
2,3,100,10,5,0.3031330000003436,24.38040099999853,Y,277
2,3,100,10,5,0.281329000000369,20.617631000000074,Y,278
2,3,100,10,5,0.3115429999998014,24.373625999998694,Y,280
2,3,100,10,5,0.2801279999994222,19.65629099999842,Y,279
2,3,100,10,5,0.2929130000011355,21.09322399999928,Y,279
2,2,10,4,2,0.0014629999996031984,0.00014100000043981709,Y,29
2,2,10,4,2,0.0014189999992595403,0.00011100000119768083,Y,30
2,2,10,4,2,0.0014160000000629225,0.00011699999959091656,Y,28
2,2,10,4,2,0.001449000000320666,0.00010600000041449675,Y,28
2,2,10,4,2,0.0014570000012099626,0.0001050000009854557,Y,30
2,2,10,4,2,0.0014780000001337612,0.00010000000020227162,Y,32
2,2,10,4,2,0.0014680000003863825,0.00011499999982333975,Y,29
2,2,10,4,2,0.0014430000001084409,0.00010900000052060932,Y,28
2,2,10,4,2,0.001419999999598076,0.00013299999955052044,Y,28
2,2,10,4,2,0.0014789999995628023,0.00010900000052060932,Y,31
2,2,20,5,3,0.004821999999876425,0.0015079999993758975,Y,54
2,2,20,5,3,0.004812000000129046,0.0014280000004873727,Y,47
2,2,20,5,3,0.0051030000004175236,0.001465999999709311,Y,53
2,2,20,5,3,0.005221999999776017,0.0014929999997548293,Y,53
2,2,20,5,3,0.006894999999531137,0.0010749999992185622,Y,53
2,2,20,5,3,0.004812000000129046,0.0010929999998552375,Y,52
2,2,20,5,3,0.004221000000143249,0.0010010000005422626,Y,55
2,2,20,5,3,0.004753999999593361,0.0015479999992749072,Y,54
2,2,20,5,3,0.006139000000075612,0.002140999999937776,Y,53
2,2,20,5,3,0.004920999998830666,0.0012219999998706044,Y,53
2,2,30,6,3,0.017021000000568165,0.007534000000305241,Y,79
2,2,30,6,3,0.019809999999779393,0.007630000000972359,Y,79
2,2,30,6,3,0.01752100000067003,0.00751600000057806,Y,77
2,2,30,6,3,0.014507000000776316,0.007114000000001397,Y,77
2,2,30,6,3,0.01385400000071968,0.005640999999741325,Y,81
2,2,30,6,3,0.01535999999850901,0.007255000000441214,Y,77
2,2,30,6,3,0.014255999999477353,0.005370000000766595,Y,83
2,2,30,6,3,0.014149999999972351,0.00534700000025623,Y,77
2,2,30,6,3,0.01442000000133703,0.0063069999996514525,Y,78
2,2,30,6,3,0.014744000000064261,0.006989000001340173,Y,77
2,2,40,7,4,0.026751000001240755,0.05375900000035472,Y,106
2,2,40,7,4,0.025161999999909312,0.05537599999934173,Y,105
2,2,40,7,4,0.025938000000678585,0.06578100000024278,Y,105
2,2,40,7,4,0.0253709999997227,0.06408699999974488,Y,103
2,2,40,7,4,0.025137999999969907,0.04525100000137172,Y,108
2,2,40,7,4,0.025301000000581553,0.0508350000000064,Y,107
2,2,40,7,4,0.02711500000077649,0.072571999999127,Y,105
2,2,40,7,4,0.026125000000320142,0.054892000000108965,Y,102
2,2,40,7,4,0.02593700000034005,0.060946999999032414,Y,101
2,2,40,7,4,0.026246000000355707,0.056657999999515596,Y,107
2,2,50,8,4,0.040992000000187545,0.11462499999925058,Y,122
2,2,50,8,4,0.03933099999994738,0.20620400000007066,Y,123
2,2,50,8,4,0.04202199999963341,0.16042499999912252,Y,124
2,2,50,8,4,0.03849200000058772,0.15072300000065297,Y,123
2,2,50,8,4,0.036648000000241154,0.19006500000068627,Y,120
2,2,50,8,4,0.042243999999300286,0.23187999999845488,Y,123
2,2,50,8,4,0.03880800000024465,0.10165200000119512,Y,124
2,2,50,8,4,0.04209499999979016,0.11823000000003958,Y,126
2,2,50,8,4,0.036269000000174856,0.14533099999971455,Y,120
2,2,50,8,4,0.040587000000414264,0.19387499999902502,Y,120
2,2,60,8,4,0.06061499999850639,0.3722230000003037,Y,138
2,2,60,8,4,0.060099999999692955,0.3666800000009971,Y,142
2,2,60,8,4,0.060364999999364954,0.35840399999960937,Y,142
2,2,60,8,4,0.0712919999996302,0.4731660000006741,Y,141
2,2,60,8,4,0.05845899999985704,0.31107999999949243,Y,140
2,2,60,8,4,0.05725999999958731,0.48474999999962165,Y,141
2,2,60,8,4,0.056437999999616295,0.4692489999997633,Y,139
2,2,60,8,4,0.06099999999969441,0.3389099999994869,Y,139
2,2,60,8,4,0.05981300000075862,0.40745699999934004,Y,139
2,2,60,8,4,0.05707999999867752,0.38223199999993085,Y,142
2,2,70,9,5,0.07943400000021938,3.3280699999995704,Y,160
2,2,70,9,5,0.07483100000081322,3.943435999999565,Y,160
2,2,70,9,5,0.07448300000032759,3.168134999999893,Y,158
2,2,70,9,5,0.08354699999927107,2.498970000000554,Y,160
2,2,70,9,5,0.07880499999919266,4.093874000000142,Y,161
2,2,70,9,5,0.07479400000102032,4.845078000000285,Y,157
2,2,70,9,5,0.0851280000006227,4.705815999999686,Y,159
2,2,70,9,5,0.07839100000092003,4.151748000000225,Y,161
2,2,70,9,5,0.07291300000088086,4.588074000000233,Y,155
2,2,70,9,5,0.08253200000126526,4.300449000001208,Y,158
2,2,80,9,5,0.09000600000035774,19.463432000001376,Y,159
2,2,80,9,5,0.09472900000127993,14.60540999999921,Y,161
2,2,80,9,5,0.09950500000013562,12.622441999999864,Y,161
2,2,80,9,5,0.11680799999885494,12.308888999999908,Y,162
2,2,80,9,5,0.10344700000041485,14.10580200000004,Y,162
2,2,80,9,5,0.0963819999997213,15.855130999999346,Y,160
2,2,80,9,5,0.09208399999988615,9.545073000001139,Y,162
2,2,80,9,5,0.10081399999944551,13.182222999999794,Y,162
2,2,80,9,5,0.09737500000028376,16.933350000000246,Y,159
2,2,80,9,5,0.10400699999991048,11.90527899999961,Y,159
2,2,90,10,5,0.158568999999261,20.880636000001687,Y,180
2,2,90,10,5,0.16662099999939528,34.648942999999235,Y,176
2,2,90,10,5,0.17261000000053173,23.94389500000125,Y,179
2,2,90,10,5,0.16956600000048638,23.33882100000119,Y,180
2,2,90,10,5,0.18248100000073464,27.424465000000964,Y,179
2,2,90,10,5,0.15614600000117207,34.20293899999979,Y,178
2,2,90,10,5,0.16798199999902863,18.351494999999886,Y,180
2,2,90,10,5,0.1690969999990557,27.764455999999882,Y,177
2,2,90,10,5,0.16051700000207347,32.2647079999997,Y,177
2,2,90,10,5,0.17020900000079564,32.83688000000075,Y,179
2,2,100,10,5,0.22457999999915046,45.04103000000123,Y,199
2,2,100,10,5,0.23496199999863165,51.23571400000037,Y,198
2,2,100,10,5,0.22976500000095257,54.07924699999967,Y,200
2,2,100,10,5,0.22375599999941187,70.54025799999908,Y,196
2,2,100,10,5,0.22789499999908003,46.62641100000019,Y,200
2,2,100,10,5,0.21963700000014796,54.547623000000385,Y,199
2,2,100,10,5,0.21862900000087393,67.83338699999968,Y,199
2,2,100,10,5,0.22265800000059244,54.25575899999876,Y,197
2,2,100,10,5,0.2217289999998684,41.04597300000114,Y,199
2,2,100,10,5,0.22882900000058726,41.68149099999937,Y,199
2,1,10,4,2,0.0010610000008455245,0.0001250000004802132,Y,17
2,1,10,4,2,0.0009530000006634509,0.0001049999991664663,Y,15
2,1,10,4,2,0.0005599999994956306,8.400000024266774e-05,N,16
2,1,10,4,2,0.0009200000004057074,9.900000077323057e-05,Y,15
2,1,10,4,2,0.0009259999997084378,8.900000011635711e-05,Y,17
2,1,10,4,2,0.0009589999999661813,0.00010300000030838419,Y,16
2,1,10,4,2,0.0009790000003704336,0.00014899999951012433,Y,16
2,1,10,4,2,0.0009890000001178123,0.00010599999950500205,Y,19
2,1,10,4,2,0.000998999999865191,0.00010100000054080738,Y,16
2,1,10,4,2,0.0010620000002745655,0.00010100000054080738,Y,18
2,1,20,5,3,0.0015290000001186854,0.0004939999998896383,N,27
2,1,20,5,3,0.0016310000000885339,0.00021999999989930075,N,27
2,1,20,5,3,0.0015889999995124526,0.0004239999998389976,N,25
2,1,20,5,3,0.0016390000000683358,0.00015300000086426735,N,28
2,1,20,5,3,0.0015949999997246778,0.0003710000000864966,N,29
2,1,20,5,3,0.0016649999997753184,0.0002500000000509317,N,25
2,1,20,5,3,0.0016829999995024991,0.0002640000002429588,N,28
2,1,20,5,3,0.0016949999999269494,0.00022400000034394907,N,30
2,1,20,5,3,0.0016910000003917958,0.0001140000003942987,N,25
2,1,20,5,3,0.0017170000000987784,0.0003509999996822444,N,28
2,1,30,6,3,0.004076000000168278,0.00039899999956105603,N,45
2,1,30,6,3,0.003980000000410655,0.0016500000001542503,N,44
2,1,30,6,3,0.007081000000653148,0.0016249999998763087,N,43
2,1,30,6,3,0.003950000000259024,0.01736700000037672,N,42
2,1,30,6,3,0.0035669999997480772,0.0008319999997183913,N,45
2,1,30,6,3,0.0033249999996769475,0.0003820000001724111,N,44
2,1,30,6,3,0.011054999999942083,0.011434000000008382,Y,47
2,1,30,6,3,0.004321999999774562,0.0013630000003104215,N,45
2,1,30,6,3,0.0037519999996220577,0.003056000000469794,N,44
2,1,30,6,3,0.01038200000039069,0.011448000000200409,Y,45
2,1,40,7,4,0.005602000000180851,0.0038519999998243293,N,54
2,1,40,7,4,0.005608999999822117,0.001623999999537773,N,55
2,1,40,7,4,0.005372000000534172,0.011689999999362044,N,54
2,1,40,7,4,0.006166999999550171,0.028572000000167463,N,54
2,1,40,7,4,0.005492000000231201,0.0012269999997442937,N,55
2,1,40,7,4,0.005275999999867054,0.009434999999939464,N,51
2,1,40,7,4,0.005922000000282424,0.01567299999987881,N,53
2,1,40,7,4,0.00559999999950378,0.000525999999808846,N,51
2,1,40,7,4,0.0058339999995951075,0.014725999999427586,N,54
2,1,40,7,4,0.0055840000004536705,0.0002949999998236308,N,55
2,1,50,8,4,0.008581000000049244,0.006911999999829277,N,61
2,1,50,8,4,0.007915000000139116,0.0374839999994947,N,60
2,1,50,8,4,0.009179000000585802,0.020112000000153785,N,61
2,1,50,8,4,0.007792999999765016,0.028962000000319676,N,63
2,1,50,8,4,0.008614999999736028,0.042397999999593594,N,62
2,1,50,8,4,0.008722999999918102,0.013129999999364372,N,62
2,1,50,8,4,0.008401999999477994,0.01672599999983504,N,62
2,1,50,8,4,0.009380000000419386,0.013184999999793945,N,61
2,1,50,8,4,0.008157000000210246,0.024918000000070606,N,64
2,1,50,8,4,0.008709999999155116,0.017651999999543477,N,61
2,1,60,8,4,0.016366000000743952,0.2159060000003592,N,78
2,1,60,8,4,0.011732999999367166,1.0419499999998152,N,79
2,1,60,8,4,0.011362000000190164,0.21143299999948795,N,79
2,1,60,8,4,0.01354300000002695,0.08747300000050018,N,78
2,1,60,8,4,0.013926999999966938,0.3360290000000532,N,77
2,1,60,8,4,0.013097000000016124,0.07454999999936263,N,76
2,1,60,8,4,0.013393999999607331,0.026448999999956868,N,78
2,1,60,8,4,0.013364000000365195,0.21632700000009208,N,79
2,1,60,8,4,0.014795999999478227,0.9905869999993229,N,78
2,1,60,8,4,0.013667999999597669,0.4211199999999735,N,79
2,1,70,9,5,0.01825899999948888,0.07460700000046927,N,87
2,1,70,9,5,0.01496199999928649,0.035727000000406406,N,90
2,1,70,9,5,0.016301999999996042,0.2848600000006627,N,89
2,1,70,9,5,0.018192999999882886,0.09602499999982683,N,88
2,1,70,9,5,0.018275000000357977,0.037577999999484746,N,89
2,1,70,9,5,0.01814699999977165,0.5934640000004947,N,88
2,1,70,9,5,0.019133999999212392,1.0516920000000027,N,89
2,1,70,9,5,0.01613699999961682,0.08731299999999464,N,90
2,1,70,9,5,0.018072999999276362,0.7180579999994734,N,86
2,1,70,9,5,0.014782999999624735,0.22481299999981275,N,89
2,1,80,9,5,0.019143999999869266,0.0242500000003929,N,89
2,1,80,9,5,0.024171999999452964,0.40876399999979185,N,90
2,1,80,9,5,0.03058000000055472,0.2963609999997061,N,90
2,1,80,9,5,0.02019300000029034,0.4300039999998262,N,89
2,1,80,9,5,0.019708999999238586,0.29654300000038347,N,89
2,1,80,9,5,0.01972399999976915,0.1798720000006142,N,90
2,1,80,9,5,0.020017000000734697,0.07752699999946344,N,88
2,1,80,9,5,0.019275000000561704,0.12382500000057917,N,90
2,1,80,9,5,0.02512600000045495,0.029780999999275082,N,89
2,1,80,9,5,0.019976999999926193,2.5284679999995205,N,90
2,1,90,10,5,0.024061000000074273,1.3787059999995108,N,100
2,1,90,10,5,0.024145999999745982,1.215143999999782,N,100
2,1,90,10,5,0.028518000000076427,0.09084900000016205,N,97
2,1,90,10,5,0.028514999999970314,5.75970899999993,N,99
2,1,90,10,5,0.03068600000005972,4.441786999999749,N,100
2,1,90,10,5,0.028400000000146974,2.3954139999996187,N,99
2,1,90,10,5,0.025389999999788415,1.098442999999861,N,100
2,1,90,10,5,0.02423499999986234,6.013382999999521,N,99
2,1,90,10,5,0.02466299999923649,4.916221999999834,N,98
2,1,90,10,5,0.024419000000307278,2.0461139999997613,N,99
2,1,100,10,5,0.029327000000193948,1.1195120000002134,N,99
2,1,100,10,5,0.02729300000009971,0.36596800000006624,N,100
2,1,100,10,5,0.03165499999977328,0.10506999999961408,N,99
2,1,100,10,5,0.029201000000284694,0.08045800000036252,N,99
2,1,100,10,5,0.029505999999855703,0.07780499999989843,N,99
2,1,100,10,5,0.031899999999950523,0.287836999999854,N,99
2,1,100,10,5,0.029781999999613618,0.29408799999964685,N,98
2,1,100,10,5,0.036498999999821535,0.021411999999145337,N,100
2,1,100,10,5,0.03352999999970052,7.928283000000192,N,99
2,1,100,10,5,0.03043500000057975,1.6845110000003842,N,100
1,2,10,4,2,0.001120999999329797,0.00011799999992945231,Y,20
1,2,10,4,2,0.0011080000003858004,0.00010699999984353781,Y,19
1,2,10,4,2,0.0011260000010224758,9.300000056100544e-05,Y,20
1,2,10,4,2,0.000594999999520951,7.199999981821747e-05,N,18
1,2,10,4,2,0.0011719999993147212,0.0001609999999345746,Y,19
1,2,10,4,2,0.0011979999999311985,0.00012700000024779,Y,17
1,2,10,4,2,0.001156000000264612,0.00013500000022759195,Y,20
1,2,10,4,2,0.0011839999997391715,0.00015499999972234946,Y,20
1,2,10,4,2,0.00120000000060827,0.0001739999997880659,Y,19
1,2,10,4,2,0.0012459999998100102,0.00013699999999516876,Y,20
1,2,20,5,3,0.0019119999997201376,0.0015299999995477265,N,30
1,2,20,5,3,0.0020009999998364947,0.003658999999970547,N,29
1,2,20,5,3,0.0020400000003064633,0.00040300000000570435,N,30
1,2,20,5,3,0.001742999999805761,0.005587999999988824,N,30
1,2,20,5,3,0.0021980000001349254,0.00026700000034907134,N,29
1,2,20,5,3,0.00382400000034977,0.0009360000003653113,N,30
1,2,20,5,3,0.0037300000003597233,0.0021919999999227002,N,30
1,2,20,5,3,0.0021969999997963896,0.0018229999996037805,N,30
1,2,20,5,3,0.00233600000046863,0.005831999999827531,N,30
1,2,20,5,3,0.0018600000003061723,0.0009899999995468534,N,30
1,2,30,6,3,0.0043370000003051246,0.005776999999397958,N,42
1,2,30,6,3,0.0040300000000570435,0.010710000000472064,N,42
1,2,30,6,3,0.004468000000088068,0.03737199999977747,N,42
1,2,30,6,3,0.004640000000108557,0.05780099999992672,N,42
1,2,30,6,3,0.00436600000011822,0.04371900000023743,N,41
1,2,30,6,3,0.00422199999957229,0.014717999999447784,N,42
1,2,30,6,3,0.004840999999942142,0.03557199999977456,N,42
1,2,30,6,3,0.004089999999450811,0.025484999999207503,N,42
1,2,30,6,3,0.004930000000058499,0.050387000000228,N,42
1,2,30,6,3,0.0046990000000732834,0.0338130000000092,N,42
1,2,40,7,4,0.008778000000347674,0.05089200000020355,N,56
1,2,40,7,4,0.00803500000074564,0.158596000000216,N,56
1,2,40,7,4,0.008066999999755353,0.016622999999526655,N,56
1,2,40,7,4,0.007380000000011933,0.158596000000216,N,56
1,2,40,7,4,0.007512999999562453,0.07281199999943055,N,56
1,2,40,7,4,0.008629999999357096,0.23226100000010774,N,56
1,2,40,7,4,0.007580999999845517,0.013309999999364663,N,56
1,2,40,7,4,0.008046999999351101,0.16279299999951036,N,56
1,2,40,7,4,0.00744600000052742,0.07339700000011362,N,56
1,2,40,7,4,0.008037999999942258,0.28110500000002503,N,56
1,2,50,8,4,0.011818000000857865,0.06527699999969627,N,64
1,2,50,8,4,0.011224999999285501,1.166787000000113,N,64
1,2,50,8,4,0.011294000000816595,4.818937999999434,N,64
1,2,50,8,4,0.011732999999367166,0.9123810000000958,N,64
1,2,50,8,4,0.012829000000238011,0.36494799999945826,N,64
1,2,50,8,4,0.01083199999993667,0.42516000000068743,N,64
1,2,50,8,4,0.010881999999583059,0.6517290000001594,N,64
1,2,50,8,4,0.010978000000250177,0.22460599999976694,N,64
1,2,50,8,4,0.011070999999901687,0.04993500000000495,N,64
1,2,50,8,4,0.011438999999882071,0.11185400000067602,N,64
1,2,60,8,4,0.018496000000595814,4.691199999999299,N,72
1,2,60,8,4,0.015796000000591448,0.42103600000064034,N,72
1,2,60,8,4,0.016638000000057218,1.1429900000002817,N,72
1,2,60,8,4,0.02307199999995646,5.061483999999837,N,72
1,2,60,8,4,0.016577000000324915,6.18562699999984,N,72
1,2,60,8,4,0.01818699999967066,24.482058999999936,N,72
1,2,60,8,4,0.016402000000198314,1.3782019999998738,N,72
1,2,60,8,4,0.01725700000042707,1.3466079999998328,N,72
1,2,60,8,4,0.01634199999989505,21.62381699999969,N,72
1,2,60,8,4,0.01995100000021921,6.112321999999949,N,72
1,2,70,9,5,0.024326999999175314,0.3472459999993589,N,81
1,2,70,9,5,0.025459999999839056,1.2188560000004145,N,81
1,2,70,9,5,0.02378099999987171,1.4422780000004423,N,81
1,2,70,9,5,0.02645699999993667,0.9154090000001815,N,81
1,2,70,9,5,0.022621000000071945,2.5849170000001322,N,81
1,2,70,9,5,0.02277799999956187,5.237526999999318,N,81
1,2,70,9,5,0.024014000000533997,0.48972999999932654,N,81
1,2,70,9,5,0.02262299999983952,1.8522749999992811,N,81
1,2,70,9,5,0.024333000000297034,0.4571609999993598,N,81
1,2,70,9,5,0.022184000000379456,0.964336000000003,N,81
1,2,80,9,5,0.029332000000067637,2.8757989999994606,N,81
1,2,80,9,5,0.030028999999558437,0.35571100000015576,N,81
1,2,80,9,5,0.02788200000031793,8.25633900000048,N,81
1,2,80,9,5,0.03019399999993766,0.9272510000000693,N,81
1,2,80,9,5,0.03293000000030588,0.4584629999999379,N,81
1,2,80,9,5,0.029531000000133645,0.5648230000006151,N,81
1,2,80,9,5,0.028989999999794236,0.3559740000000602,N,81
1,2,80,9,5,0.03354300000046351,1.3447009999999864,N,81
1,2,80,9,5,0.02985900000021502,0.3373279999996157,N,81
1,2,80,9,5,0.030929000000469387,0.8286699999998746,N,81
1,2,90,10,5,0.039376000000629574,30.534868000000642,N,90
1,2,90,10,5,0.04099099999984901,0.5234129999998913,N,90
1,2,90,10,5,0.0379400000001624,6.826665999999932,N,90
1,2,90,10,5,0.0357400000002599,0.8257750000002488,N,90
1,2,90,10,5,0.04354799999964598,6.053492000000006,N,90
1,2,90,10,5,0.03740699999980279,40.158370000000104,N,90
1,2,90,10,5,0.039482000000134576,1.7240460000002713,N,90
1,2,90,10,5,0.04079600000022765,28.20354700000007,N,90
1,2,90,10,5,0.03773300000011659,1.7865809999993871,N,90
1,2,90,10,5,0.03554199999962293,28.58629699999983,N,90
1,2,100,10,5,0.05324899999959598,190.2920099999992,N,100
1,2,100,10,5,0.05004300000018702,7.668844000000718,N,100
1,2,100,10,5,0.04905400000006921,192.10090599999967,N,100
1,2,100,10,5,0.052889999999933934,29.779451000000336,N,100
1,2,100,10,5,0.0523140000004787,32.786471999999776,N,100
1,2,100,10,5,0.05200500000046304,42.13837699999931,N,100
1,2,100,10,5,0.051115000000208966,47.35981999999967,N,100
1,2,100,10,5,0.053691000000071654,183.6364450000001,N,100
1,2,100,10,5,0.05395799999951123,49.09627599999931,N,100
1,2,100,10,5,0.052001999999447435,151.37803799999983,N,100
1,1,10,4,2,0.0005419999997684499,0.00019799999972747173,N,12
1,1,10,4,2,0.000525999999808846,0.00010899999961111462,N,11
1,1,10,4,2,0.0005710000004910398,9.000000045489287e-05,N,12
1,1,10,4,2,0.0005300000002534944,9.099999988393392e-05,N,12
1,1,10,4,2,0.0005600000004051253,0.00012999999944440788,N,11
1,1,10,4,2,0.0005700000001525041,0.00012599999990925426,N,11
1,1,10,4,2,0.0005069999997431296,0.00010000000020227162,N,11
1,1,10,4,2,0.0005229999997027335,8.50000005812035e-05,N,12
1,1,10,4,2,0.0005139999993843958,8.400000024266774e-05,N,10
1,1,10,4,2,0.0005510000000867876,0.00012000000060652383,N,11
1,1,20,5,3,0.0013069999995423132,0.00022199999966687756,N,15
1,1,20,5,3,0.0013429999999061693,0.00010800000018207356,N,15
1,1,20,5,3,0.0014389999996637926,0.00036499999987427145,N,15
1,1,20,5,3,0.0014520000004267786,0.0005320000000210712,N,15
1,1,20,5,3,0.0015170000006037299,0.0002609999992273515,N,15
1,1,20,5,3,0.0015009999997346313,0.00012100000003556488,N,15
1,1,20,5,3,0.0014739999996891129,0.00011999999969702912,N,14
1,1,20,5,3,0.0014810000002398738,0.00022600000011152588,N,15
1,1,20,5,3,0.0015749999993204256,7.80000000304426e-05,N,15
1,1,20,5,3,0.0015170000006037299,0.00023500000042986358,N,14
1,1,30,6,3,0.0034000000005107722,0.0006949999997232226,N,24
1,1,30,6,3,0.003412000000025728,0.0037120000006325427,N,23
1,1,30,6,3,0.0037140000004001195,0.0008350000007339986,N,24
1,1,30,6,3,0.003972999999859894,0.0006799999991926597,N,24
1,1,30,6,3,0.0036680000002888846,0.0005830000000059954,N,24
1,1,30,6,3,0.005165000000488362,0.000661999999465479,N,23
1,1,30,6,3,0.0046469999997498235,0.0004460000000108266,N,24
1,1,30,6,3,0.002981999999974505,0.0006350000003294554,N,24
1,1,30,6,3,0.00423899999987043,0.0008900000002540764,N,24
1,1,30,6,3,0.0032330000003639725,0.0008969999998953426,N,24
1,1,40,7,4,0.005546999999751279,0.0008040000002438319,N,28
1,1,40,7,4,0.004981999999472464,0.0017629999993005185,N,28
1,1,40,7,4,0.005476000000271597,0.0012200000001030276,N,28
1,1,40,7,4,0.008629999999357096,0.001524999999674037,N,28
1,1,40,7,4,0.005769999999756692,0.0017400000006091432,N,28
1,1,40,7,4,0.005860000000211585,0.0017039999993357924,N,28
1,1,40,7,4,0.006094000000302913,0.001299999999901047,N,28
1,1,40,7,4,0.006221000000550703,0.0011150000000270666,N,28
1,1,40,7,4,0.006229999999959546,0.0015300000004572212,N,28
1,1,40,7,4,0.005799999999908323,0.0008659999994051759,N,28
1,1,50,8,4,0.00889900000038324,0.008988000000499596,N,32
1,1,50,8,4,0.007053000000269094,0.007897999999840977,N,32
1,1,50,8,4,0.008203999999750522,0.007688000000598549,N,32
1,1,50,8,4,0.008845000000292202,0.00362799999948038,N,32
1,1,50,8,4,0.008226999999351392,0.007149000000026717,N,32
1,1,50,8,4,0.0074620000004870235,0.002883000000110769,N,32
1,1,50,8,4,0.007322000000385742,0.005673000000570028,N,32
1,1,50,8,4,0.006878000000142492,0.0052479999994829996,N,32
1,1,50,8,4,0.00865200000043842,0.004613000000063039,N,32
1,1,50,8,4,0.008146000000124332,0.009141000000454369,N,32
1,1,60,8,4,0.01157599999987724,0.0011830000003101304,N,40
1,1,60,8,4,0.012889999999970314,0.005162999999811291,N,40
1,1,60,8,4,0.011960000000726723,0.016891000000214262,N,40
1,1,60,8,4,0.01122899999973015,0.0016779999996288097,N,40
1,1,60,8,4,0.011234999999942374,0.03666200000043318,N,40
1,1,60,8,4,0.010570000000370783,0.00367999999980384,N,40
1,1,60,8,4,0.011277999999947497,0.002989999999954307,N,40
1,1,60,8,4,0.01161099999990256,0.041568999999981315,N,40
1,1,60,8,4,0.012133000000176253,0.001960000000508444,N,40
1,1,60,8,4,0.011413000000175089,0.0013150000004316098,N,40
1,1,70,9,5,0.017034999999850697,0.012360000000626314,N,45
1,1,70,9,5,0.015507000000070548,0.009763000000020838,N,45
1,1,70,9,5,0.016199000000597152,0.0017690000004222384,N,45
1,1,70,9,5,0.0160040000000663,0.002448999999614898,N,45
1,1,70,9,5,0.016654000000016822,0.05616199999985838,N,45
1,1,70,9,5,0.015390999999908672,0.00311500000043452,N,45
1,1,70,9,5,0.016626000000542263,0.021827999999914027,N,45
1,1,70,9,5,0.01732499999980064,0.0018440000003465684,N,45
1,1,70,9,5,0.01782299999922543,0.0034880000002885936,N,44
1,1,70,9,5,0.014847000000372645,0.029020999999374908,N,45
1,1,80,9,5,0.018092000000251574,0.0031200000003082096,N,45
1,1,80,9,5,0.01940400000057707,0.023102999999537133,N,45
1,1,80,9,5,0.02136400000017602,0.011089999999967404,N,45
1,1,80,9,5,0.018731000000116182,0.007383999999547086,N,45
1,1,80,9,5,0.020104000000173983,0.006578999999874213,N,45
1,1,80,9,5,0.025697999999465537,0.004312000000027183,N,45
1,1,80,9,5,0.02439799999956449,0.0035069999994448153,N,45
1,1,80,9,5,0.02093299999978626,0.00470599999971455,N,45
1,1,80,9,5,0.018460000000231958,0.02130200000010518,N,45
1,1,80,9,5,0.020569999999679567,0.00713499999983469,N,45
1,1,90,10,5,0.02480600000035338,0.01718299999993178,N,50
1,1,90,10,5,0.02569500000026892,0.07294399999955203,N,50
1,1,90,10,5,0.026654999999664142,0.008244999999988067,N,50
1,1,90,10,5,0.026555999999800406,0.007320999999137712,N,50
1,1,90,10,5,0.023030999999718915,0.0031520000002274173,N,50
1,1,90,10,5,0.023048999999446096,0.015059000000292144,N,50
1,1,90,10,5,0.02399599999989732,0.10745399999996152,N,50
1,1,90,10,5,0.022503000000142492,0.0065380000005461625,N,50
1,1,90,10,5,0.024905000000217115,0.0063890000001265435,N,50
1,1,90,10,5,0.022940999999264022,0.015913000000182365,N,50
1,1,100,10,5,0.028328999999757798,0.01832300000023679,N,50
1,1,100,10,5,0.033755000000383006,0.1394140000002153,N,50
1,1,100,10,5,0.03165400000034424,0.1296569999994972,N,50
1,1,100,10,5,0.02776999999969121,0.020112000000153785,N,50
1,1,100,10,5,0.028823999999985972,0.004944000000250526,N,50
1,1,100,10,5,0.02883899999960704,0.014503000000331667,N,50
1,1,100,10,5,0.030764999999519205,0.025012000000060652,N,50
1,1,100,10,5,0.029032999999799358,0.008880999999746564,N,50
1,1,100,10,5,0.031243000000358734,0.01576199999999517,N,50
1,1,100,10,5,0.029878000000280736,0.02362600000014936,N,50
