c,d,n,k,r,gen_time,solve_time,valid,sel_len
12,12,100,10,5,1.1958575248718262,0.024696826934814453,Y,3812
12,12,100,10,5,2.359781503677368,0.05261373519897461,Y,3805
12,12,100,10,5,1.5749304294586182,0.03803682327270508,Y,3808
12,12,100,10,5,1.2234022617340088,0.024369478225708008,Y,3795
12,12,100,10,5,1.4253041744232178,0.03263354301452637,Y,3816
12,12,100,10,5,1.3401870727539062,0.030618667602539062,Y,3835
12,12,100,10,5,1.3054533004760742,0.031155109405517578,Y,3833
12,12,100,10,5,1.3588430881500244,0.02942180633544922,Y,3821
12,12,100,10,5,1.2855303287506104,0.03818988800048828,Y,3800
12,12,100,10,5,1.288571834564209,0.029092073440551758,Y,3814
12,12,200,15,8,5.815683603286743,0.3686797618865967,Y,7738
12,12,200,15,8,6.022346496582031,0.3277878761291504,Y,7750
12,12,200,15,8,6.075766086578369,0.3529627323150635,Y,7747
12,12,200,15,8,6.1407928466796875,0.3151051998138428,Y,7702
12,12,200,15,8,6.2219555377960205,0.4157848358154297,Y,7748
12,12,200,15,8,6.287073135375977,0.4833979606628418,Y,7780
12,12,200,15,8,6.295223951339722,0.3994412422180176,Y,7777
12,12,200,15,8,6.353890895843506,0.3561980724334717,Y,7676
12,12,200,15,8,6.331740856170654,0.3853480815887451,Y,7738
12,12,200,15,8,6.345163106918335,0.4125525951385498,Y,7726
12,12,300,18,9,15.097681283950806,0.7349109649658203,Y,11167
12,12,300,18,9,15.117159605026245,0.7288129329681396,Y,11200
12,12,300,18,9,15.158921480178833,0.7231202125549316,Y,11164
12,12,300,18,9,15.133113861083984,0.8901612758636475,Y,11161
12,12,300,18,9,15.234036207199097,0.7233071327209473,Y,11152
12,12,300,18,9,15.263345718383789,0.7191002368927002,Y,11253
12,12,300,18,9,15.147246837615967,0.7902607917785645,Y,11171
12,12,300,18,9,15.244457960128784,0.8119513988494873,Y,11210
12,12,300,18,9,15.324424982070923,0.9175746440887451,Y,11228
12,12,300,18,9,15.150224685668945,0.8009443283081055,Y,11148
12,12,400,20,10,27.486114025115967,1.3660051822662354,Y,14074
12,12,400,20,10,27.31522226333618,1.2156341075897217,Y,14041
12,12,400,20,10,27.3815655708313,1.3346362113952637,Y,14017
12,12,400,20,10,27.22424840927124,1.2882513999938965,Y,14061
12,12,400,20,10,27.456597805023193,1.3289237022399902,Y,14016
12,12,400,20,10,27.330397844314575,1.1113991737365723,Y,13953
12,12,400,20,10,26.996561288833618,1.2688703536987305,Y,13998
12,12,400,20,10,26.872936010360718,1.3356726169586182,Y,13954
12,12,400,20,10,26.839468240737915,1.3755302429199219,Y,14100
12,12,400,20,10,26.666773796081543,1.2245335578918457,Y,14025
12,12,500,23,12,42.871660232543945,2.2903809547424316,Y,17359
12,12,500,23,12,42.909860134124756,2.562702178955078,Y,17368
12,12,500,23,12,42.87084484100342,2.566823959350586,Y,17266
12,12,500,23,12,42.820738554000854,2.484769821166992,Y,17313
12,12,500,23,12,42.84580135345459,2.3991892337799072,Y,17376
12,12,500,23,12,42.808982849121094,2.4055280685424805,Y,17333
12,12,500,23,12,42.790075063705444,2.517228364944458,Y,17253
12,12,500,23,12,42.91108059883118,2.460811138153076,Y,17354
12,12,500,23,12,42.76080393791199,2.378814935684204,Y,17415
12,12,500,23,12,42.76900029182434,2.183734178543091,Y,17301
12,8,100,10,5,0.9474668502807617,0.04089546203613281,Y,2489
12,8,100,10,5,0.9289758205413818,0.028327226638793945,Y,2496
12,8,100,10,5,0.9702527523040771,0.03141140937805176,Y,2515
12,8,100,10,5,0.9605281352996826,0.032418251037597656,Y,2537
12,8,100,10,5,0.9384262561798096,0.027158737182617188,Y,2484
12,8,100,10,5,0.922236442565918,0.031430721282958984,Y,2495
12,8,100,10,5,0.9359686374664307,0.03771400451660156,Y,2482
12,8,100,10,5,0.927553653717041,0.033095598220825195,Y,2496
12,8,100,10,5,0.9747660160064697,0.03361177444458008,Y,2541
12,8,100,10,5,0.9546444416046143,0.031676530838012695,Y,2528
12,8,200,15,8,4.3162925243377686,0.4084467887878418,Y,5200
12,8,200,15,8,4.278392791748047,0.4080240726470947,Y,5175
12,8,200,15,8,4.318174839019775,0.3631861209869385,Y,5170
12,8,200,15,8,4.24937891960144,0.33704710006713867,Y,5144
12,8,200,15,8,4.288002967834473,0.2725362777709961,Y,5197
12,8,200,15,8,4.301352024078369,0.32778429985046387,Y,5215
12,8,200,15,8,4.228347301483154,0.358320951461792,Y,5226
12,8,200,15,8,4.308789253234863,0.5038862228393555,Y,5204
12,8,200,15,8,4.309421062469482,0.41222572326660156,Y,5156
12,8,200,15,8,4.29907488822937,0.45949673652648926,Y,5192
12,8,300,18,9,9.970643758773804,0.6507833003997803,Y,7484
12,8,300,18,9,9.902727365493774,0.7175440788269043,Y,7502
12,8,300,18,9,9.970428705215454,0.8329603672027588,Y,7436
12,8,300,18,9,9.88324522972107,0.7821133136749268,Y,7436
12,8,300,18,9,9.934572219848633,0.7037410736083984,Y,7407
12,8,300,18,9,9.952393293380737,0.7411797046661377,Y,7470
12,8,300,18,9,9.943540334701538,0.7931790351867676,Y,7448
12,8,300,18,9,9.932209014892578,0.7373278141021729,Y,7440
12,8,300,18,9,9.920418739318848,0.8063690662384033,Y,7432
12,8,300,18,9,9.972252368927002,0.6579961776733398,Y,7507
12,8,400,20,10,17.8895902633667,1.2942187786102295,Y,9375
12,8,400,20,10,17.88593292236328,1.1433541774749756,Y,9391
12,8,400,20,10,17.79033136367798,1.2184841632843018,Y,9329
12,8,400,20,10,17.875232696533203,1.3661673069000244,Y,9301
12,8,400,20,10,17.918519258499146,1.388784646987915,Y,9329
12,8,400,20,10,17.796420574188232,1.3117339611053467,Y,9360
12,8,400,20,10,17.776854753494263,1.6383588314056396,Y,9332
12,8,400,20,10,17.958226680755615,1.3619816303253174,Y,9344
12,8,400,20,10,17.919559955596924,1.2791221141815186,Y,9343
12,8,400,20,10,17.833072185516357,1.2244625091552734,Y,9320
12,8,500,23,12,28.641901969909668,2.462420701980591,Y,11591
12,8,500,23,12,28.641000032424927,2.509852886199951,Y,11540
12,8,500,23,12,28.680439472198486,2.679309844970703,Y,11593
12,8,500,23,12,28.61998701095581,2.41287899017334,Y,11527
12,8,500,23,12,28.641271829605103,2.140839099884033,Y,11609
12,8,500,23,12,28.50597643852234,2.5259358882904053,Y,11540
12,8,500,23,12,28.82787013053894,2.1845948696136475,Y,11555
12,8,500,23,12,28.729655265808105,2.4192698001861572,Y,11539
12,8,500,23,12,28.911707878112793,2.5202510356903076,Y,11551
12,8,500,23,12,28.75153613090515,2.329989194869995,Y,11567
12,4,100,10,5,0.4953141212463379,0.04105210304260254,Y,1297
12,4,100,10,5,0.5239522457122803,0.04020524024963379,Y,1298
12,4,100,10,5,0.48842620849609375,0.02911972999572754,Y,1285
12,4,100,10,5,0.4960057735443115,0.02581930160522461,Y,1292
12,4,100,10,5,0.48793721199035645,0.03431081771850586,Y,1305
12,4,100,10,5,0.5004239082336426,0.04048418998718262,Y,1274
12,4,100,10,5,0.4898819923400879,0.03537440299987793,Y,1282
12,4,100,10,5,0.4970886707305908,0.027957916259765625,Y,1310
12,4,100,10,5,0.492220401763916,0.031046390533447266,Y,1286
12,4,100,10,5,0.49465036392211914,0.032689809799194336,Y,1292
12,4,200,15,8,2.2412188053131104,0.36942458152770996,Y,2673
12,4,200,15,8,2.219538927078247,0.4180901050567627,Y,2663
12,4,200,15,8,2.2522802352905273,0.3145456314086914,Y,2673
12,4,200,15,8,2.1891281604766846,0.3789398670196533,Y,2632
12,4,200,15,8,2.216630697250366,0.3710346221923828,Y,2681
12,4,200,15,8,2.2023370265960693,0.4467599391937256,Y,2635
12,4,200,15,8,2.237117052078247,0.39961886405944824,Y,2606
12,4,200,15,8,2.2378220558166504,0.46300411224365234,Y,2678
12,4,200,15,8,2.214168071746826,0.38654470443725586,Y,2629
12,4,200,15,8,2.269390821456909,0.4266326427459717,Y,2661
12,4,300,18,9,5.085690021514893,0.7471020221710205,Y,3724
12,4,300,18,9,5.295980215072632,0.7230837345123291,Y,3734
12,4,300,18,9,5.157418966293335,0.7130489349365234,Y,3718
12,4,300,18,9,5.110385417938232,0.6935961246490479,Y,3770
12,4,300,18,9,5.092987537384033,0.6789536476135254,Y,3708
12,4,300,18,9,5.102318525314331,0.6766443252563477,Y,3751
12,4,300,18,9,5.121078968048096,0.6614248752593994,Y,3723
12,4,300,18,9,5.058712005615234,0.7226717472076416,Y,3706
12,4,300,18,9,5.083704948425293,0.7698218822479248,Y,3733
12,4,300,18,9,5.048576354980469,0.5998842716217041,Y,3724
12,4,400,20,10,9.10328221321106,1.7179067134857178,Y,4688
12,4,400,20,10,9.103520154953003,1.373711109161377,Y,4665
12,4,400,20,10,9.144948244094849,1.9326293468475342,Y,4674
12,4,400,20,10,9.13061237335205,1.5178797245025635,Y,4646
12,4,400,20,10,9.080467700958252,1.6352133750915527,Y,4671
12,4,400,20,10,9.138044357299805,1.9115996360778809,Y,4693
12,4,400,20,10,9.138374328613281,1.695207118988037,Y,4674
12,4,400,20,10,9.05545973777771,1.2792460918426514,Y,4671
12,4,400,20,10,9.061069011688232,1.2162725925445557,Y,4691
12,4,400,20,10,9.222084045410156,1.7083466053009033,Y,4691
12,4,500,23,12,14.500838041305542,2.7140581607818604,Y,5810
12,4,500,23,12,14.478190422058105,2.709439754486084,Y,5783
12,4,500,23,12,14.585261344909668,3.1629581451416016,Y,5773
12,4,500,23,12,14.509223222732544,2.8408401012420654,Y,5784
12,4,500,23,12,14.493793249130249,2.9333243370056152,Y,5759
12,4,500,23,12,14.59413480758667,2.7093653678894043,Y,5813
12,4,500,23,12,14.478587865829468,2.9372456073760986,Y,5731
12,4,500,23,12,14.572325944900513,3.3662405014038086,Y,5752
12,4,500,23,12,14.498770475387573,3.0726277828216553,Y,5767
12,4,500,23,12,14.631074905395508,2.788933277130127,Y,5808
8,8,100,10,5,0.895042896270752,0.03495645523071289,Y,2114
8,8,100,10,5,0.8921604156494141,0.04079580307006836,Y,2110
8,8,100,10,5,0.9172098636627197,0.04602670669555664,Y,2171
8,8,100,10,5,0.8907256126403809,0.03554940223693848,Y,2131
8,8,100,10,5,0.8755192756652832,0.040792226791381836,Y,2113
8,8,100,10,5,0.8893229961395264,0.04566812515258789,Y,2136
8,8,100,10,5,0.9000027179718018,0.05116915702819824,Y,2160
8,8,100,10,5,0.8820667266845703,0.03820061683654785,Y,2138
8,8,100,10,5,0.8919644355773926,0.042754173278808594,Y,2134
8,8,100,10,5,0.889554500579834,0.04061388969421387,Y,2102
8,8,200,15,8,4.072336196899414,0.34055209159851074,Y,4210
8,8,200,15,8,4.034778118133545,0.44490814208984375,Y,4208
8,8,200,15,8,4.015069484710693,0.5666294097900391,Y,4165
8,8,200,15,8,4.070167779922485,0.35932374000549316,Y,4181
8,8,200,15,8,4.035844802856445,0.4481053352355957,Y,4188
8,8,200,15,8,4.0409626960754395,0.5057947635650635,Y,4186
8,8,200,15,8,4.038495063781738,0.5002892017364502,Y,4183
8,8,200,15,8,4.040261745452881,0.4911055564880371,Y,4174
8,8,200,15,8,3.9980125427246094,0.3365657329559326,Y,4188
8,8,200,15,8,4.041101694107056,0.39339184761047363,Y,4214
8,8,300,18,9,9.329729795455933,0.6520488262176514,Y,5800
8,8,300,18,9,9.301990032196045,1.0373401641845703,Y,5802
8,8,300,18,9,9.307152032852173,0.7155711650848389,Y,5805
8,8,300,18,9,9.327370405197144,0.776681661605835,Y,5865
8,8,300,18,9,9.35041332244873,0.7821459770202637,Y,5792
8,8,300,18,9,9.344853639602661,0.7326457500457764,Y,5781
8,8,300,18,9,9.327497959136963,0.8979101181030273,Y,5805
8,8,300,18,9,9.357896566390991,0.7169070243835449,Y,5813
8,8,300,18,9,9.325963973999023,0.7165181636810303,Y,5804
8,8,300,18,9,9.371160984039307,0.942976713180542,Y,5798
8,8,400,20,10,16.798171043395996,1.9330964088439941,Y,7036
8,8,400,20,10,16.66206669807434,1.492084264755249,Y,7032
8,8,400,20,10,16.745672702789307,2.122990131378174,Y,7092
8,8,400,20,10,16.670520067214966,2.247938871383667,Y,7033
8,8,400,20,10,16.641186475753784,1.9722683429718018,Y,7065
8,8,400,20,10,16.711862802505493,1.8379757404327393,Y,7084
8,8,400,20,10,16.627187967300415,2.2469682693481445,Y,7018
8,8,400,20,10,16.75181794166565,1.9443185329437256,Y,7077
8,8,400,20,10,16.612168312072754,2.1000616550445557,Y,7052
8,8,400,20,10,16.6390278339386,1.8806767463684082,Y,7018
8,8,500,23,12,26.603516817092896,4.123848915100098,Y,8616
8,8,500,23,12,26.7118980884552,4.788204193115234,Y,8610
8,8,500,23,12,26.654634714126587,4.672837734222412,Y,8579
8,8,500,23,12,26.620952129364014,4.13271427154541,Y,8622
8,8,500,23,12,26.6769380569458,4.453195333480835,Y,8606
8,8,500,23,12,26.72435760498047,4.046289682388306,Y,8603
8,8,500,23,12,26.656720399856567,3.8711659908294678,Y,8596
8,8,500,23,12,26.645899534225464,4.0716471672058105,Y,8559
8,8,500,23,12,26.59371328353882,3.7250096797943115,Y,8575
8,8,500,23,12,26.698405027389526,4.160500526428223,Y,8639
8,4,100,10,5,0.4727320671081543,0.03646993637084961,Y,1083
8,4,100,10,5,0.490675687789917,0.03174734115600586,Y,1089
8,4,100,10,5,0.47522521018981934,0.03211832046508789,Y,1094
8,4,100,10,5,0.474945068359375,0.04143357276916504,Y,1095
8,4,100,10,5,0.4835784435272217,0.047025203704833984,Y,1081
8,4,100,10,5,0.47576284408569336,0.04430842399597168,Y,1086
8,4,100,10,5,0.4786107540130615,0.03621172904968262,Y,1102
8,4,100,10,5,0.4687666893005371,0.04792189598083496,Y,1096
8,4,100,10,5,0.4894571304321289,0.03993511199951172,Y,1085
8,4,100,10,5,0.4688680171966553,0.03938794136047363,Y,1090
8,4,200,15,8,2.120971202850342,0.3924674987792969,Y,2139
8,4,200,15,8,2.1084582805633545,0.46016788482666016,Y,2134
8,4,200,15,8,2.1002819538116455,0.44913458824157715,Y,2161
8,4,200,15,8,2.104539155960083,0.42781567573547363,Y,2134
8,4,200,15,8,2.108354330062866,0.44765567779541016,Y,2150
8,4,200,15,8,2.0777080059051514,0.4838390350341797,Y,2135
8,4,200,15,8,2.1204400062561035,0.4616222381591797,Y,2114
8,4,200,15,8,2.0968072414398193,0.428149938583374,Y,2136
8,4,200,15,8,2.1407344341278076,0.42525434494018555,Y,2173
8,4,200,15,8,2.092564105987549,0.47064781188964844,Y,2138
8,4,300,18,9,5.2107765674591064,1.6019141674041748,Y,2896
8,4,300,18,9,4.906894207000732,1.4514272212982178,Y,2912
8,4,300,18,9,4.796356201171875,1.6576151847839355,Y,2928
8,4,300,18,9,4.764935255050659,1.979614019393921,Y,2907
8,4,300,18,9,4.74984884262085,1.6994295120239258,Y,2930
8,4,300,18,9,4.7814483642578125,1.9423060417175293,Y,2889
8,4,300,18,9,4.766926288604736,1.799069881439209,Y,2883
8,4,300,18,9,4.770581960678101,1.27140474319458,Y,2902
8,4,300,18,9,4.777263402938843,1.1822690963745117,Y,2910
8,4,300,18,9,4.746460437774658,1.404083490371704,Y,2913
8,4,400,20,10,8.517972946166992,5.955987215042114,Y,3529
8,4,400,20,10,8.524882555007935,6.706517934799194,Y,3518
8,4,400,20,10,8.471318483352661,3.5965356826782227,Y,3539
8,4,400,20,10,8.516590118408203,7.64335036277771,Y,3511
8,4,400,20,10,8.518512725830078,5.2942774295806885,Y,3549
8,4,400,20,10,8.51616621017456,7.017906904220581,Y,3523
8,4,400,20,10,8.55073070526123,4.874956846237183,Y,3538
8,4,400,20,10,8.594099283218384,6.031418800354004,Y,3529
8,4,400,20,10,8.518598079681396,5.880250692367554,Y,3535
8,4,400,20,10,8.489173173904419,4.600537061691284,Y,3549
8,4,500,23,12,13.5862877368927,15.630738496780396,Y,4295
8,4,500,23,12,13.58410906791687,16.605188846588135,Y,4303
8,4,500,23,12,13.618818044662476,15.120346784591675,Y,4296
8,4,500,23,12,13.573365926742554,14.90333366394043,Y,4297
8,4,500,23,12,13.58974289894104,16.938647985458374,Y,4297
8,4,500,23,12,13.568283557891846,16.171628713607788,Y,4295
8,4,500,23,12,13.532755613327026,14.64089822769165,Y,4305
8,4,500,23,12,13.502344846725464,16.098828554153442,Y,4298
8,4,500,23,12,13.657575130462646,16.487632751464844,Y,4296
8,4,500,23,12,13.549659252166748,16.571853399276733,Y,4291
4,4,100,10,5,0.43387603759765625,0.14123249053955078,Y,700
4,4,100,10,5,0.41568899154663086,0.22801685333251953,Y,701
4,4,100,10,5,0.4210398197174072,0.16740775108337402,Y,694
4,4,100,10,5,0.4175879955291748,0.12200617790222168,Y,708
4,4,100,10,5,0.43779683113098145,0.11884713172912598,Y,697
4,4,100,10,5,0.41422080993652344,0.13720226287841797,Y,708
4,4,100,10,5,0.41280388832092285,0.1430811882019043,Y,696
4,4,100,10,5,0.4237525463104248,0.2620089054107666,Y,684
4,4,100,10,5,0.4717850685119629,0.19203877449035645,Y,711
4,4,100,10,5,0.4376053810119629,0.18636488914489746,Y,698
4,4,200,15,8,1.8248634338378906,7.428346157073975,Y,1270
4,4,200,15,8,1.8682138919830322,7.106005907058716,Y,1273
4,4,200,15,8,1.8166236877441406,7.619405508041382,Y,1270
4,4,200,15,8,1.8209006786346436,7.184488773345947,Y,1278
4,4,200,15,8,1.8036596775054932,7.138199090957642,Y,1278
4,4,200,15,8,1.833798885345459,7.673129081726074,Y,1266
4,4,200,15,8,1.829030990600586,6.965193271636963,Y,1277
4,4,200,15,8,1.8021059036254883,5.768035173416138,Y,1281
4,4,200,15,8,1.8153347969055176,7.656317234039307,Y,1278
4,4,200,15,8,1.7958762645721436,6.106473922729492,Y,1274
4,4,300,18,9,4.122947931289673,45.57672166824341,Y,1629
4,4,300,18,9,4.106646299362183,58.76409697532654,Y,1626
4,4,300,18,9,4.155530691146851,49.91101884841919,Y,1630
4,4,300,18,9,4.115407705307007,46.071446895599365,Y,1631
4,4,300,18,9,4.104603052139282,46.91309070587158,Y,1628
4,4,300,18,9,4.146526098251343,46.16125702857971,Y,1640
4,4,300,18,9,4.1168107986450195,54.46300196647644,Y,1626
4,4,300,18,9,4.129199743270874,46.30988883972168,Y,1626
4,4,300,18,9,4.129873991012573,50.72457718849182,Y,1640
4,4,300,18,9,4.135369062423706,43.97539281845093,Y,1638
4,4,400,20,10,-999,-999,F,-999
4,4,500,23,12,-999,-999,F,-999

2,3,10,4,2,0.002458333969116211,0.00015997886657714844,Y,45
2,3,10,4,2,0.002275705337524414,0.00010943412780761719,Y,41
2,3,10,4,2,0.0021986961364746094,0.00010085105895996094,Y,42
2,3,10,4,2,0.002443075180053711,0.0001220703125,Y,38
2,3,10,4,2,0.0024487972259521484,0.0001456737518310547,Y,42
2,3,10,4,2,0.0028171539306640625,0.00015425682067871094,Y,40
2,3,10,4,2,0.0028846263885498047,0.00017333030700683594,Y,43
2,3,10,4,2,0.0025510787963867188,0.0001499652862548828,Y,36
2,3,10,4,2,0.0023729801177978516,0.00011682510375976562,Y,40
2,3,10,4,2,0.0023725032806396484,0.00011897087097167969,Y,40
2,3,10,4,2,0.005594968795776367,0.00036716461181640625,Y,41
2,3,10,4,2,0.005018949508666992,0.00024890899658203125,Y,42
2,3,10,4,2,0.002981901168823242,0.00017118453979492188,Y,41
2,3,10,4,2,0.004686832427978516,0.00018715858459472656,Y,45
2,3,10,4,2,0.002510547637939453,0.000125885009765625,Y,35
2,3,10,4,2,0.0024657249450683594,0.00012063980102539062,Y,39
2,3,10,4,2,0.004898548126220703,0.00027942657470703125,Y,40
2,3,10,4,2,0.0025582313537597656,0.00014519691467285156,Y,41
2,3,10,4,2,0.0038819313049316406,0.0002205371856689453,Y,42
2,3,10,4,2,0.002737760543823242,0.00013184547424316406,Y,43
2,3,20,5,3,0.009799957275390625,0.0009319782257080078,Y,81
2,3,20,5,3,0.00876927375793457,0.0012097358703613281,Y,78
2,3,20,5,3,0.009076833724975586,0.0010390281677246094,Y,83
2,3,20,5,3,0.010650157928466797,0.0015957355499267578,Y,79
2,3,20,5,3,0.008473873138427734,0.0011179447174072266,Y,78
2,3,20,5,3,0.009313583374023438,0.001215219497680664,Y,79
2,3,20,5,3,0.008800983428955078,0.0013346672058105469,Y,77
2,3,20,5,3,0.00748753547668457,0.0010364055633544922,Y,79
2,3,20,5,3,0.008714914321899414,0.0009379386901855469,Y,77
2,3,20,5,3,0.0071868896484375,0.0009701251983642578,Y,77
2,3,20,5,3,0.007695674896240234,0.0010056495666503906,Y,79
2,3,20,5,3,0.0073566436767578125,0.0007660388946533203,Y,82
2,3,20,5,3,0.0074462890625,0.0009748935699462891,Y,80
2,3,20,5,3,0.007218122482299805,0.0009236335754394531,Y,80
2,3,20,5,3,0.007618904113769531,0.0012869834899902344,Y,82
2,3,20,5,3,0.0070607662200927734,0.0008118152618408203,Y,81
2,3,20,5,3,0.007524728775024414,0.0009942054748535156,Y,77
2,3,20,5,3,0.007012844085693359,0.0008718967437744141,Y,79
2,3,20,5,3,0.007827997207641602,0.0010271072387695312,Y,79
2,3,20,5,3,0.007337808609008789,0.0009837150573730469,Y,79
2,3,30,6,3,0.018266916275024414,0.002109050750732422,Y,122
2,3,30,6,3,0.01881718635559082,0.0028040409088134766,Y,124
2,3,30,6,3,0.0208740234375,0.0027387142181396484,Y,121
2,3,30,6,3,0.019026756286621094,0.0028853416442871094,Y,122
2,3,30,6,3,0.016744375228881836,0.002081155776977539,Y,124
2,3,30,6,3,0.017300844192504883,0.0025780200958251953,Y,124
2,3,30,6,3,0.017180204391479492,0.0022432804107666016,Y,115
2,3,30,6,3,0.021156787872314453,0.0038628578186035156,Y,118
2,3,30,6,3,0.01772618293762207,0.002690553665161133,Y,125
2,3,30,6,3,0.017395496368408203,0.002154111862182617,Y,124
2,3,30,6,3,0.01653575897216797,0.002074003219604492,Y,120
2,3,30,6,3,0.017607927322387695,0.002189159393310547,Y,126
2,3,30,6,3,0.016817808151245117,0.0022177696228027344,Y,125
2,3,30,6,3,0.017624855041503906,0.002557992935180664,Y,126
2,3,30,6,3,0.017158031463623047,0.002198457717895508,Y,123
2,3,30,6,3,0.016776561737060547,0.0020291805267333984,Y,126
2,3,30,6,3,0.016737937927246094,0.002141714096069336,Y,124
2,3,30,6,3,0.017452001571655273,0.002651214599609375,Y,124
2,3,30,6,3,0.017095565795898438,0.0024144649505615234,Y,125
2,3,30,6,3,0.016988515853881836,0.0021364688873291016,Y,124
2,3,40,7,4,0.03350090980529785,0.018784046173095703,Y,158
2,3,40,7,4,0.03240609169006348,0.022707700729370117,Y,159
2,3,40,7,4,0.030321836471557617,0.019530057907104492,Y,162
2,3,40,7,4,0.03220415115356445,0.021380901336669922,Y,160
2,3,40,7,4,0.030552148818969727,0.015337467193603516,Y,156
2,3,40,7,4,0.030663013458251953,0.01787424087524414,Y,160
2,3,40,7,4,0.03056478500366211,0.02945256233215332,Y,159
2,3,40,7,4,0.0297238826751709,0.007696866989135742,Y,161
2,3,40,7,4,0.03104090690612793,0.01978611946105957,Y,160
2,3,40,7,4,0.035989999771118164,0.020646333694458008,Y,157
2,3,40,7,4,0.03143000602722168,0.027796030044555664,Y,159
2,3,40,7,4,0.030747175216674805,0.020569324493408203,Y,159
2,3,40,7,4,0.030547142028808594,0.012083053588867188,Y,163
2,3,40,7,4,0.03090524673461914,0.02514505386352539,Y,161
2,3,40,7,4,0.030181169509887695,0.025690317153930664,Y,160
2,3,40,7,4,0.030577898025512695,0.02846693992614746,Y,157
2,3,40,7,4,0.030724287033081055,0.025136947631835938,Y,161
2,3,40,7,4,0.03022170066833496,0.023233890533447266,Y,155
2,3,40,7,4,0.030905961990356445,0.01771092414855957,Y,159
2,3,40,7,4,0.030379772186279297,0.026066064834594727,Y,155
2,3,50,8,4,0.04615330696105957,0.08377361297607422,Y,186
2,3,50,8,4,0.044454097747802734,0.07004690170288086,Y,183
2,3,50,8,4,0.04480242729187012,0.05201411247253418,Y,188
2,3,50,8,4,0.0450131893157959,0.0509486198425293,Y,182
2,3,50,8,4,0.04483389854431152,0.06872153282165527,Y,182
2,3,50,8,4,0.04811668395996094,0.06867289543151855,Y,186
2,3,50,8,4,0.04519224166870117,0.0748450756072998,Y,183
2,3,50,8,4,0.0446019172668457,0.03295707702636719,Y,187
2,3,50,8,4,0.04402017593383789,0.06719613075256348,Y,179
2,3,50,8,4,0.046643733978271484,0.06939697265625,Y,182
2,3,50,8,4,0.05048036575317383,0.05039191246032715,Y,182
2,3,50,8,4,0.0461430549621582,0.05168867111206055,Y,181
2,3,50,8,4,0.046122074127197266,0.043582916259765625,Y,183
2,3,50,8,4,0.04667067527770996,0.05491209030151367,Y,188
2,3,50,8,4,0.04636693000793457,0.04897117614746094,Y,186
2,3,50,8,4,0.047663211822509766,0.05045604705810547,Y,186
2,3,50,8,4,0.049283742904663086,0.07515358924865723,Y,186
2,3,50,8,4,0.04764556884765625,0.060839176177978516,Y,184
2,3,50,8,4,0.04597592353820801,0.054473161697387695,Y,182
2,3,50,8,4,0.04708290100097656,0.05185580253601074,Y,188
2,3,60,8,4,0.07185697555541992,0.20241451263427734,Y,200
2,3,60,8,4,0.06868720054626465,0.16838645935058594,Y,204
2,3,60,8,4,0.06790947914123535,0.18347787857055664,Y,204
2,3,60,8,4,0.0661015510559082,0.22369694709777832,Y,203
2,3,60,8,4,0.07356810569763184,0.1876678466796875,Y,205
2,3,60,8,4,0.07518219947814941,0.1965041160583496,Y,206
2,3,60,8,4,0.06949687004089355,0.2114849090576172,Y,204
2,3,60,8,4,0.0736842155456543,0.20351099967956543,Y,203
2,3,60,8,4,0.06784296035766602,0.21353864669799805,Y,202
2,3,60,8,4,0.06726741790771484,0.19603681564331055,Y,199
2,3,60,8,4,0.07062602043151855,0.09202766418457031,Y,202
2,3,60,8,4,0.0659339427947998,0.19902515411376953,Y,203
2,3,60,8,4,0.0708615779876709,0.19291377067565918,Y,205
2,3,60,8,4,0.0695948600769043,0.2361009120941162,Y,204
2,3,60,8,4,0.07413506507873535,0.20209503173828125,Y,201
2,3,60,8,4,0.06980180740356445,0.2389531135559082,Y,203
2,3,60,8,4,0.07232904434204102,0.18840241432189941,Y,205
2,3,60,8,4,0.07115912437438965,0.16464495658874512,Y,205
2,3,60,8,4,0.07419443130493164,0.20849609375,Y,204
2,3,60,8,4,0.07232928276062012,0.24442315101623535,Y,201
2,3,70,9,5,0.1321103572845459,1.4790534973144531,Y,226
2,3,70,9,5,0.12949347496032715,1.0689845085144043,Y,230
2,3,70,9,5,0.12444567680358887,1.6140201091766357,Y,227
2,3,70,9,5,0.12588787078857422,0.9990403652191162,Y,229
2,3,70,9,5,0.14563345909118652,1.1586339473724365,Y,229
2,3,70,9,5,0.13684487342834473,1.1013987064361572,Y,230
2,3,70,9,5,0.13470149040222168,1.1921963691711426,Y,231
2,3,70,9,5,0.13305878639221191,1.2773869037628174,Y,232
2,3,70,9,5,0.13528895378112793,1.179119348526001,Y,231
2,3,70,9,5,0.13430356979370117,1.1778972148895264,Y,232
2,3,70,9,5,0.1372690200805664,1.1035263538360596,Y,231
2,3,70,9,5,0.13147830963134766,1.1655280590057373,Y,230
2,3,70,9,5,0.13669991493225098,1.146897554397583,Y,229
2,3,70,9,5,0.13129377365112305,1.0814108848571777,Y,228
2,3,70,9,5,0.1333019733428955,1.054788589477539,Y,226
2,3,70,9,5,0.13465547561645508,1.158761978149414,Y,230
2,3,70,9,5,0.14225387573242188,1.1322224140167236,Y,227
2,3,70,9,5,0.14071297645568848,1.0781257152557373,Y,230
2,3,70,9,5,0.1372058391571045,1.0919580459594727,Y,231
2,3,70,9,5,0.1389620304107666,1.0761759281158447,Y,230
2,3,80,9,5,0.18863439559936523,1.9608039855957031,Y,249
2,3,80,9,5,0.22777199745178223,3.403839349746704,Y,252
2,3,80,9,5,0.22375965118408203,4.312063932418823,Y,249
2,3,80,9,5,0.18507671356201172,3.9757065773010254,Y,248
2,3,80,9,5,0.1987895965576172,3.88247013092041,Y,250
2,3,80,9,5,0.19760727882385254,4.036252498626709,Y,248
2,3,80,9,5,0.18555498123168945,4.006577491760254,Y,248
2,3,80,9,5,0.19519734382629395,3.931668281555176,Y,249
2,3,80,9,5,0.19792938232421875,3.310288906097412,Y,249
2,3,80,9,5,0.19582629203796387,3.949037790298462,Y,250
2,3,80,9,5,0.19115138053894043,4.2305638790130615,Y,249
2,3,80,9,5,0.1935720443725586,3.552894353866577,Y,248
2,3,80,9,5,0.1867227554321289,3.6357219219207764,Y,249
2,3,80,9,5,0.20693397521972656,4.4265851974487305,Y,247
2,3,80,9,5,0.1972827911376953,4.360850095748901,Y,250
2,3,80,9,5,0.19698190689086914,3.669340133666992,Y,251
2,3,80,9,5,0.20404720306396484,2.711587905883789,Y,249
2,3,80,9,5,0.190964937210083,4.408786296844482,Y,248
2,3,80,9,5,0.20680809020996094,3.597093343734741,Y,244
2,3,80,9,5,0.20207524299621582,4.202393054962158,Y,251
2,3,90,10,5,0.24519801139831543,4.880984544754028,Y,279
2,3,90,10,5,0.2397921085357666,4.763072490692139,Y,279
2,3,90,10,5,0.2503070831298828,4.449728012084961,Y,277
2,3,90,10,5,0.2531569004058838,5.609895944595337,Y,276
2,3,90,10,5,0.23938465118408203,4.788699150085449,Y,277
2,3,90,10,5,0.24557089805603027,4.306237459182739,Y,277
2,3,90,10,5,0.24861788749694824,4.8709716796875,Y,278
2,3,90,10,5,0.24976491928100586,4.629631042480469,Y,279
2,3,90,10,5,0.24513673782348633,4.545109748840332,Y,277
2,3,90,10,5,0.255504846572876,4.5337793827056885,Y,278
2,3,90,10,5,0.24718475341796875,5.184530019760132,Y,275
2,3,90,10,5,0.2534503936767578,4.904198408126831,Y,277
2,3,90,10,5,0.24131226539611816,4.501081943511963,Y,275
2,3,90,10,5,0.23956847190856934,5.101022005081177,Y,278
2,3,90,10,5,0.24950599670410156,4.930499315261841,Y,278
2,3,90,10,5,0.24602246284484863,4.8778300285339355,Y,278
2,3,90,10,5,0.24116134643554688,5.375373125076294,Y,278
2,3,90,10,5,0.24210286140441895,5.089526176452637,Y,276
2,3,90,10,5,0.2599618434906006,4.8450140953063965,Y,278
2,3,90,10,5,0.2631034851074219,4.745030164718628,Y,276
2,3,100,10,5,0.3243446350097656,11.180234909057617,Y,278
2,3,100,10,5,0.2888152599334717,18.44975256919861,Y,280
2,3,100,10,5,0.30112576484680176,20.58118486404419,Y,279
2,3,100,10,5,0.3092350959777832,19.99265193939209,Y,277
2,3,100,10,5,0.2817416191101074,15.012765645980835,Y,279
2,3,100,10,5,0.3040297031402588,14.64805269241333,Y,277
2,3,100,10,5,0.3005332946777344,7.332911968231201,Y,280
2,3,100,10,5,0.30138611793518066,19.920928955078125,Y,278
2,3,100,10,5,0.2972137928009033,17.509995937347412,Y,278
2,3,100,10,5,0.30575084686279297,21.831648588180542,Y,279
2,3,100,10,5,0.3119161128997803,18.994826078414917,Y,279
2,3,100,10,5,0.2875187397003174,20.195961713790894,Y,279
2,3,100,10,5,0.29108476638793945,19.68893551826477,Y,278
2,3,100,10,5,0.2883169651031494,13.747062683105469,Y,280
2,3,100,10,5,0.2941615581512451,16.88040041923523,Y,278
2,3,100,10,5,0.30809640884399414,16.551936626434326,Y,275
2,3,100,10,5,0.2892739772796631,17.15832543373108,Y,278
2,3,100,10,5,0.28500914573669434,19.155421018600464,Y,278
2,3,100,10,5,0.2906839847564697,13.610889196395874,Y,278
2,3,100,10,5,0.2835996150970459,17.546443939208984,Y,276
2,2,10,4,2,0.0020978450775146484,0.0001201629638671875,Y,33
2,2,10,4,2,0.002049684524536133,0.0001227855682373047,Y,27
2,2,10,4,2,0.0021181106567382812,0.00016498565673828125,Y,29
2,2,10,4,2,0.002123117446899414,0.0001289844512939453,Y,31
2,2,10,4,2,0.002156972885131836,0.00011420249938964844,Y,34
2,2,10,4,2,0.0021169185638427734,0.00011301040649414062,Y,34
2,2,10,4,2,0.0021872520446777344,0.00013208389282226562,Y,31
2,2,10,4,2,0.0019488334655761719,0.0001304149627685547,Y,30
2,2,10,4,2,0.0019779205322265625,0.00011205673217773438,Y,31
2,2,10,4,2,0.00206756591796875,0.00011539459228515625,Y,31
2,2,10,4,2,0.0020661354064941406,0.00011301040649414062,Y,28
2,2,10,4,2,0.0020949840545654297,0.00013327598571777344,Y,26
2,2,10,4,2,0.0021021366119384766,0.00011491775512695312,Y,32
2,2,10,4,2,0.0021429061889648438,0.00011801719665527344,Y,33
2,2,10,4,2,0.0022509098052978516,0.00012493133544921875,Y,31
2,2,10,4,2,0.0040018558502197266,0.0002033710479736328,Y,30
2,2,10,4,2,0.0026397705078125,0.00014495849609375,Y,29
2,2,10,4,2,0.0027141571044921875,0.00014400482177734375,Y,28
2,2,10,4,2,0.0030052661895751953,0.00016808509826660156,Y,28
2,2,10,4,2,0.001986980438232422,0.000110626220703125,Y,30
2,2,20,5,3,0.007020235061645508,0.0011205673217773438,Y,55
2,2,20,5,3,0.0076198577880859375,0.0013685226440429688,Y,52
2,2,20,5,3,0.007755279541015625,0.001669168472290039,Y,51
2,2,20,5,3,0.006756305694580078,0.0009257793426513672,Y,51
2,2,20,5,3,0.007055044174194336,0.001764059066772461,Y,51
2,2,20,5,3,0.008125066757202148,0.0013120174407958984,Y,56
2,2,20,5,3,0.008710145950317383,0.0012359619140625,Y,52
2,2,20,5,3,0.0062139034271240234,0.0012912750244140625,Y,49
2,2,20,5,3,0.006825923919677734,0.0015425682067871094,Y,54
2,2,20,5,3,0.00687718391418457,0.0012862682342529297,Y,53
2,2,20,5,3,0.008574724197387695,0.001508951187133789,Y,54
2,2,20,5,3,0.007124900817871094,0.0016460418701171875,Y,48
2,2,20,5,3,0.00648188591003418,0.0012607574462890625,Y,49
2,2,20,5,3,0.006898641586303711,0.0014367103576660156,Y,52
2,2,20,5,3,0.006833076477050781,0.0012099742889404297,Y,52
2,2,20,5,3,0.006804943084716797,0.0011692047119140625,Y,54
2,2,20,5,3,0.006474971771240234,0.0012292861938476562,Y,52
2,2,20,5,3,0.007437705993652344,0.0014317035675048828,Y,53
2,2,20,5,3,0.007263898849487305,0.0016751289367675781,Y,51
2,2,20,5,3,0.006604194641113281,0.001657247543334961,Y,51
2,2,30,6,3,0.014849424362182617,0.0035393238067626953,Y,76
2,2,30,6,3,0.017325162887573242,0.0032339096069335938,Y,79
2,2,30,6,3,0.014724493026733398,0.0036203861236572266,Y,77
2,2,30,6,3,0.014437198638916016,0.0038459300994873047,Y,77
2,2,30,6,3,0.013099193572998047,0.0026149749755859375,Y,79
2,2,30,6,3,0.013772726058959961,0.0028100013732910156,Y,81
2,2,30,6,3,0.014986991882324219,0.003661632537841797,Y,75
2,2,30,6,3,0.01648998260498047,0.0035619735717773438,Y,80
2,2,30,6,3,0.014707565307617188,0.0034618377685546875,Y,78
2,2,30,6,3,0.01416015625,0.0034182071685791016,Y,78
2,2,30,6,3,0.013203620910644531,0.0027658939361572266,Y,75
2,2,30,6,3,0.013848304748535156,0.0027430057525634766,Y,80
2,2,30,6,3,0.01454782485961914,0.0037207603454589844,Y,75
2,2,30,6,3,0.016121864318847656,0.004018068313598633,Y,79
2,2,30,6,3,0.017682313919067383,0.0034990310668945312,Y,80
2,2,30,6,3,0.013807296752929688,0.0031528472900390625,Y,81
2,2,30,6,3,0.013485193252563477,0.004019975662231445,Y,76
2,2,30,6,3,0.013996601104736328,0.0029838085174560547,Y,78
2,2,30,6,3,0.014663219451904297,0.0038938522338867188,Y,76
2,2,30,6,3,0.01450347900390625,0.003000974655151367,Y,81
2,2,40,7,4,0.026247739791870117,0.052404165267944336,Y,105
2,2,40,7,4,0.024186134338378906,0.05343794822692871,Y,106
2,2,40,7,4,0.0263216495513916,0.031141042709350586,Y,108
2,2,40,7,4,0.028130531311035156,0.04902386665344238,Y,106
2,2,40,7,4,0.028153657913208008,0.05277848243713379,Y,107
2,2,40,7,4,0.027003049850463867,0.04599428176879883,Y,107
2,2,40,7,4,0.026813030242919922,0.06510424613952637,Y,104
2,2,40,7,4,0.026314973831176758,0.05216789245605469,Y,105
2,2,40,7,4,0.025177478790283203,0.04236245155334473,Y,107
2,2,40,7,4,0.026683807373046875,0.060108184814453125,Y,109
2,2,40,7,4,0.026135921478271484,0.038949012756347656,Y,103
2,2,40,7,4,0.026420116424560547,0.04266691207885742,Y,108
2,2,40,7,4,0.02944779396057129,0.06305480003356934,Y,108
2,2,40,7,4,0.025510787963867188,0.04169774055480957,Y,111
2,2,40,7,4,0.02673029899597168,0.027552127838134766,Y,109
2,2,40,7,4,0.024531126022338867,0.06346797943115234,Y,105
2,2,40,7,4,0.02820611000061035,0.044992923736572266,Y,106
2,2,40,7,4,0.026643753051757812,0.05292367935180664,Y,101
2,2,40,7,4,0.028241872787475586,0.05383610725402832,Y,108
2,2,40,7,4,0.02557682991027832,0.050814151763916016,Y,107
2,2,50,8,4,0.039473772048950195,0.12980985641479492,Y,123
2,2,50,8,4,0.03959321975708008,0.09424281120300293,Y,120
2,2,50,8,4,0.03717327117919922,0.11506175994873047,Y,123
2,2,50,8,4,0.04078269004821777,0.1296401023864746,Y,123
2,2,50,8,4,0.042138099670410156,0.1483781337738037,Y,120
2,2,50,8,4,0.03771185874938965,0.10932421684265137,Y,123
2,2,50,8,4,0.04080033302307129,0.10167813301086426,Y,124
2,2,50,8,4,0.04169201850891113,0.15180611610412598,Y,121
2,2,50,8,4,0.0401151180267334,0.1433117389678955,Y,127
2,2,50,8,4,0.03753829002380371,0.15809988975524902,Y,123
2,2,50,8,4,0.036162376403808594,0.12500762939453125,Y,124
2,2,50,8,4,0.03516674041748047,0.16479206085205078,Y,126
2,2,50,8,4,0.0352931022644043,0.12855887413024902,Y,124
2,2,50,8,4,0.039780616760253906,0.1520991325378418,Y,121
2,2,50,8,4,0.03921627998352051,0.13915038108825684,Y,124
2,2,50,8,4,0.04151511192321777,0.1511392593383789,Y,116
2,2,50,8,4,0.04150891304016113,0.131333589553833,Y,121
2,2,50,8,4,0.03949379920959473,0.15038156509399414,Y,125
2,2,50,8,4,0.03998112678527832,0.15128421783447266,Y,122
2,2,50,8,4,0.04139280319213867,0.13959264755249023,Y,122
2,2,60,8,4,0.060625553131103516,0.30044126510620117,Y,141
2,2,60,8,4,0.05961799621582031,0.33965492248535156,Y,141
2,2,60,8,4,0.05491995811462402,0.292816162109375,Y,143
2,2,60,8,4,0.05704212188720703,0.3299069404602051,Y,144
2,2,60,8,4,0.05799698829650879,0.41861391067504883,Y,143
2,2,60,8,4,0.054303884506225586,0.37519049644470215,Y,142
2,2,60,8,4,0.06017303466796875,0.22857332229614258,Y,143
2,2,60,8,4,0.07015109062194824,0.3791077136993408,Y,139
2,2,60,8,4,0.05870556831359863,0.39049673080444336,Y,141
2,2,60,8,4,0.05827927589416504,0.42162179946899414,Y,140
2,2,60,8,4,0.0581362247467041,0.38979220390319824,Y,139
2,2,60,8,4,0.06356143951416016,0.33896303176879883,Y,139
2,2,60,8,4,0.05860495567321777,0.34230899810791016,Y,142
2,2,60,8,4,0.06218528747558594,0.2857067584991455,Y,142
2,2,60,8,4,0.057216644287109375,0.2979545593261719,Y,143
2,2,60,8,4,0.0562436580657959,0.4162609577178955,Y,139
2,2,60,8,4,0.055399179458618164,0.36193108558654785,Y,143
2,2,60,8,4,0.056600093841552734,0.3924267292022705,Y,142
2,2,60,8,4,0.0603179931640625,0.3904416561126709,Y,143
2,2,60,8,4,0.05431699752807617,0.3137495517730713,Y,142
2,2,70,9,5,0.09972310066223145,3.937631368637085,Y,161
2,2,70,9,5,0.0982670783996582,2.1548006534576416,Y,162
2,2,70,9,5,0.10247993469238281,3.501095771789551,Y,160
2,2,70,9,5,0.09778761863708496,2.628340244293213,Y,160
2,2,70,9,5,0.09964203834533691,2.1911675930023193,Y,159
2,2,70,9,5,0.09680747985839844,3.302982807159424,Y,161
2,2,70,9,5,0.09809422492980957,4.030807018280029,Y,158
2,2,70,9,5,0.09380316734313965,3.679736852645874,Y,157
2,2,70,9,5,0.09681916236877441,2.5356149673461914,Y,160
2,2,70,9,5,0.1037149429321289,4.067708253860474,Y,157
2,2,70,9,5,0.10046696662902832,4.017230749130249,Y,159
2,2,70,9,5,0.10160255432128906,3.9809837341308594,Y,158
2,2,70,9,5,0.09835124015808105,3.247387170791626,Y,159
2,2,70,9,5,0.10333704948425293,3.3432037830352783,Y,160
2,2,70,9,5,0.10159492492675781,4.114956855773926,Y,158
2,2,70,9,5,0.10007691383361816,3.0555026531219482,Y,159
2,2,70,9,5,0.09744405746459961,4.0156471729278564,Y,156
2,2,70,9,5,0.09885811805725098,3.6879162788391113,Y,161
2,2,70,9,5,0.09952831268310547,3.7721400260925293,Y,159
2,2,70,9,5,0.0992121696472168,3.563520669937134,Y,158
2,2,80,9,5,0.12032938003540039,12.9421968460083,Y,162
2,2,80,9,5,0.12653231620788574,11.343695163726807,Y,161
2,2,80,9,5,0.12638211250305176,15.103142499923706,Y,161
2,2,80,9,5,0.12340021133422852,7.493732929229736,Y,162
2,2,80,9,5,0.12511992454528809,9.619232892990112,Y,161
2,2,80,9,5,0.12572479248046875,10.006877899169922,Y,160
2,2,80,9,5,0.13320326805114746,15.106955528259277,Y,159
2,2,80,9,5,0.1238400936126709,10.223682880401611,Y,160
2,2,80,9,5,0.12824559211730957,14.197332859039307,Y,159
2,2,80,9,5,0.12926888465881348,11.19292664527893,Y,158
2,2,80,9,5,0.12687110900878906,8.806812763214111,Y,159
2,2,80,9,5,0.1261141300201416,7.901915788650513,Y,161
2,2,80,9,5,0.11924505233764648,14.193854808807373,Y,160
2,2,80,9,5,0.1271660327911377,11.304124116897583,Y,161
2,2,80,9,5,0.12360310554504395,8.991781949996948,Y,161
2,2,80,9,5,0.12144064903259277,11.327937126159668,Y,162
2,2,80,9,5,0.1267712116241455,17.53618812561035,Y,157
2,2,80,9,5,0.12046980857849121,10.820531606674194,Y,161
2,2,80,9,5,0.1283562183380127,12.738929986953735,Y,160
2,2,80,9,5,0.12093496322631836,10.229695796966553,Y,161
2,2,90,10,5,0.1565108299255371,20.539352655410767,Y,178
2,2,90,10,5,0.15523910522460938,24.873469352722168,Y,177
2,2,90,10,5,0.15752506256103516,26.91496729850769,Y,177
2,2,90,10,5,0.16089415550231934,21.794467210769653,Y,178
2,2,90,10,5,0.14832639694213867,20.424519300460815,Y,179
2,2,90,10,5,0.15651893615722656,21.77504324913025,Y,180
2,2,90,10,5,0.1572132110595703,21.23795485496521,Y,179
2,2,90,10,5,0.14962267875671387,18.21348786354065,Y,179
2,2,90,10,5,0.1602778434753418,22.132728099822998,Y,180
2,2,90,10,5,0.1540970802307129,19.007245302200317,Y,179
2,2,90,10,5,0.16437077522277832,18.92940902709961,Y,180
2,2,90,10,5,0.1627674102783203,14.113832235336304,Y,178
2,2,90,10,5,0.14795875549316406,19.82778835296631,Y,178
2,2,90,10,5,0.1626605987548828,16.15436291694641,Y,180
2,2,90,10,5,0.15892624855041504,22.36577010154724,Y,178
2,2,90,10,5,0.16137933731079102,23.351837158203125,Y,180
2,2,90,10,5,0.16190552711486816,19.155435800552368,Y,179
2,2,90,10,5,0.16125082969665527,20.135101795196533,Y,176
2,2,90,10,5,0.1608126163482666,16.652885913848877,Y,179
2,2,90,10,5,0.1668403148651123,21.515902280807495,Y,177
2,2,100,10,5,0.20171022415161133,37.15782856941223,Y,198
2,2,100,10,5,0.21361374855041504,42.297149896621704,Y,199
2,2,100,10,5,0.2005443572998047,82.87160968780518,Y,195
2,2,100,10,5,0.20913195610046387,36.018296003341675,Y,198
2,2,100,10,5,0.214583158493042,41.35669541358948,Y,199
2,2,100,10,5,0.21882343292236328,54.2185697555542,Y,198
2,2,100,10,5,0.19832468032836914,35.045435428619385,Y,200
2,2,100,10,5,0.2000112533569336,53.5047128200531,Y,199
2,2,100,10,5,0.2151036262512207,31.65394401550293,Y,198
2,2,100,10,5,0.2040271759033203,45.639538288116455,Y,199
2,2,100,10,5,0.1990959644317627,46.54837703704834,Y,199
2,2,100,10,5,0.20566892623901367,56.25779056549072,Y,199
2,2,100,10,5,0.21175599098205566,63.76276707649231,Y,199
2,2,100,10,5,0.20290279388427734,59.045081615448,Y,198
2,2,100,10,5,0.2045760154724121,39.17790484428406,Y,198
2,2,100,10,5,0.21383452415466309,47.79409885406494,Y,199
2,2,100,10,5,0.2114424705505371,54.406758069992065,Y,200
2,2,100,10,5,0.21953821182250977,55.206867694854736,Y,199
2,2,100,10,5,0.21557116508483887,66.19714832305908,Y,199
2,2,100,10,5,0.2202925682067871,73.11848521232605,Y,198
2,1,10,4,2,0.0005860328674316406,0.00010180473327636719,N,17
2,1,10,4,2,0.0014052391052246094,0.00011229515075683594,Y,17
2,1,10,4,2,0.0013153553009033203,9.703636169433594e-05,Y,19
2,1,10,4,2,0.0013289451599121094,9.608268737792969e-05,Y,17
2,1,10,4,2,0.0014107227325439453,0.00010967254638671875,Y,17
2,1,10,4,2,0.0013966560363769531,0.00010514259338378906,Y,17
2,1,10,4,2,0.0014221668243408203,0.0001461505889892578,Y,15
2,1,10,4,2,0.0014510154724121094,0.00011086463928222656,Y,18
2,1,10,4,2,0.001466989517211914,0.00010704994201660156,Y,15
2,1,10,4,2,0.0015578269958496094,0.00010776519775390625,Y,20
2,1,10,4,2,0.0011322498321533203,0.00012493133544921875,N,19
2,1,10,4,2,0.0015246868133544922,0.0001251697540283203,Y,19
2,1,10,4,2,0.0015568733215332031,0.00011467933654785156,Y,19
2,1,10,4,2,0.0015919208526611328,0.00011396408081054688,Y,18
2,1,10,4,2,0.0015971660614013672,0.000141143798828125,Y,16
2,1,10,4,2,0.0006508827209472656,0.0001239776611328125,N,17
2,1,10,4,2,0.001646280288696289,0.0001201629638671875,Y,19
2,1,10,4,2,0.0015745162963867188,0.00012135505676269531,Y,16
2,1,10,4,2,0.0016171932220458984,0.00012087821960449219,Y,17
2,1,10,4,2,0.0017421245574951172,0.0001399517059326172,Y,19
2,1,20,5,3,0.001811981201171875,0.0001480579376220703,N,27
2,1,20,5,3,0.0035560131072998047,0.00011515617370605469,N,26
2,1,20,5,3,0.0034759044647216797,0.0005197525024414062,N,25
2,1,20,5,3,0.0032029151916503906,0.0003540515899658203,N,28
2,1,20,5,3,0.0018260478973388672,0.00045490264892578125,N,29
2,1,20,5,3,0.0018739700317382812,0.0002899169921875,N,27
2,1,20,5,3,0.002285003662109375,0.00029587745666503906,N,25
2,1,20,5,3,0.0019838809967041016,0.002195119857788086,N,25
2,1,20,5,3,0.0018360614776611328,0.0003349781036376953,N,26
2,1,20,5,3,0.0018870830535888672,0.0007100105285644531,N,26
2,1,20,5,3,0.002103090286254883,0.0008878707885742188,N,25
2,1,20,5,3,0.0043315887451171875,0.002235889434814453,Y,28
2,1,20,5,3,0.0016100406646728516,0.0004520416259765625,N,28
2,1,20,5,3,0.0017018318176269531,0.00034880638122558594,N,26
2,1,20,5,3,0.00165557861328125,0.00019097328186035156,N,26
2,1,20,5,3,0.0017368793487548828,0.00045800209045410156,N,29
2,1,20,5,3,0.0031859874725341797,0.00017261505126953125,N,25
2,1,20,5,3,0.0030508041381835938,0.001318216323852539,N,25
2,1,20,5,3,0.002234220504760742,0.00032520294189453125,N,26
2,1,20,5,3,0.0018579959869384766,0.000797271728515625,N,22
2,1,30,6,3,0.003428220748901367,0.01194000244140625,N,42
2,1,30,6,3,0.0032782554626464844,0.00611114501953125,N,41
2,1,30,6,3,0.010422945022583008,0.005132198333740234,Y,47
2,1,30,6,3,0.01092982292175293,0.006945133209228516,Y,44
2,1,30,6,3,0.00963282585144043,0.0032367706298828125,Y,48
2,1,30,6,3,0.011471271514892578,0.006852865219116211,Y,47
2,1,30,6,3,0.005288124084472656,0.0006389617919921875,N,46
2,1,30,6,3,0.004463911056518555,0.0007190704345703125,N,44
2,1,30,6,3,0.004301786422729492,0.0034978389739990234,N,45
2,1,30,6,3,0.013216972351074219,0.005530118942260742,Y,45
2,1,30,6,3,0.009747982025146484,0.00026488304138183594,N,44
2,1,30,6,3,0.005571842193603516,0.0009279251098632812,N,45
2,1,30,6,3,0.006267070770263672,0.006020069122314453,N,46
2,1,30,6,3,0.004836082458496094,0.003900289535522461,N,44
2,1,30,6,3,0.015159368515014648,0.006591796875,Y,45
2,1,30,6,3,0.011286497116088867,0.006561994552612305,Y,44
2,1,30,6,3,0.003945827484130859,0.00972437858581543,N,40
2,1,30,6,3,0.003645181655883789,0.0014989376068115234,N,46
2,1,30,6,3,0.009630918502807617,0.005333900451660156,Y,45
2,1,30,6,3,0.0038819313049316406,0.0007617473602294922,N,43
2,1,40,7,4,0.00552678108215332,0.0005040168762207031,N,51
2,1,40,7,4,0.005980730056762695,0.018201112747192383,N,55
2,1,40,7,4,0.005546092987060547,0.0027971267700195312,N,54
2,1,40,7,4,0.006085872650146484,0.0027260780334472656,N,52
2,1,40,7,4,0.005640268325805664,0.005674839019775391,N,54
2,1,40,7,4,0.006144046783447266,0.01437687873840332,N,53
2,1,40,7,4,0.005525112152099609,0.015569925308227539,N,52
2,1,40,7,4,0.005544900894165039,0.004295825958251953,N,53
2,1,40,7,4,0.006117105484008789,0.013092041015625,N,53
2,1,40,7,4,0.005840778350830078,0.006276845932006836,N,52
2,1,40,7,4,0.0062830448150634766,0.022585153579711914,N,53
2,1,40,7,4,0.005883932113647461,0.0024378299713134766,N,51
2,1,40,7,4,0.005265951156616211,0.0005278587341308594,N,52
2,1,40,7,4,0.0056078433990478516,0.0075032711029052734,N,54
2,1,40,7,4,0.00534510612487793,0.004787921905517578,N,54
2,1,40,7,4,0.005822896957397461,0.02529311180114746,N,52
2,1,40,7,4,0.006628274917602539,0.03324699401855469,N,55
2,1,40,7,4,0.0062656402587890625,0.04528999328613281,N,54
2,1,40,7,4,0.006343841552734375,0.017461061477661133,N,53
2,1,40,7,4,0.005116939544677734,0.0076901912689208984,N,52
2,1,50,8,4,0.009071111679077148,0.11222004890441895,N,62
2,1,50,8,4,0.009809732437133789,0.04581618309020996,N,62
2,1,50,8,4,0.009166955947875977,0.022686004638671875,N,64
2,1,50,8,4,0.008387088775634766,0.0018579959869384766,N,58
2,1,50,8,4,0.007981061935424805,0.060096025466918945,N,61
2,1,50,8,4,0.007779836654663086,0.04730486869812012,N,59
2,1,50,8,4,0.008260965347290039,0.0061991214752197266,N,62
2,1,50,8,4,0.009002923965454102,0.0015099048614501953,N,62
2,1,50,8,4,0.011018037796020508,0.03289437294006348,N,62
2,1,50,8,4,0.007658958435058594,0.029727935791015625,N,62
2,1,50,8,4,0.009258031845092773,0.0450749397277832,N,62
2,1,50,8,4,0.008850812911987305,0.20094585418701172,N,62
2,1,50,8,4,0.008234024047851562,0.3911468982696533,N,62
2,1,50,8,4,0.007631063461303711,0.005513906478881836,N,63
2,1,50,8,4,0.0075757503509521484,0.017870187759399414,N,63
2,1,50,8,4,0.009277105331420898,0.0009553432464599609,N,64
2,1,50,8,4,0.008584976196289062,0.05054807662963867,N,61
2,1,50,8,4,0.007630825042724609,0.07375693321228027,N,62
2,1,50,8,4,0.009083032608032227,0.0015082359313964844,N,60
2,1,50,8,4,0.009313106536865234,0.13202714920043945,N,62
2,1,60,8,4,0.01165008544921875,0.596513032913208,N,80
2,1,60,8,4,0.013680696487426758,0.3651919364929199,N,77
2,1,60,8,4,0.013897895812988281,0.05274176597595215,N,79
2,1,60,8,4,0.01376199722290039,0.06666111946105957,N,78
2,1,60,8,4,0.011193037033081055,0.46723270416259766,N,78
2,1,60,8,4,0.013648033142089844,1.3646159172058105,N,79
2,1,60,8,4,0.011579036712646484,1.4522340297698975,N,78
2,1,60,8,4,0.011768102645874023,0.14140987396240234,N,80
2,1,60,8,4,0.034249067306518555,2.7853927612304688,Y,78
2,1,60,8,4,0.012356042861938477,1.7750720977783203,N,77
2,1,60,8,4,0.013806819915771484,0.24909400939941406,N,79
2,1,60,8,4,0.037413835525512695,1.8058826923370361,Y,78
2,1,60,8,4,0.03658103942871094,1.8594930171966553,Y,79
2,1,60,8,4,0.013988733291625977,1.382140874862671,N,77
2,1,60,8,4,0.011379003524780273,1.3685579299926758,N,78
2,1,60,8,4,0.011958837509155273,0.23053503036499023,N,78
2,1,60,8,4,0.013286828994750977,0.07792830467224121,N,79
2,1,60,8,4,0.011443138122558594,0.3878762722015381,N,78
2,1,60,8,4,0.011325359344482422,0.4624001979827881,N,78
2,1,60,8,4,0.03376269340515137,1.594249963760376,Y,80
2,1,70,9,5,0.014907121658325195,0.333510160446167,N,89
2,1,70,9,5,0.016636133193969727,0.3355700969696045,N,88
2,1,70,9,5,0.016623973846435547,0.2336740493774414,N,89
2,1,70,9,5,0.01485586166381836,0.703272819519043,N,87
2,1,70,9,5,0.018368005752563477,0.09850597381591797,N,86
2,1,70,9,5,0.018742799758911133,0.546579122543335,N,88
2,1,70,9,5,0.015054702758789062,0.14784979820251465,N,89
2,1,70,9,5,0.015210151672363281,4.400540828704834,N,87
2,1,70,9,5,0.01862192153930664,0.24322080612182617,N,88
2,1,70,9,5,0.018246173858642578,2.5726630687713623,N,86
2,1,70,9,5,0.018782854080200195,0.20714592933654785,N,88
2,1,70,9,5,0.015821218490600586,0.08485293388366699,N,87
2,1,70,9,5,0.016531944274902344,0.08454775810241699,N,90
2,1,70,9,5,0.015940189361572266,1.496880292892456,N,89
2,1,70,9,5,0.017781972885131836,0.25380396842956543,N,88
2,1,70,9,5,0.015984058380126953,0.7761502265930176,N,88
2,1,70,9,5,0.015539884567260742,5.36324405670166,N,88
2,1,70,9,5,0.015538930892944336,0.16805720329284668,N,90
2,1,70,9,5,0.015513896942138672,0.4129509925842285,N,88
2,1,70,9,5,0.015159130096435547,0.06397795677185059,N,90
2,1,80,9,5,0.02027297019958496,0.2200007438659668,N,88
2,1,80,9,5,0.01954793930053711,0.07713103294372559,N,89
2,1,80,9,5,0.020027875900268555,0.0764777660369873,N,89
2,1,80,9,5,0.021554231643676758,0.05908012390136719,N,90
2,1,80,9,5,0.020681142807006836,3.7455079555511475,N,90
2,1,80,9,5,0.022774934768676758,0.6448640823364258,N,90
2,1,80,9,5,0.02420210838317871,0.5028598308563232,N,90
2,1,80,9,5,0.02204298973083496,0.08969497680664062,N,90
2,1,80,9,5,0.0239410400390625,0.1964421272277832,N,90
2,1,80,9,5,0.01883220672607422,0.18150711059570312,N,89
2,1,80,9,5,0.021332979202270508,0.3155241012573242,N,90
2,1,80,9,5,0.019109010696411133,0.053933143615722656,N,89
2,1,80,9,5,0.021150827407836914,1.3225038051605225,N,88
2,1,80,9,5,0.018314123153686523,0.24353408813476562,N,90
2,1,80,9,5,0.019786834716796875,0.08255386352539062,N,90
2,1,80,9,5,0.0198209285736084,0.08890819549560547,N,90
2,1,80,9,5,0.024035930633544922,0.09650516510009766,N,90
2,1,80,9,5,0.020767927169799805,0.07832098007202148,N,88
2,1,80,9,5,0.019035816192626953,0.07799887657165527,N,90
2,1,80,9,5,0.02382206916809082,1.3759143352508545,N,87
2,1,90,10,5,0.02592778205871582,1.2725389003753662,N,99
2,1,90,10,5,0.029009103775024414,1.2015259265899658,N,99
2,1,90,10,5,0.024345874786376953,0.11307120323181152,N,99
2,1,90,10,5,0.0254209041595459,5.9631030559539795,N,99
2,1,90,10,5,0.02404475212097168,2.8407297134399414,N,99
2,1,90,10,5,0.024499893188476562,0.43296289443969727,N,98
2,1,90,10,5,0.025181293487548828,5.453118085861206,N,99
2,1,90,10,5,0.024390220642089844,0.6852691173553467,N,97
2,1,90,10,5,0.024692058563232422,0.37798213958740234,N,99
2,1,90,10,5,0.028251171112060547,0.27750682830810547,N,98
2,1,90,10,5,0.029970884323120117,2.3874189853668213,N,99
2,1,90,10,5,0.030014991760253906,1.7364721298217773,N,100
2,1,90,10,5,0.02455282211303711,0.06958794593811035,N,99
2,1,90,10,5,0.029051780700683594,5.1661460399627686,N,100
2,1,90,10,5,0.025288105010986328,2.0130951404571533,N,99
2,1,90,10,5,0.023977994918823242,1.7123908996582031,N,98
2,1,90,10,5,0.02301478385925293,1.1350491046905518,N,99
2,1,90,10,5,0.025053977966308594,7.490533828735352,N,99
2,1,90,10,5,0.025633811950683594,0.8010668754577637,N,100
2,1,90,10,5,0.028445959091186523,2.9658219814300537,N,99
2,1,100,10,5,0.034837961196899414,1.2064998149871826,N,100
2,1,100,10,5,0.030894994735717773,1.2003448009490967,N,99
2,1,100,10,5,0.03164505958557129,1.8233861923217773,N,100
2,1,100,10,5,0.03492379188537598,1.4222369194030762,N,100
2,1,100,10,5,0.030740976333618164,0.3188941478729248,N,96
2,1,100,10,5,0.03838324546813965,1.5469067096710205,N,100
2,1,100,10,5,0.03134512901306152,0.43271493911743164,N,99
2,1,100,10,5,0.03008413314819336,0.2903740406036377,N,98
2,1,100,10,5,0.036231279373168945,1.0853140354156494,N,100
2,1,100,10,5,0.031100988388061523,5.592897891998291,N,100
2,1,100,10,5,0.03461503982543945,1.2758290767669678,N,100
2,1,100,10,5,0.03220510482788086,0.08432221412658691,N,99
2,1,100,10,5,0.03328704833984375,0.8634769916534424,N,99
2,1,100,10,5,0.03457832336425781,1.0556590557098389,N,99
2,1,100,10,5,0.032994985580444336,0.1477069854736328,N,100
2,1,100,10,5,0.029154062271118164,7.265779256820679,N,100
2,1,100,10,5,0.0329892635345459,0.4823751449584961,N,99
2,1,100,10,5,0.03537797927856445,8.945800304412842,N,100
2,1,100,10,5,0.03395819664001465,6.5154128074646,N,100
2,1,100,10,5,0.03444790840148926,2.903149127960205,N,100
1,1,10,4,2,0.0015459060668945312,0.0003428459167480469,Y,12
1,1,10,4,2,0.0005819797515869141,8.606910705566406e-05,N,11
1,1,10,4,2,0.0005507469177246094,7.081031799316406e-05,N,12
1,1,10,4,2,0.0005319118499755859,8.20159912109375e-05,N,11
1,1,10,4,2,0.0005340576171875,7.82012939453125e-05,N,11
1,1,10,4,2,0.0005271434783935547,0.0001552104949951172,N,12
1,1,10,4,2,0.0005371570587158203,0.0001437664031982422,N,12
1,1,10,4,2,0.0005409717559814453,0.00011181831359863281,N,10
1,1,10,4,2,0.0005450248718261719,0.0001201629638671875,N,11
1,1,10,4,2,0.0005619525909423828,0.0001518726348876953,N,12
1,1,10,4,2,0.0005602836608886719,0.0002410411834716797,N,12
1,1,10,4,2,0.0005729198455810547,2.4080276489257812e-05,N,11
1,1,10,4,2,0.0005929470062255859,0.00015425682067871094,N,11
1,1,10,4,2,0.0006263256072998047,7.605552673339844e-05,N,11
1,1,10,4,2,0.0005717277526855469,7.605552673339844e-05,N,11
1,1,10,4,2,0.0005800724029541016,8.487701416015625e-05,N,12
1,1,10,4,2,0.000576019287109375,9.894371032714844e-05,N,10
1,1,10,4,2,0.0005970001220703125,7.605552673339844e-05,N,12
1,1,10,4,2,0.0006229877471923828,0.0001430511474609375,N,11
1,1,10,4,2,0.0006289482116699219,0.00010180473327636719,N,12
1,1,20,5,3,0.0016319751739501953,0.00018286705017089844,N,15
1,1,20,5,3,0.0014581680297851562,8.225440979003906e-05,N,14
1,1,20,5,3,0.0014226436614990234,0.00013494491577148438,N,15
1,1,20,5,3,0.0015549659729003906,0.0004391670227050781,N,15
1,1,20,5,3,0.001531839370727539,8.988380432128906e-05,N,15
1,1,20,5,3,0.0015621185302734375,0.0003261566162109375,N,15
1,1,20,5,3,0.001638174057006836,0.0003712177276611328,N,15
1,1,20,5,3,0.001718759536743164,0.0006091594696044922,N,15
1,1,20,5,3,0.0018677711486816406,0.00015211105346679688,N,15
1,1,20,5,3,0.0016770362854003906,0.00019598007202148438,N,14
1,1,20,5,3,0.003359079360961914,0.00021505355834960938,N,14
1,1,20,5,3,0.0033218860626220703,0.00017905235290527344,N,15
1,1,20,5,3,0.0018601417541503906,0.00010204315185546875,N,15
1,1,20,5,3,0.0017819404602050781,0.0003142356872558594,N,15
1,1,20,5,3,0.001810312271118164,0.00046706199645996094,N,15
1,1,20,5,3,0.002129077911376953,0.00042700767517089844,N,14
1,1,20,5,3,0.0018990039825439453,0.0003070831298828125,N,15
1,1,20,5,3,0.002691030502319336,0.0003082752227783203,N,15
1,1,20,5,3,0.002797842025756836,0.0007507801055908203,N,15
1,1,20,5,3,0.0017049312591552734,0.0002818107604980469,N,13
1,1,30,6,3,0.0036020278930664062,0.0008940696716308594,N,24
1,1,30,6,3,0.0033500194549560547,0.0026531219482421875,N,23
1,1,30,6,3,0.003710031509399414,0.0007300376892089844,N,24
1,1,30,6,3,0.003946065902709961,0.00180816650390625,N,24
1,1,30,6,3,0.0043489933013916016,0.0010938644409179688,N,24
1,1,30,6,3,0.0038793087005615234,0.0007140636444091797,N,24
1,1,30,6,3,0.003969669342041016,0.0013680458068847656,N,24
1,1,30,6,3,0.0049097537994384766,0.003108978271484375,N,24
1,1,30,6,3,0.004024028778076172,0.00012493133544921875,N,24
1,1,30,6,3,0.0036039352416992188,0.00047016143798828125,N,24
1,1,30,6,3,0.0036802291870117188,0.0014312267303466797,N,24
1,1,30,6,3,0.0037157535552978516,0.000244140625,N,24
1,1,30,6,3,0.004045963287353516,0.0006740093231201172,N,24
1,1,30,6,3,0.004462242126464844,0.0008220672607421875,N,24
1,1,30,6,3,0.0038259029388427734,0.0027229785919189453,N,24
1,1,30,6,3,0.0034971237182617188,0.0006527900695800781,N,24
1,1,30,6,3,0.003645181655883789,0.0007832050323486328,N,23
1,1,30,6,3,0.0037560462951660156,0.005730867385864258,N,24
1,1,30,6,3,0.0040471553802490234,0.0005562305450439453,N,24
1,1,30,6,3,0.003618001937866211,0.0005939006805419922,N,24
1,1,40,7,4,0.006268978118896484,0.0008313655853271484,N,28
1,1,40,7,4,0.0055119991302490234,0.0012950897216796875,N,28
1,1,40,7,4,0.005330085754394531,0.001293182373046875,N,28
1,1,40,7,4,0.006608247756958008,0.00047397613525390625,N,28
1,1,40,7,4,0.005906105041503906,0.0014808177947998047,N,28
1,1,40,7,4,0.006562948226928711,0.0014891624450683594,N,27
1,1,40,7,4,0.00799107551574707,0.004698991775512695,N,28
1,1,40,7,4,0.005536556243896484,0.0006759166717529297,N,28
1,1,40,7,4,0.008578062057495117,0.002260923385620117,N,27
1,1,40,7,4,0.006079912185668945,0.0053558349609375,N,28
1,1,40,7,4,0.006721973419189453,0.0012669563293457031,N,28
1,1,40,7,4,0.005644083023071289,0.0016741752624511719,N,28
1,1,40,7,4,0.00606083869934082,0.01285409927368164,N,28
1,1,40,7,4,0.005951881408691406,0.002505064010620117,N,28
1,1,40,7,4,0.006200075149536133,0.0012590885162353516,N,28
1,1,40,7,4,0.0061419010162353516,0.0011909008026123047,N,28
1,1,40,7,4,0.006391048431396484,0.0016279220581054688,N,28
1,1,40,7,4,0.006193876266479492,0.00039505958557128906,N,28
1,1,40,7,4,0.0062389373779296875,0.001535177230834961,N,27
1,1,40,7,4,0.006727933883666992,0.0011990070343017578,N,28
1,1,50,8,4,0.009192228317260742,0.002576112747192383,N,31
1,1,50,8,4,0.008300065994262695,0.017721891403198242,N,32
1,1,50,8,4,0.010245084762573242,0.006215810775756836,N,32
1,1,50,8,4,0.00917196273803711,0.001657247543334961,N,32
1,1,50,8,4,0.010956764221191406,0.0046482086181640625,N,32
1,1,50,8,4,0.007827997207641602,0.0040340423583984375,N,32
1,1,50,8,4,0.008780956268310547,0.0016901493072509766,N,32
1,1,50,8,4,0.00755000114440918,0.016021013259887695,N,32
1,1,50,8,4,0.007770061492919922,0.008852005004882812,N,32
1,1,50,8,4,0.007802248001098633,0.002627849578857422,N,32
1,1,50,8,4,0.007573127746582031,0.006096839904785156,N,32
1,1,50,8,4,0.008276939392089844,0.004019021987915039,N,32
1,1,50,8,4,0.007871866226196289,0.002750873565673828,N,32
1,1,50,8,4,0.007838964462280273,0.0026798248291015625,N,32
1,1,50,8,4,0.00810694694519043,0.004678964614868164,N,32
1,1,50,8,4,0.009299755096435547,0.008877754211425781,N,32
1,1,50,8,4,0.008751869201660156,0.0023369789123535156,N,32
1,1,50,8,4,0.008159160614013672,0.007834911346435547,N,32
1,1,50,8,4,0.007872819900512695,0.006213188171386719,N,32
1,1,50,8,4,0.008832931518554688,0.010013818740844727,N,32
1,1,60,8,4,0.014948129653930664,0.001931905746459961,N,40
1,1,60,8,4,0.012120962142944336,0.004809141159057617,N,40
1,1,60,8,4,0.012797832489013672,0.0038759708404541016,N,40
1,1,60,8,4,0.013079166412353516,0.06811118125915527,N,40
1,1,60,8,4,0.013671398162841797,0.0016770362854003906,N,40
1,1,60,8,4,0.014149188995361328,0.026936769485473633,N,40
1,1,60,8,4,0.013911724090576172,0.014416933059692383,N,40
1,1,60,8,4,0.013888120651245117,0.1320509910583496,N,40
1,1,60,8,4,0.011218070983886719,0.005528926849365234,N,40
1,1,60,8,4,0.012325763702392578,0.00576472282409668,N,40
1,1,60,8,4,0.013822078704833984,0.005565166473388672,N,40
1,1,60,8,4,0.014209985733032227,0.0015289783477783203,N,40
1,1,60,8,4,0.011909961700439453,0.009613037109375,N,40
1,1,60,8,4,0.01287388801574707,0.0027081966400146484,N,40
1,1,60,8,4,0.013826847076416016,0.07329392433166504,N,40
1,1,60,8,4,0.011710882186889648,0.0033080577850341797,N,40
1,1,60,8,4,0.015247106552124023,0.002256155014038086,N,40
1,1,60,8,4,0.01446390151977539,0.023288965225219727,N,40
1,1,60,8,4,0.013431072235107422,0.023373842239379883,N,40
1,1,60,8,4,0.013512849807739258,0.0031490325927734375,N,40
1,1,70,9,5,0.015977859497070312,0.014461994171142578,N,45
1,1,70,9,5,0.01849079132080078,0.03202700614929199,N,45
1,1,70,9,5,0.018333911895751953,0.0028700828552246094,N,45
1,1,70,9,5,0.01591324806213379,0.00813913345336914,N,45
1,1,70,9,5,0.015522956848144531,0.10043787956237793,N,45
1,1,70,9,5,0.017863988876342773,0.0029718875885009766,N,45
1,1,70,9,5,0.01872396469116211,0.003593921661376953,N,45
1,1,70,9,5,0.01784682273864746,0.006052970886230469,N,45
1,1,70,9,5,0.015380859375,0.019088029861450195,N,45
1,1,70,9,5,0.015587806701660156,0.10120272636413574,N,45
1,1,70,9,5,0.01813507080078125,0.00472712516784668,N,45
1,1,70,9,5,0.01904582977294922,0.027361154556274414,N,45
1,1,70,9,5,0.017987966537475586,0.07663893699645996,N,45
1,1,70,9,5,0.01933908462524414,0.002160787582397461,N,45
1,1,70,9,5,0.02057170867919922,0.004736900329589844,N,45
1,1,70,9,5,0.027033090591430664,0.0035619735717773438,N,45
1,1,70,9,5,0.02417302131652832,0.006073951721191406,N,45
1,1,70,9,5,0.020394086837768555,0.011172294616699219,N,45
1,1,70,9,5,0.018821001052856445,0.009442806243896484,N,45
1,1,70,9,5,0.01605081558227539,0.01164698600769043,N,45
1,1,80,9,5,0.020475149154663086,0.11446714401245117,N,45
1,1,80,9,5,0.02276301383972168,0.007984161376953125,N,45
1,1,80,9,5,0.021347999572753906,0.022780895233154297,N,45
1,1,80,9,5,0.022422075271606445,0.02128911018371582,N,45
1,1,80,9,5,0.023697853088378906,0.018761873245239258,N,45
1,1,80,9,5,0.022155046463012695,0.007509946823120117,N,45
1,1,80,9,5,0.02297496795654297,0.011004924774169922,N,45
1,1,80,9,5,0.021814823150634766,0.011450052261352539,N,45
1,1,80,9,5,0.02181696891784668,0.019561052322387695,N,45
1,1,80,9,5,0.01910996437072754,0.05479598045349121,N,45
1,1,80,9,5,0.019201040267944336,0.0027048587799072266,N,45
1,1,80,9,5,0.019879817962646484,0.0068361759185791016,N,45
1,1,80,9,5,0.021134614944458008,0.0046138763427734375,N,45
1,1,80,9,5,0.01919722557067871,0.0044820308685302734,N,45
1,1,80,9,5,0.02301502227783203,0.0047419071197509766,N,45
1,1,80,9,5,0.020650148391723633,0.00692296028137207,N,45
1,1,80,9,5,0.02078104019165039,0.0027437210083007812,N,45
1,1,80,9,5,0.02077484130859375,0.055236101150512695,N,45
1,1,80,9,5,0.020891189575195312,0.010497093200683594,N,45
1,1,80,9,5,0.020541906356811523,0.0024268627166748047,N,45
1,1,90,10,5,0.02475595474243164,0.018150806427001953,N,50
1,1,90,10,5,0.03101491928100586,0.012329816818237305,N,50
1,1,90,10,5,0.02610301971435547,0.005377769470214844,N,50
1,1,90,10,5,0.024718761444091797,0.02777695655822754,N,50
1,1,90,10,5,0.026314973831176758,0.02226877212524414,N,50
1,1,90,10,5,0.027141094207763672,0.017346858978271484,N,50
1,1,90,10,5,0.02554798126220703,0.006057024002075195,N,50
1,1,90,10,5,0.025418996810913086,0.006308078765869141,N,50
1,1,90,10,5,0.026534080505371094,0.09655499458312988,N,50
1,1,90,10,5,0.02501392364501953,0.009812116622924805,N,50
1,1,90,10,5,0.024959087371826172,0.007125139236450195,N,50
1,1,90,10,5,0.025070905685424805,0.003282785415649414,N,50
1,1,90,10,5,0.026109933853149414,0.0281982421875,N,50
1,1,90,10,5,0.02555680274963379,0.0439150333404541,N,50
1,1,90,10,5,0.024349212646484375,0.09978222846984863,N,50
1,1,90,10,5,0.023810148239135742,0.005194902420043945,N,50
1,1,90,10,5,0.028914928436279297,0.028499841690063477,N,50
1,1,90,10,5,0.02530193328857422,0.037953853607177734,N,50
1,1,90,10,5,0.030420303344726562,0.006158113479614258,N,50
1,1,90,10,5,0.028148174285888672,0.017679691314697266,N,50
1,1,100,10,5,0.029009342193603516,0.19743990898132324,N,50
1,1,100,10,5,0.03223896026611328,0.01256704330444336,N,50
1,1,100,10,5,0.02831411361694336,0.07347393035888672,N,50
1,1,100,10,5,0.03426504135131836,0.0219881534576416,N,50
1,1,100,10,5,0.034214019775390625,0.025769948959350586,N,50
1,1,100,10,5,0.0317080020904541,0.020865678787231445,N,50
1,1,100,10,5,0.0353999137878418,0.01493072509765625,N,50
1,1,100,10,5,0.03250622749328613,0.011720895767211914,N,50
1,1,100,10,5,0.02824711799621582,0.005244255065917969,N,50
1,1,100,10,5,0.03200984001159668,0.008571863174438477,N,50
1,1,100,10,5,0.032945871353149414,0.006837129592895508,N,50
1,1,100,10,5,0.03280830383300781,0.024580955505371094,N,50
1,1,100,10,5,0.03391695022583008,0.08415794372558594,N,50
1,1,100,10,5,0.030122041702270508,0.13692903518676758,N,50
1,1,100,10,5,0.0337519645690918,0.07306981086730957,N,50
1,1,100,10,5,0.02854609489440918,0.016580820083618164,N,50
1,1,100,10,5,0.029258012771606445,0.03095412254333496,N,50
1,1,100,10,5,0.02978205680847168,0.1154029369354248,N,50
1,1,100,10,5,0.03260397911071777,0.02779698371887207,N,50
1,1,100,10,5,0.033780813217163086,0.016837120056152344,N,50

3,2,10,4,2,0.0021104812622070312,0.0001437664031982422,Y,34
3,2,10,4,2,0.001988649368286133,0.00010800361633300781,Y,33
3,2,10,4,2,0.0020236968994140625,0.00010609626770019531,Y,37
3,2,10,4,2,0.0022339820861816406,0.00012493133544921875,Y,31
3,2,10,4,2,0.0038917064666748047,0.00019073486328125,Y,34
3,2,10,4,2,0.003633260726928711,0.00019788742065429688,Y,36
3,2,10,4,2,0.0024955272674560547,0.00012087821960449219,Y,32
3,2,10,4,2,0.002238035202026367,0.00012087821960449219,Y,33
3,2,10,4,2,0.0019752979278564453,0.00010824203491210938,Y,34
3,2,10,4,2,0.0024971961975097656,0.0001220703125,Y,34
3,2,10,4,2,0.002041339874267578,0.00011539459228515625,Y,34
3,2,10,4,2,0.0025200843811035156,0.0001270771026611328,Y,33
3,2,10,4,2,0.0033779144287109375,0.00018215179443359375,Y,35
3,2,10,4,2,0.0020132064819335938,0.00011324882507324219,Y,34
3,2,10,4,2,0.003648042678833008,0.00019359588623046875,Y,35
3,2,10,4,2,0.001973390579223633,0.00010704994201660156,Y,33
3,2,10,4,2,0.0020651817321777344,0.0001087188720703125,Y,30
3,2,10,4,2,0.0020139217376708984,0.00011110305786132812,Y,31
3,2,10,4,2,0.0018279552459716797,0.00010013580322265625,Y,36
3,2,10,4,2,0.0017430782318115234,9.489059448242188e-05,Y,37
3,2,20,5,3,0.007601022720336914,0.0007898807525634766,Y,69
3,2,20,5,3,0.006608724594116211,0.0008351802825927734,Y,68
3,2,20,5,3,0.006178617477416992,0.0011980533599853516,Y,63
3,2,20,5,3,0.0068509578704833984,0.0010406970977783203,Y,66
3,2,20,5,3,0.005753040313720703,0.0008978843688964844,Y,69
3,2,20,5,3,0.0060749053955078125,0.0009849071502685547,Y,65
3,2,20,5,3,0.00632786750793457,0.0009980201721191406,Y,61
3,2,20,5,3,0.00635075569152832,0.0006299018859863281,Y,71
3,2,20,5,3,0.006127357482910156,0.0012030601501464844,Y,63
3,2,20,5,3,0.006311893463134766,0.0007371902465820312,Y,67
3,2,20,5,3,0.0067560672760009766,0.0008723735809326172,Y,68
3,2,20,5,3,0.005788564682006836,0.0008976459503173828,Y,70
3,2,20,5,3,0.005630016326904297,0.0006871223449707031,Y,70
3,2,20,5,3,0.005786895751953125,0.0009100437164306641,Y,68
3,2,20,5,3,0.006047964096069336,0.0011682510375976562,Y,69
3,2,20,5,3,0.005552768707275391,0.0006935596466064453,Y,69
3,2,20,5,3,0.0057430267333984375,0.0006551742553710938,Y,72
3,2,20,5,3,0.005459308624267578,0.0007648468017578125,Y,63
3,2,20,5,3,0.0059528350830078125,0.0006511211395263672,Y,72
3,2,20,5,3,0.005574226379394531,0.0007598400115966797,Y,69
3,2,30,6,3,0.013432025909423828,0.0016732215881347656,Y,105
3,2,30,6,3,0.014144420623779297,0.0017614364624023438,Y,107
3,2,30,6,3,0.014055252075195312,0.00203704833984375,Y,98
3,2,30,6,3,0.013198137283325195,0.0021712779998779297,Y,103
3,2,30,6,3,0.013294219970703125,0.0013561248779296875,Y,105
3,2,30,6,3,0.013136863708496094,0.0017688274383544922,Y,102
3,2,30,6,3,0.01230001449584961,0.0015201568603515625,Y,99
3,2,30,6,3,0.012490034103393555,0.0016946792602539062,Y,106
3,2,30,6,3,0.012764215469360352,0.00185394287109375,Y,101
3,2,30,6,3,0.012657880783081055,0.0012679100036621094,Y,107
3,2,30,6,3,0.012666940689086914,0.001638650894165039,Y,108
3,2,30,6,3,0.013071060180664062,0.0013337135314941406,Y,109
3,2,30,6,3,0.012833356857299805,0.0015492439270019531,Y,111
3,2,30,6,3,0.013657093048095703,0.001718759536743164,Y,102
3,2,30,6,3,0.013686656951904297,0.0018610954284667969,Y,103
3,2,30,6,3,0.01241612434387207,0.0015578269958496094,Y,104
3,2,30,6,3,0.01312112808227539,0.0019550323486328125,Y,101
3,2,30,6,3,0.013334989547729492,0.0014595985412597656,Y,103
3,2,30,6,3,0.012192726135253906,0.002011537551879883,Y,98
3,2,30,6,3,0.01248788833618164,0.0020363330841064453,Y,104
3,2,40,7,4,0.023613929748535156,0.00664973258972168,Y,145
3,2,40,7,4,0.026228904724121094,0.008071184158325195,Y,146
3,2,40,7,4,0.023068904876708984,0.010584831237792969,Y,142
3,2,40,7,4,0.024674415588378906,0.009386062622070312,Y,145
3,2,40,7,4,0.023891210556030273,0.01029348373413086,Y,142
3,2,40,7,4,0.022539377212524414,0.00842595100402832,Y,144
3,2,40,7,4,0.02422618865966797,0.006896018981933594,Y,148
3,2,40,7,4,0.0223848819732666,0.006703853607177734,Y,144
3,2,40,7,4,0.02352285385131836,0.006951332092285156,Y,140
3,2,40,7,4,0.02251267433166504,0.00855875015258789,Y,148
3,2,40,7,4,0.02480769157409668,0.009153604507446289,Y,142
3,2,40,7,4,0.02276015281677246,0.0068280696868896484,Y,148
3,2,40,7,4,0.023850679397583008,0.0064885616302490234,Y,144
3,2,40,7,4,0.024392127990722656,0.0076808929443359375,Y,147
3,2,40,7,4,0.023548126220703125,0.00944375991821289,Y,145
3,2,40,7,4,0.022433996200561523,0.010519742965698242,Y,147
3,2,40,7,4,0.024109601974487305,0.007175922393798828,Y,149
3,2,40,7,4,0.02271127700805664,0.006459712982177734,Y,149
3,2,40,7,4,0.023305892944335938,0.014657974243164062,Y,142
3,2,40,7,4,0.022486209869384766,0.00858616828918457,Y,146
3,2,50,8,4,0.03642678260803223,0.032258033752441406,Y,164
3,2,50,8,4,0.03410530090332031,0.03207087516784668,Y,164
3,2,50,8,4,0.0346684455871582,0.020574569702148438,Y,172
3,2,50,8,4,0.0346980094909668,0.013712644577026367,Y,165
3,2,50,8,4,0.034233808517456055,0.01763463020324707,Y,163
3,2,50,8,4,0.03474617004394531,0.01787590980529785,Y,170
3,2,50,8,4,0.03474855422973633,0.010303020477294922,Y,173
3,2,50,8,4,0.034650564193725586,0.01584649085998535,Y,171
3,2,50,8,4,0.04266834259033203,0.023591041564941406,Y,171
3,2,50,8,4,0.04265284538269043,0.03234529495239258,Y,161
3,2,50,8,4,0.03468513488769531,0.027546167373657227,Y,166
3,2,50,8,4,0.03485679626464844,0.017100811004638672,Y,171
3,2,50,8,4,0.03508615493774414,0.009479999542236328,Y,174
3,2,50,8,4,0.03498959541320801,0.022420406341552734,Y,166
3,2,50,8,4,0.03640484809875488,0.023852825164794922,Y,166
3,2,50,8,4,0.035306692123413086,0.0217440128326416,Y,171
3,2,50,8,4,0.03439736366271973,0.01717996597290039,Y,171
3,2,50,8,4,0.03427481651306152,0.010040521621704102,Y,168
3,2,50,8,4,0.0362696647644043,0.023730993270874023,Y,166
3,2,50,8,4,0.034403085708618164,0.012719154357910156,Y,171
3,2,60,8,4,0.05071902275085449,0.06515002250671387,Y,197
3,2,60,8,4,0.05031299591064453,0.050332069396972656,Y,204
3,2,60,8,4,0.0724482536315918,0.05939769744873047,Y,199
3,2,60,8,4,0.056726932525634766,0.049978017807006836,Y,198
3,2,60,8,4,0.05022764205932617,0.05558586120605469,Y,195
3,2,60,8,4,0.049809932708740234,0.04731321334838867,Y,190
3,2,60,8,4,0.050013065338134766,0.05278635025024414,Y,199
3,2,60,8,4,0.05008077621459961,0.05805683135986328,Y,199
3,2,60,8,4,0.05579686164855957,0.035115957260131836,Y,201
3,2,60,8,4,0.0520939826965332,0.047126054763793945,Y,199
3,2,60,8,4,0.05033063888549805,0.056394100189208984,Y,197
3,2,60,8,4,0.05109882354736328,0.036576032638549805,Y,201
3,2,60,8,4,0.049928903579711914,0.048239946365356445,Y,199
3,2,60,8,4,0.05066561698913574,0.04380512237548828,Y,201
3,2,60,8,4,0.049993038177490234,0.05389070510864258,Y,195
3,2,60,8,4,0.05052018165588379,0.046872854232788086,Y,203
3,2,60,8,4,0.05082988739013672,0.034406185150146484,Y,199
3,2,60,8,4,0.050096750259399414,0.039820194244384766,Y,197
3,2,60,8,4,0.0515749454498291,0.05513167381286621,Y,200
3,2,60,8,4,0.050914764404296875,0.05810666084289551,Y,196
3,2,70,9,5,0.09181880950927734,0.3222181797027588,Y,226
3,2,70,9,5,0.09206271171569824,0.19666147232055664,Y,228
3,2,70,9,5,0.08947944641113281,0.29099345207214355,Y,222
3,2,70,9,5,0.09675455093383789,0.24947595596313477,Y,229
3,2,70,9,5,0.10253095626831055,0.27988529205322266,Y,227
3,2,70,9,5,0.09799408912658691,0.41199445724487305,Y,224
3,2,70,9,5,0.09759688377380371,0.2717301845550537,Y,228
3,2,70,9,5,0.12522363662719727,0.4719674587249756,Y,229
3,2,70,9,5,0.12179994583129883,0.3125765323638916,Y,229
3,2,70,9,5,0.11256742477416992,0.452437162399292,Y,228
3,2,70,9,5,0.11422395706176758,0.3706545829772949,Y,224
3,2,70,9,5,0.10447025299072266,0.456798791885376,Y,224
3,2,70,9,5,0.10145926475524902,0.2593863010406494,Y,223
3,2,70,9,5,0.10805773735046387,0.2541828155517578,Y,228
3,2,70,9,5,0.1023709774017334,0.399151086807251,Y,227
3,2,70,9,5,0.10273623466491699,0.27638816833496094,Y,228
3,2,70,9,5,0.10421514511108398,0.250957727432251,Y,229
3,2,70,9,5,0.10311365127563477,0.33234333992004395,Y,222
3,2,70,9,5,0.10275721549987793,0.31064581871032715,Y,225
3,2,70,9,5,0.10884690284729004,0.34118127822875977,Y,231
3,2,80,9,5,0.1296372413635254,0.6952056884765625,Y,235
3,2,80,9,5,0.1261579990386963,0.9255881309509277,Y,228
3,2,80,9,5,0.12023305892944336,0.9519901275634766,Y,233
3,2,80,9,5,0.12640690803527832,0.7204220294952393,Y,232
3,2,80,9,5,0.12586283683776855,0.8870761394500732,Y,235
3,2,80,9,5,0.11780834197998047,0.8076040744781494,Y,230
3,2,80,9,5,0.12268590927124023,0.8463547229766846,Y,231
3,2,80,9,5,0.12267327308654785,0.7270638942718506,Y,231
3,2,80,9,5,0.125,0.8815069198608398,Y,230
3,2,80,9,5,0.1248328685760498,0.9327390193939209,Y,237
3,2,80,9,5,0.13262367248535156,0.5532631874084473,Y,230
3,2,80,9,5,0.13307452201843262,0.974759578704834,Y,231
3,2,80,9,5,0.12993288040161133,0.8728082180023193,Y,229
3,2,80,9,5,0.13440871238708496,1.1472718715667725,Y,228
3,2,80,9,5,0.13468241691589355,0.8599941730499268,Y,232
3,2,80,9,5,0.13472890853881836,0.9352669715881348,Y,234
3,2,80,9,5,0.13401031494140625,0.8783230781555176,Y,235
3,2,80,9,5,0.12773394584655762,0.6588668823242188,Y,230
3,2,80,9,5,0.12958598136901855,1.0800862312316895,Y,225
3,2,80,9,5,0.12700653076171875,0.8991472721099854,Y,230
3,2,90,10,5,0.18120956420898438,1.1395196914672852,Y,261
3,2,90,10,5,0.1611936092376709,1.1434786319732666,Y,262
3,2,90,10,5,0.1712801456451416,1.038869857788086,Y,254
3,2,90,10,5,0.16320204734802246,1.150752305984497,Y,254
3,2,90,10,5,0.16142940521240234,1.230527639389038,Y,258
3,2,90,10,5,0.1678614616394043,0.8906397819519043,Y,259
3,2,90,10,5,0.16324758529663086,1.1678459644317627,Y,255
3,2,90,10,5,0.17422747611999512,1.3848907947540283,Y,257
3,2,90,10,5,0.1626720428466797,0.8797783851623535,Y,263
3,2,90,10,5,0.16179895401000977,1.2029531002044678,Y,256
3,2,90,10,5,0.16552376747131348,1.149362564086914,Y,259
3,2,90,10,5,0.16072583198547363,1.1636240482330322,Y,254
3,2,90,10,5,0.16864681243896484,0.9477288722991943,Y,255
3,2,90,10,5,0.16380977630615234,1.4411516189575195,Y,256
3,2,90,10,5,0.16799068450927734,1.2008366584777832,Y,251
3,2,90,10,5,0.16874480247497559,1.1488490104675293,Y,262
3,2,90,10,5,0.1661083698272705,1.1617152690887451,Y,256
3,2,90,10,5,0.16867399215698242,1.2605931758880615,Y,257
3,2,90,10,5,0.17802810668945312,0.9064459800720215,Y,253
3,2,90,10,5,0.16223812103271484,1.044403314590454,Y,250
3,2,100,10,5,0.22074675559997559,1.5668330192565918,Y,286
3,2,100,10,5,0.2518594264984131,2.352815866470337,Y,289
3,2,100,10,5,0.22902822494506836,1.39512300491333,Y,290
3,2,100,10,5,0.236527681350708,1.2831785678863525,Y,290
3,2,100,10,5,0.22926068305969238,1.6270921230316162,Y,289
3,2,100,10,5,0.23853111267089844,1.796987533569336,Y,292
3,2,100,10,5,0.22571706771850586,1.3551759719848633,Y,286
3,2,100,10,5,0.23052215576171875,1.497135877609253,Y,292
3,2,100,10,5,0.23237299919128418,2.018895149230957,Y,288
3,2,100,10,5,0.23582220077514648,1.8826689720153809,Y,287
3,2,100,10,5,0.23688912391662598,1.51597261428833,Y,292
3,2,100,10,5,0.2284839153289795,1.4271039962768555,Y,293
3,2,100,10,5,0.23634004592895508,1.404350757598877,Y,289
3,2,100,10,5,0.23817110061645508,2.0175535678863525,Y,288
3,2,100,10,5,0.24451208114624023,1.7161588668823242,Y,287
3,2,100,10,5,0.23564457893371582,1.661942481994629,Y,289
3,2,100,10,5,0.22745800018310547,1.5207393169403076,Y,295
3,2,100,10,5,0.24046063423156738,1.4029338359832764,Y,293
3,2,100,10,5,0.23119640350341797,1.7231602668762207,Y,289
3,2,100,10,5,0.234116792678833,1.5072250366210938,Y,291
1,2,10,4,2,0.0020236968994140625,0.00027489662170410156,Y,18
1,2,10,4,2,0.0018727779388427734,0.00015807151794433594,Y,18
1,2,10,4,2,0.0018622875213623047,0.00019693374633789062,Y,18
1,2,10,4,2,0.0016868114471435547,0.00013494491577148438,Y,20
1,2,10,4,2,0.0006952285766601562,7.82012939453125e-05,N,20
1,2,10,4,2,0.0016109943389892578,0.00013566017150878906,Y,20
1,2,10,4,2,0.0016067028045654297,0.00010418891906738281,Y,20
1,2,10,4,2,0.0015802383422851562,0.0001442432403564453,Y,18
1,2,10,4,2,0.0016243457794189453,0.00024390220642089844,Y,19
1,2,10,4,2,0.0016484260559082031,0.00013327598571777344,Y,20
1,2,10,4,2,0.0016548633575439453,0.0001266002655029297,Y,19
1,2,10,4,2,0.0016436576843261719,0.00015234947204589844,Y,19
1,2,10,4,2,0.000659942626953125,6.699562072753906e-05,N,20
1,2,10,4,2,0.0017681121826171875,0.00012612342834472656,Y,20
1,2,10,4,2,0.0017728805541992188,0.00013875961303710938,Y,19
1,2,10,4,2,0.0017061233520507812,0.0001385211944580078,Y,20
1,2,10,4,2,0.0018062591552734375,0.00030994415283203125,Y,17
1,2,10,4,2,0.0007488727569580078,0.00015425682067871094,N,18
1,2,10,4,2,0.003442049026489258,0.00021076202392578125,Y,19
1,2,10,4,2,0.0034160614013671875,0.00036978721618652344,Y,18
1,2,20,5,3,0.0024089813232421875,0.0018570423126220703,N,30
1,2,20,5,3,0.002441883087158203,0.0009839534759521484,N,30
1,2,20,5,3,0.0026159286499023438,0.00043702125549316406,N,28
1,2,20,5,3,0.002716064453125,0.009920835494995117,N,30
1,2,20,5,3,0.00222015380859375,0.0005602836608886719,N,30
1,2,20,5,3,0.0021402835845947266,0.0017120838165283203,N,30
1,2,20,5,3,0.0021359920501708984,0.00032591819763183594,N,30
1,2,20,5,3,0.0022461414337158203,0.005568742752075195,N,30
1,2,20,5,3,0.003145933151245117,0.0012259483337402344,N,30
1,2,20,5,3,0.0021560192108154297,0.001909017562866211,N,30
1,2,20,5,3,0.0020699501037597656,0.004395961761474609,N,30
1,2,20,5,3,0.0023288726806640625,0.0016829967498779297,N,30
1,2,20,5,3,0.002668142318725586,0.004557132720947266,N,30
1,2,20,5,3,0.0033969879150390625,0.008310079574584961,N,30
1,2,20,5,3,0.002321958541870117,0.0008180141448974609,N,29
1,2,20,5,3,0.0022208690643310547,0.0044672489166259766,N,29
1,2,20,5,3,0.00234222412109375,0.0007772445678710938,N,29
1,2,20,5,3,0.002360820770263672,0.0014529228210449219,N,30
1,2,20,5,3,0.0029120445251464844,0.0005939006805419922,N,30
1,2,20,5,3,0.0022580623626708984,0.0015959739685058594,N,30
1,2,30,6,3,0.014022588729858398,0.14343523979187012,Y,42
1,2,30,6,3,0.0048220157623291016,0.015513181686401367,N,42
1,2,30,6,3,0.004518985748291016,0.03345298767089844,N,42
1,2,30,6,3,0.0042760372161865234,0.04369091987609863,N,42
1,2,30,6,3,0.004689216613769531,0.12364625930786133,N,41
1,2,30,6,3,0.004726886749267578,0.02743387222290039,N,42
1,2,30,6,3,0.014412879943847656,0.09598803520202637,Y,42
1,2,30,6,3,0.014576911926269531,0.06884574890136719,Y,42
1,2,30,6,3,0.013885736465454102,0.10841536521911621,Y,42
1,2,30,6,3,0.004349946975708008,0.016528844833374023,N,42
1,2,30,6,3,0.005168914794921875,0.024250030517578125,N,42
1,2,30,6,3,0.0051212310791015625,0.006070137023925781,N,42
1,2,30,6,3,0.01427459716796875,0.13932371139526367,Y,42
1,2,30,6,3,0.01451873779296875,0.13212847709655762,Y,42
1,2,30,6,3,0.014255285263061523,0.13032150268554688,Y,42
1,2,30,6,3,0.004703044891357422,0.014054059982299805,N,41
1,2,30,6,3,0.0045528411865234375,0.0037539005279541016,N,41
1,2,30,6,3,0.0047779083251953125,0.029572010040283203,N,42
1,2,30,6,3,0.00518798828125,0.05264687538146973,N,42
1,2,30,6,3,0.0041179656982421875,0.06669306755065918,N,42
1,2,40,7,4,0.00946807861328125,0.05769991874694824,N,56
1,2,40,7,4,0.008422136306762695,0.1182851791381836,N,56
1,2,40,7,4,0.007673978805541992,0.0451350212097168,N,56
1,2,40,7,4,0.00892496109008789,0.23711109161376953,N,56
1,2,40,7,4,0.008496761322021484,0.9133121967315674,N,56
1,2,40,7,4,0.008952140808105469,0.06861519813537598,N,56
1,2,40,7,4,0.007950305938720703,0.13876104354858398,N,56
1,2,40,7,4,0.007932186126708984,0.4219932556152344,N,56
1,2,40,7,4,0.007682085037231445,0.050514936447143555,N,56
1,2,40,7,4,0.008309125900268555,0.036355018615722656,N,56
1,2,40,7,4,0.009015083312988281,0.13677215576171875,N,56
1,2,40,7,4,0.009684085845947266,0.38356709480285645,N,56
1,2,40,7,4,0.008338212966918945,0.1944282054901123,N,56
1,2,40,7,4,0.008148908615112305,0.318572998046875,N,56
1,2,40,7,4,0.008817195892333984,0.049346208572387695,N,56
1,2,40,7,4,0.008480072021484375,0.026460886001586914,N,56
1,2,40,7,4,0.008994102478027344,0.04829287528991699,N,55
1,2,40,7,4,0.009105920791625977,0.05204296112060547,N,56
1,2,40,7,4,0.008445978164672852,0.21785283088684082,N,56
1,2,40,7,4,0.009774208068847656,0.1488802433013916,N,56
1,2,50,8,4,0.01399087905883789,0.31401681900024414,N,64
1,2,50,8,4,0.012423276901245117,0.6250379085540771,N,64
1,2,50,8,4,0.013415813446044922,0.40099382400512695,N,64
1,2,50,8,4,0.016129016876220703,0.06210207939147949,N,64
1,2,50,8,4,0.011866092681884766,0.30134105682373047,N,64
1,2,50,8,4,0.01604914665222168,1.1981587409973145,N,64
1,2,50,8,4,0.014394283294677734,0.966346025466919,N,64
1,2,50,8,4,0.01291203498840332,0.286329984664917,N,64
1,2,50,8,4,0.012178897857666016,0.41103506088256836,N,64
1,2,50,8,4,0.012984991073608398,0.1373300552368164,N,64
1,2,50,8,4,0.012807130813598633,5.090435981750488,N,63
1,2,50,8,4,0.01343393325805664,2.1115787029266357,N,64
1,2,50,8,4,0.011958122253417969,1.0985808372497559,N,64
1,2,50,8,4,0.011443138122558594,0.21053814888000488,N,64
1,2,50,8,4,0.013223886489868164,0.06655192375183105,N,63
1,2,50,8,4,0.012153148651123047,0.2985372543334961,N,64
1,2,50,8,4,0.013890981674194336,0.01236581802368164,N,64
1,2,50,8,4,0.014528989791870117,1.324342966079712,N,64
1,2,50,8,4,0.011327981948852539,0.7895290851593018,N,64
1,2,50,8,4,0.013967752456665039,1.623201847076416,N,64
1,2,60,8,4,0.01761603355407715,78.29840731620789,N,72
1,2,60,8,4,0.018440961837768555,7.115318059921265,N,72
1,2,60,8,4,0.019006967544555664,3.0620851516723633,N,72
1,2,60,8,4,0.02102184295654297,0.43221116065979004,N,72
1,2,60,8,4,0.01874685287475586,1.2696950435638428,N,72
1,2,60,8,4,0.02117609977722168,1.8569447994232178,N,72
1,2,60,8,4,0.020865917205810547,32.959697008132935,N,72
1,2,60,8,4,0.017742156982421875,2.9066100120544434,N,72
1,2,60,8,4,0.017491817474365234,4.723536252975464,N,72
1,2,60,8,4,0.01708197593688965,0.6520981788635254,N,72
1,2,60,8,4,0.018216848373413086,25.299180030822754,N,72
1,2,60,8,4,0.01834702491760254,1.9671039581298828,N,72
1,2,60,8,4,0.019145965576171875,4.998236179351807,N,72
1,2,60,8,4,0.02071404457092285,0.3468589782714844,N,72
1,2,60,8,4,0.018618106842041016,1.5518441200256348,N,72
1,2,60,8,4,0.019215106964111328,0.15034008026123047,N,72
1,2,60,8,4,0.017566919326782227,0.4611477851867676,N,72
1,2,60,8,4,0.02034616470336914,2.4453952312469482,N,72
1,2,60,8,4,0.020632028579711914,1.2766063213348389,N,72
1,2,60,8,4,0.021377086639404297,26.524601697921753,N,72
1,2,70,9,5,0.030250072479248047,5.808632850646973,N,81
1,2,70,9,5,0.023569822311401367,0.3810999393463135,N,81
1,2,70,9,5,0.02560114860534668,0.4378068447113037,N,81
1,2,70,9,5,0.026012897491455078,1.5860240459442139,N,81
1,2,70,9,5,0.028307199478149414,0.5024440288543701,N,81
1,2,70,9,5,0.023411035537719727,6.004155158996582,N,81
1,2,70,9,5,0.023846864700317383,4.409373044967651,N,81
1,2,70,9,5,0.02370905876159668,2.503443956375122,N,81
1,2,70,9,5,0.02706313133239746,1.1145551204681396,N,81
1,2,70,9,5,0.028097867965698242,1.978046178817749,N,81
1,2,70,9,5,0.02773904800415039,5.6546971797943115,N,81
1,2,70,9,5,0.025599241256713867,27.704755067825317,N,81
1,2,70,9,5,0.027391910552978516,5.473967790603638,N,81
1,2,70,9,5,0.023053884506225586,3.8311338424682617,N,81
1,2,70,9,5,0.02659010887145996,4.10766077041626,N,81
1,2,70,9,5,0.0234220027923584,6.747354745864868,N,81
1,2,70,9,5,0.024268150329589844,3.8113317489624023,N,81
1,2,70,9,5,0.024039745330810547,0.327056884765625,N,80
1,2,70,9,5,0.023201942443847656,0.36475586891174316,N,81
1,2,70,9,5,0.028193950653076172,7.1402623653411865,N,81
1,2,80,9,5,0.03454184532165527,5.6684229373931885,N,81
1,2,80,9,5,0.03521394729614258,0.8162031173706055,N,81
1,2,80,9,5,0.035299062728881836,1.3488740921020508,N,81
1,2,80,9,5,0.03572893142700195,1.128777027130127,N,81
1,2,80,9,5,0.02946782112121582,0.41935205459594727,N,81
1,2,80,9,5,0.03764224052429199,3.21331787109375,N,81
1,2,80,9,5,0.0322418212890625,1.2280480861663818,N,81
1,2,80,9,5,0.030546903610229492,1.2990460395812988,N,81
1,2,80,9,5,0.029538869857788086,2.748573064804077,N,81
1,2,80,9,5,0.03522610664367676,1.060351848602295,N,81
1,2,80,9,5,0.03157687187194824,6.010209083557129,N,81
1,2,80,9,5,0.03340792655944824,0.37004590034484863,N,81
1,2,80,9,5,0.035694122314453125,6.722594261169434,N,81
1,2,80,9,5,0.03560209274291992,6.519775867462158,N,81
1,2,80,9,5,0.03126788139343262,1.2743327617645264,N,81
1,2,80,9,5,0.03379631042480469,5.041774034500122,N,81
1,2,80,9,5,0.02843499183654785,0.5454080104827881,N,81
1,2,80,9,5,0.030205965042114258,5.699205160140991,N,81
1,2,80,9,5,0.03334307670593262,5.894660949707031,N,81
1,2,80,9,5,0.03443598747253418,0.4841639995574951,N,81
1,2,90,10,5,0.04438209533691406,0.2428429126739502,N,90
1,2,90,10,5,0.03809690475463867,8.039698839187622,N,90
1,2,90,10,5,0.039086103439331055,46.912907123565674,N,90
1,2,90,10,5,0.03832077980041504,8.80254316329956,N,90
1,2,90,10,5,0.036650896072387695,7.6299920082092285,N,90
1,2,90,10,5,0.04399299621582031,27.269060850143433,N,90
1,2,90,10,5,0.04635119438171387,5.834533214569092,N,90
1,2,90,10,5,0.042077064514160156,30.10538125038147,N,90
1,2,90,10,5,0.04537606239318848,25.22716212272644,N,90
1,2,90,10,5,0.038075923919677734,1.4673948287963867,N,90
1,2,90,10,5,0.04004669189453125,28.879185914993286,N,90
1,2,90,10,5,0.0452420711517334,70.99364113807678,N,90
1,2,90,10,5,0.043810129165649414,91.1541519165039,N,90
1,2,90,10,5,0.04137420654296875,7.5692830085754395,N,90
1,2,90,10,5,0.03625607490539551,2.0030179023742676,N,90
1,2,90,10,5,0.04197216033935547,44.74255299568176,N,90
1,2,90,10,5,0.04153609275817871,3.9864251613616943,N,90
1,2,90,10,5,0.04499983787536621,149.41095304489136,N,90
1,2,90,10,5,0.04039502143859863,29.06478476524353,N,90
1,2,90,10,5,0.03698873519897461,30.30494523048401,N,90
1,2,100,10,5,0.05012917518615723,8.53177523612976,N,100
1,2,100,10,5,0.055262088775634766,9.850642204284668,N,100
1,2,100,10,5,0.05130600929260254,187.00824189186096,N,100
1,2,100,10,5,0.05585980415344238,7.073540925979614,N,100
1,2,100,10,5,0.05350995063781738,283.0770649909973,N,100
1,2,100,10,5,0.05164003372192383,32.36680197715759,N,100
1,2,100,10,5,0.05678606033325195,172.26521396636963,N,100
1,2,100,10,5,0.05169510841369629,1061.1395010948181,N,100
1,2,100,10,5,0.057337045669555664,9.964793682098389,N,100
1,2,100,10,5,0.058702945709228516,28.272658109664917,N,100
1,2,100,10,5,0.052217960357666016,53.338650941848755,N,100
1,2,100,10,5,0.0540771484375,7.333269119262695,N,100
1,2,100,10,5,0.05829477310180664,181.99522995948792,N,100
1,2,100,10,5,0.05457735061645508,40.550771951675415,N,100
1,2,100,10,5,0.05126214027404785,51.96847486495972,N,100
1,2,100,10,5,0.06163597106933594,143.91149711608887,N,100
1,2,100,10,5,0.049427032470703125,32.031084060668945,N,100
1,2,100,10,5,0.05873394012451172,11.193149089813232,N,100
1,2,100,10,5,0.05285215377807617,8.407240867614746,N,100
1,2,100,10,5,0.05642819404602051,8.202919006347656,N,100