c,d,n,k,r,gen_time,solve_time,valid,sel_len
4,4,10,4,2,0.0025209999999999955,0.00020600000000001173,Y,72
4,4,10,4,2,0.004937999999999998,0.00021600000000000785,Y,74
4,4,10,4,2,0.002719000000000013,0.00012799999999998923,Y,72
4,4,10,4,2,0.0024330000000000046,0.00012200000000001099,Y,75
4,4,10,4,2,0.0031990000000000074,0.000125000000000014,Y,76
4,4,10,4,2,0.002716999999999997,0.00012099999999999611,Y,79
4,4,10,4,2,0.002565999999999999,0.00011799999999999311,Y,75
4,4,10,4,2,0.0022970000000000212,0.00010799999999999699,Y,77
4,4,10,4,2,0.0022220000000000295,9.999999999998899e-05,Y,75
4,4,10,4,2,0.0021700000000000053,9.699999999998599e-05,Y,71
4,4,10,4,2,0.0021800000000000153,0.00011200000000000099,Y,78
4,4,10,4,2,0.004052,0.00023700000000001498,Y,78
4,4,10,4,2,0.004081000000000001,0.00014700000000000824,Y,76
4,4,10,4,2,0.0036520000000000163,0.00012699999999998823,Y,72
4,4,10,4,2,0.003276000000000001,0.00012899999999999023,Y,78
4,4,10,4,2,0.0020590000000000053,9.999999999998899e-05,Y,76
4,4,10,4,2,0.0019889999999999908,8.899999999997799e-05,Y,77
4,4,10,4,2,0.0018859999999999988,8.700000000000374e-05,Y,70
4,4,10,4,2,0.001809000000000005,8.499999999997399e-05,Y,75
4,4,10,4,2,0.001782999999999979,8.40000000000285e-05,Y,77
3,2,10,4,2,0.0012140000000000206,8.40000000000285e-05,Y,36
3,2,10,4,2,0.001367000000000007,8.399999999997299e-05,Y,39
3,2,10,4,2,0.0014670000000000238,0.00013099999999996448,Y,31
3,2,10,4,2,0.0013100000000000056,9.699999999998599e-05,Y,31
3,2,10,4,2,0.0016420000000000046,0.00015199999999998548,Y,32
3,2,10,4,2,0.002914,0.000254000000000032,Y,33
3,2,10,4,2,0.0016039999999999943,0.00010299999999999199,Y,37
3,2,10,4,2,0.0015330000000000066,0.00010400000000002074,Y,34
3,2,10,4,2,0.0015260000000000273,9.300000000000974e-05,Y,35
3,2,10,4,2,0.0013940000000000063,0.00011199999999997323,Y,35
3,2,10,4,2,0.001483000000000012,0.00010999999999999899,Y,33
3,2,10,4,2,0.0028759999999999897,0.00023300000000001098,Y,34
3,2,10,4,2,0.0024500000000000077,0.00013599999999999723,Y,37
3,2,10,4,2,0.0024259999999999837,0.00013599999999999723,Y,36
3,2,10,4,2,0.0024779999999999802,0.00013799999999999923,Y,34
3,2,10,4,2,0.0024859999999999882,0.00013399999999999523,Y,36
3,2,10,4,2,0.0012290000000000079,8.299999999997199e-05,Y,30
3,2,10,4,2,0.0012240000000000306,8.399999999997299e-05,Y,38
3,2,10,4,2,0.0012089999999999879,8.299999999997199e-05,Y,34
3,2,10,4,2,0.0012260000000000049,8.199999999999874e-05,Y,34
2,3,10,4,2,0.0014180000000000026,9.599999999998499e-05,Y,42
2,3,10,4,2,0.001345999999999986,8.600000000000274e-05,Y,38
2,3,10,4,2,0.001354999999999995,8.699999999997599e-05,Y,40
2,3,10,4,2,0.0015160000000000173,9.100000000000774e-05,Y,42
2,3,10,4,2,0.001947000000000032,9.600000000001274e-05,Y,42
2,3,10,4,2,0.0015090000000000103,0.00010899999999999799,Y,42
2,3,10,4,2,0.0026129999999999765,0.00020600000000001173,Y,38
2,3,10,4,2,0.0026349999999999707,0.00010100000000001774,Y,40
2,3,10,4,2,0.0017139999999999933,0.00015200000000001324,Y,42
2,3,10,4,2,0.0017580000000000096,9.800000000001474e-05,Y,41
2,3,10,4,2,0.0015070000000000083,9.399999999998299e-05,Y,40
2,3,10,4,2,0.0014899999999999636,9.800000000001474e-05,Y,41
2,3,10,4,2,0.0018209999999999893,0.00011899999999998023,Y,43
2,3,10,4,2,0.001706000000000013,0.00010999999999997123,Y,43
2,3,10,4,2,0.0028309999999999724,0.00015200000000001324,Y,41
2,3,10,4,2,0.0025209999999999955,0.00014600000000000724,Y,43
2,3,10,4,2,0.0022440000000000238,0.00010599999999999499,Y,41
2,3,10,4,2,0.0021499999999999297,0.00012899999999999023,Y,39
2,3,10,4,2,0.001396999999999926,9.100000000006325e-05,Y,40
2,3,10,4,2,0.0014120000000000243,8.900000000006125e-05,Y,43
2,2,10,4,2,0.0012559999999999794,8.799999999997699e-05,Y,30
2,2,10,4,2,0.0011939999999999729,8.500000000000174e-05,Y,29
2,2,10,4,2,0.0011820000000000164,0.00010399999999999299,Y,30
2,2,10,4,2,0.0011820000000000719,8.500000000000174e-05,Y,33
2,2,10,4,2,0.0012030000000000096,8.900000000000574e-05,Y,29
2,2,10,4,2,0.001452999999999982,0.00011300000000002974,Y,26
2,2,10,4,2,0.0013660000000000339,9.699999999995823e-05,Y,28
2,2,10,4,2,0.0012689999999999646,9.499999999995623e-05,Y,31
2,2,10,4,2,0.0023360000000000047,0.00021399999999999197,Y,29
2,2,10,4,2,0.0024500000000000077,0.00023099999999998122,Y,32
2,2,10,4,2,0.0015080000000000093,0.00010300000000001974,Y,31
2,2,10,4,2,0.0013749999999999596,0.00010100000000001774,Y,27
2,2,10,4,2,0.0013639999999999763,9.799999999998699e-05,Y,28
2,2,10,4,2,0.0013690000000000646,9.899999999996023e-05,Y,27
2,2,10,4,2,0.0013440000000000119,8.799999999997699e-05,Y,34
2,2,10,4,2,0.0014859999999999873,0.00012900000000004574,Y,27
2,2,10,4,2,0.0014390000000000236,0.00012200000000001099,Y,29
2,2,10,4,2,0.0014789999999999526,9.900000000007125e-05,Y,27
2,2,10,4,2,0.0023880000000000012,0.00017000000000000348,Y,29
2,2,10,4,2,0.002354999999999996,0.000150000000000039,Y,27
2,1,10,4,2,0.001919000000000004,0.000146000000000035,Y,16
2,1,10,4,2,0.0011330000000000506,0.000130000000000019,Y,15
2,1,10,4,2,0.0010160000000000169,8.700000000005925e-05,Y,20
2,1,10,4,2,0.0009799999999999809,0.00010300000000001974,Y,18
2,1,10,4,2,0.0009879999999999889,0.00017400000000000748,N,17
2,1,10,4,2,0.0010140000000000149,9.00000000000345e-05,Y,20
2,1,10,4,2,0.0010980000000000434,9.900000000001574e-05,Y,16
2,1,10,4,2,0.0010080000000000089,0.00010399999999999299,Y,18
2,1,10,4,2,0.0010220000000000229,9.199999999998099e-05,Y,19
2,1,10,4,2,0.0009620000000000184,0.00010799999999994148,Y,18
2,1,10,4,2,0.0005300000000000304,9.300000000000974e-05,N,15
2,1,10,4,2,0.0009919999999999929,0.00010499999999996623,Y,18
2,1,10,4,2,0.0013839999999999963,0.00010499999999996623,Y,15
2,1,10,4,2,0.0011230000000000406,0.00016300000000002424,Y,20
2,1,10,4,2,0.0010270000000000001,9.699999999995823e-05,Y,19
2,1,10,4,2,0.0017839999999999523,0.00019099999999999673,Y,17
2,1,10,4,2,0.0025900000000000367,0.00020300000000006424,Y,17
2,1,10,4,2,0.0011309999999999931,0.00012999999999996348,Y,17
2,1,10,4,2,0.0012330000000000396,0.000130000000000019,Y,16
2,1,10,4,2,0.0006529999999999592,6.20000000000065e-05,N,15
1,2,10,4,2,0.0007310000000000372,0.00011900000000003574,N,18
1,2,10,4,2,0.0007199999999999984,7.60000000000205e-05,N,17
1,2,10,4,2,0.0017519999999999758,0.00019399999999997197,Y,20
1,2,10,4,2,0.0013779999999999903,0.00012099999999998223,Y,19
1,2,10,4,2,0.0023799999999999932,0.00021599999999999397,Y,19
1,2,10,4,2,0.0022679999999999922,0.00023200000000000998,Y,18
1,2,10,4,2,0.0022899999999999587,0.00016500000000002624,Y,19
1,2,10,4,2,0.0018389999999999795,0.00026300000000006873,Y,18
1,2,10,4,2,0.0018830000000000235,0.00014999999999998348,Y,19
1,2,10,4,2,0.0008969999999999811,0.00010999999999999899,N,15
1,2,10,4,2,0.0013709999999999556,0.00017200000000000548,Y,19
1,2,10,4,2,0.0014939999999999953,0.00016199999999999548,Y,20
1,2,10,4,2,0.003210000000000046,0.0003290000000000237,Y,18
1,2,10,4,2,0.0014440000000000008,0.00019299999999999873,Y,19
1,2,10,4,2,0.0014619999999999633,0.00017300000000003424,Y,20
1,2,10,4,2,0.0013450000000000406,0.00017099999999997673,Y,18
1,2,10,4,2,0.0007960000000000189,0.00014100000000000223,N,20
1,2,10,4,2,0.001363000000000003,0.000132000000000021,Y,19
1,2,10,4,2,0.0013199999999999878,0.00011400000000000299,Y,19
1,2,10,4,2,0.0012810000000000321,0.00013599999999996948,Y,19
1,1,10,4,2,0.0010620000000000074,0.00021100000000001673,Y,12
1,1,10,4,2,0.0006019999999999914,8.700000000000374e-05,N,12
1,1,10,4,2,0.0006180000000000074,0.00012299999999998423,N,11
1,1,10,4,2,0.0005850000000000022,9.500000000001174e-05,N,12
1,1,10,4,2,0.0005789999999999962,0.00012699999999998823,N,10
1,1,10,4,2,0.0005600000000000049,7.60000000000205e-05,N,12
1,1,10,4,2,0.0005600000000000049,0.00010100000000001774,N,12
1,1,10,4,2,0.0006080000000000529,7.00000000000145e-05,N,12
1,1,10,4,2,0.0005519999999999969,8.100000000005325e-05,N,12
1,1,10,4,2,0.0005620000000000069,0.00011400000000000299,N,12
1,1,10,4,2,0.0005680000000000129,9.100000000000774e-05,N,12
1,1,10,4,2,0.0005569999999999742,0.000134000000000023,N,12
1,1,10,4,2,0.0011629999999999696,0.00021100000000001673,Y,12
1,1,10,4,2,0.0006059999999999954,8.60000000000305e-05,N,11
1,1,10,4,2,0.0006479999999999819,7.899999999999574e-05,N,11
1,1,10,4,2,0.0006400000000000294,0.00012799999999996148,N,11
1,1,10,4,2,0.0006399999999999739,0.00010900000000002574,N,10
1,1,10,4,2,0.0006300000000000194,0.00010799999999999699,N,12
1,1,10,4,2,0.0006289999999999907,9.40000000000385e-05,N,12
1,1,10,4,2,0.0006240000000000134,2.999999999997449e-05,N,12
4,4,20,5,3,0.010236999999999996,0.0007400000000000184,Y,153
4,4,20,5,3,0.00658000000000003,0.0005790000000000517,Y,163
4,4,20,5,3,0.0065990000000000215,0.0006639999999999979,Y,146
4,4,20,5,3,0.008043999999999996,0.0009240000000000359,Y,156
4,4,20,5,3,0.008575000000000055,0.0007870000000000377,Y,154
4,4,20,5,3,0.007880999999999971,0.0007610000000000117,Y,152
4,4,20,5,3,0.007182999999999995,0.0008380000000000609,Y,151
4,4,20,5,3,0.009286000000000016,0.0009499999999999509,Y,158
4,4,20,5,3,0.00756699999999999,0.0008080000000000309,Y,152
4,4,20,5,3,0.006847999999999965,0.0005569999999999742,Y,164
4,4,20,5,3,0.011651000000000022,0.0009070000000000467,Y,150
4,4,20,5,3,0.00897199999999998,0.0008359999999999479,Y,159
4,4,20,5,3,0.008433999999999942,0.0008980000000000654,Y,151
4,4,20,5,3,0.008878000000000053,0.0008229999999999071,Y,154
4,4,20,5,3,0.010193999999999925,0.0011489999999999556,Y,146
4,4,20,5,3,0.009006999999999987,0.0010089999999999266,Y,152
4,4,20,5,3,0.009697999999999984,0.0009750000000000592,Y,153
4,4,20,5,3,0.009514000000000022,0.0010330000000000616,Y,149
4,4,20,5,3,0.014172000000000073,0.001226999999999978,Y,153
4,4,20,5,3,0.009997999999999951,0.0009050000000001557,Y,153
3,2,20,5,3,0.004914000000000085,0.0008519999999999639,Y,70
3,2,20,5,3,0.004593999999999987,0.0008149999999998991,Y,66
3,2,20,5,3,0.00489700000000004,0.0008709999999999551,Y,71
3,2,20,5,3,0.00454600000000005,0.0010209999999999386,Y,62
3,2,20,5,3,0.004072999999999882,0.0008470000000000422,Y,66
3,2,20,5,3,0.004527000000000059,0.0006679999999998909,Y,71
3,2,20,5,3,0.0049000000000000155,0.0012689999999999646,Y,65
3,2,20,5,3,0.004717000000000082,0.0007879999999998999,Y,66
3,2,20,5,3,0.004955000000000043,0.0010109999999998731,Y,70
3,2,20,5,3,0.004010999999999987,0.0009520000000000639,Y,68
3,2,20,5,3,0.0044079999999999675,0.0007610000000000117,Y,65
3,2,20,5,3,0.005738999999999939,0.0012679999999999358,Y,65
3,2,20,5,3,0.006002999999999981,0.0008969999999999256,Y,71
3,2,20,5,3,0.0045639999999999015,0.0008329999999999727,Y,64
3,2,20,5,3,0.0049920000000001075,0.0008850000000000247,Y,70
3,2,20,5,3,0.004533000000000009,0.0007660000000000444,Y,73
3,2,20,5,3,0.005013000000000045,0.0011419999999999764,Y,66
3,2,20,5,3,0.005264000000000046,0.0008019999999998584,Y,68
3,2,20,5,3,0.00440700000000005,0.0009050000000000447,Y,67
3,2,20,5,3,0.004020999999999941,0.0006569999999999077,Y,63
2,3,20,5,3,0.006140999999999952,0.0012299999999999534,Y,77
2,3,20,5,3,0.005996999999999919,0.0012860000000000094,Y,82
2,3,20,5,3,0.005001999999999951,0.0008750000000000702,Y,79
2,3,20,5,3,0.005318999999999963,0.0008749999999998481,Y,78
2,3,20,5,3,0.007807999999999926,0.0013330000000000286,Y,79
2,3,20,5,3,0.005967999999999973,0.001166999999999918,Y,77
2,3,20,5,3,0.006199999999999872,0.0011980000000000324,Y,76
2,3,20,5,3,0.006076000000000081,0.0013009999999999966,Y,76
2,3,20,5,3,0.006147999999999931,0.001454999999999984,Y,78
2,3,20,5,3,0.005767000000000189,0.0011860000000000204,Y,80
2,3,20,5,3,0.005530999999999953,0.0010779999999999124,Y,81
2,3,20,5,3,0.005253000000000063,0.0011650000000000826,Y,78
2,3,20,5,3,0.005933999999999995,0.0009820000000000384,Y,81
2,3,20,5,3,0.005053000000000085,0.0008270000000000222,Y,83
2,3,20,5,3,0.005001000000000033,0.0010339999999999794,Y,78
2,3,20,5,3,0.00481699999999996,0.0010989999999999611,Y,76
2,3,20,5,3,0.00501000000000007,0.0008689999999998976,Y,79
2,3,20,5,3,0.005240000000000022,0.0009439999999999449,Y,77
2,3,20,5,3,0.004970999999999948,0.0010139999999999594,Y,79
2,3,20,5,3,0.005745999999999918,0.0009259999999999824,Y,81
2,2,20,5,3,0.004435000000000078,0.0010919999999999819,Y,55
2,2,20,5,3,0.0037970000000000503,0.0011849999999999916,Y,51
2,2,20,5,3,0.003901999999999961,0.0011139999999999484,Y,49
2,2,20,5,3,0.004147000000000123,0.0010119999999999019,Y,50
2,2,20,5,3,0.0047399999999999665,0.001363000000000003,Y,53
2,2,20,5,3,0.005970000000000142,0.0015970000000000706,Y,49
2,2,20,5,3,0.0037910000000001,0.0011010000000000186,Y,51
2,2,20,5,3,0.004618000000000011,0.0012320000000000109,Y,55
2,2,20,5,3,0.005700000000000038,0.001647000000000065,Y,55
2,2,20,5,3,0.004229000000000038,0.0012110000000000731,Y,53
2,2,20,5,3,0.004238999999999993,0.0012289999999999246,Y,54
2,2,20,5,3,0.0045600000000000085,0.0010809999999999986,Y,52
2,2,20,5,3,0.004438999999999971,0.0017160000000001618,Y,53
2,2,20,5,3,0.005352999999999941,0.0014100000000000223,Y,54
2,2,20,5,3,0.0045199999999999685,0.0015600000000000058,Y,50
2,2,20,5,3,0.004442000000000057,0.0008899999999999464,Y,55
2,2,20,5,3,0.004275000000000029,0.0012870000000000381,Y,52
2,2,20,5,3,0.003925000000000067,0.0008689999999998976,Y,54
2,2,20,5,3,0.004369999999999985,0.0009380000000001054,Y,55
2,2,20,5,3,0.004138999999999893,0.0011470000000000091,Y,54
2,1,20,5,3,0.0014099999999999113,0.0003340000000000565,N,26
2,1,20,5,3,0.0014449999999999186,0.000172000000000061,N,27
2,1,20,5,3,0.0014330000000000176,0.00025500000000011624,N,24
2,1,20,5,3,0.0014000000000000679,0.0001420000000000865,N,26
2,1,20,5,3,0.0014860000000000984,0.00016499999999997073,N,26
2,1,20,5,3,0.0014380000000000503,0.00013900000000011126,N,23
2,1,20,5,3,0.00139099999999992,0.000336000000000114,N,25
2,1,20,5,3,0.001419000000000059,0.00019400000000002748,N,27
2,1,20,5,3,0.0014339999999999353,0.00013700000000005375,N,26
2,1,20,5,3,0.0020340000000000913,0.00023700000000004273,N,27
2,1,20,5,3,0.001819000000000015,0.00014900000000017677,N,26
2,1,20,5,3,0.002942,0.0008299999999998864,N,27
2,1,20,5,3,0.0022489999999999455,0.00028100000000019776,N,25
2,1,20,5,3,0.0016620000000000523,0.0005750000000002142,N,27
2,1,20,5,3,0.0016540000000000443,0.0011910000000001641,N,27
2,1,20,5,3,0.0014100000000001334,0.00013499999999999623,N,27
2,1,20,5,3,0.0014060000000000183,0.0006099999999999994,N,27
2,1,20,5,3,0.0015810000000000546,0.00017000000000000348,N,26
2,1,20,5,3,0.0017409999999999926,0.00015400000000020952,N,27
2,1,20,5,3,0.0015490000000000226,0.0003589999999999982,N,26
1,2,20,5,3,0.004518000000000022,0.00048100000000017573,N,30
1,2,20,5,3,0.0024450000000000305,0.0020599999999999508,N,29
1,2,20,5,3,0.00216700000000003,0.003997999999999946,N,30
1,2,20,5,3,0.002022999999999886,0.007337999999999845,N,30
1,2,20,5,3,0.0022780000000000022,0.0010909999999999531,N,30
1,2,20,5,3,0.0038519999999999666,0.0012010000000000076,N,29
1,2,20,5,3,0.002259000000000011,0.0008329999999998616,N,30
1,2,20,5,3,0.0018700000000000383,0.0043919999999999515,N,30
1,2,20,5,3,0.0019850000000001256,0.0015620000000000633,N,30
1,2,20,5,3,0.003944999999999865,0.004342999999999986,N,29
1,2,20,5,3,0.0022290000000000365,0.0007090000000000707,N,30
1,2,20,5,3,0.002070999999999934,0.0024210000000000065,N,30
1,2,20,5,3,0.0019620000000000193,0.00044400000000011097,N,30
1,2,20,5,3,0.0021340000000000803,0.005816000000000043,N,30
1,2,20,5,3,0.003357999999999972,0.0015650000000000386,N,30
1,2,20,5,3,0.0029120000000000257,0.0012689999999999646,N,29
1,2,20,5,3,0.002222999999999864,0.0005550000000000832,N,30
1,2,20,5,3,0.0022170000000001355,0.00036300000000011323,N,30
1,2,20,5,3,0.003980000000000095,0.011483000000000132,Y,30
1,2,20,5,3,0.0037290000000000934,0.010273999999999894,Y,30
1,1,20,5,3,0.0013039999999999718,8.300000000005525e-05,N,15
1,1,20,5,3,0.0013250000000000206,6.20000000000065e-05,N,15
1,1,20,5,3,0.00154299999999985,0.0009199999999998099,N,15
1,1,20,5,3,0.0016009999999999636,9.600000000009601e-05,N,15
1,1,20,5,3,0.0015160000000000728,0.0005579999999998364,N,13
1,1,20,5,3,0.0014210000000001166,0.00018899999999999473,N,15
1,1,20,5,3,0.0013990000000001501,0.000196000000000085,N,15
1,1,20,5,3,0.0013450000000001516,0.0002820000000001155,N,15
1,1,20,5,3,0.0013849999999999696,0.0002089999999999037,N,15
1,1,20,5,3,0.0014970000000000816,0.00023799999999996047,N,15
1,1,20,5,3,0.001546999999999965,0.0007030000000001202,N,15
1,1,20,5,3,0.0013490000000000446,0.00019199999999996997,N,15
1,1,20,5,3,0.0013520000000000199,0.000268000000000157,N,15
1,1,20,5,3,0.001358999999999888,0.0006660000000000554,N,15
1,1,20,5,3,0.0013590000000001101,0.0002620000000002065,N,15
1,1,20,5,3,0.0013520000000000199,0.00018500000000010175,N,15
1,1,20,5,3,0.0013480000000001269,0.00012999999999996348,N,15
1,1,20,5,3,0.0017639999999998768,0.0002649999999999597,N,15
1,1,20,5,3,0.0017220000000000013,0.0005910000000000082,N,15
1,1,20,5,3,0.0028009999999998314,0.0004210000000000047,N,15
4,4,30,6,3,0.028769000000000045,0.003201999999999705,Y,243
4,4,30,6,3,0.02482400000000018,0.003158000000000216,Y,247
4,4,30,6,3,0.030343999999999927,0.0036609999999999143,Y,250
4,4,30,6,3,0.026147000000000142,0.0028719999999999857,Y,244
4,4,30,6,3,0.02387600000000001,0.002102999999999966,Y,229
4,4,30,6,3,0.02228999999999992,0.002738999999999825,Y,240
4,4,30,6,3,0.023101999999999956,0.0029570000000000984,Y,250
4,4,30,6,3,0.024131000000000125,0.002524000000000415,Y,240
4,4,30,6,3,0.02370899999999998,0.0024480000000002278,Y,231
4,4,30,6,3,0.022685999999999984,0.002487000000000128,Y,252
4,4,30,6,3,0.02277399999999985,0.002974000000000032,Y,237
4,4,30,6,3,0.022833000000000325,0.0028319999999999457,Y,241
4,4,30,6,3,0.024391999999999747,0.0024330000000001295,Y,249
4,4,30,6,3,0.023511999999999977,0.002402999999999933,Y,241
4,4,30,6,3,0.02376099999999992,0.002495000000000136,Y,250
4,4,30,6,3,0.02241300000000024,0.0029799999999997606,Y,239
4,4,30,6,3,0.023260999999999976,0.0026639999999999997,Y,242
4,4,30,6,3,0.02436700000000047,0.0022959999999998537,Y,248
4,4,30,6,3,0.023962999999999957,0.0017210000000000836,Y,247
4,4,30,6,3,0.022710999999999926,0.0019020000000002923,Y,245
3,2,30,6,3,0.014743000000000173,0.003462000000000076,Y,104
3,2,30,6,3,0.016326000000000063,0.005468999999999502,Y,102
3,2,30,6,3,0.014963999999999977,0.003722000000000003,Y,104
3,2,30,6,3,0.01563200000000009,0.0034290000000001264,Y,106
3,2,30,6,3,0.014719999999999844,0.003965999999999914,Y,104
3,2,30,6,3,0.013430000000000053,0.0032759999999998346,Y,103
3,2,30,6,3,0.014366000000000101,0.003441999999999945,Y,108
3,2,30,6,3,0.01512900000000017,0.0029529999999999834,Y,108
3,2,30,6,3,0.014178000000000024,0.003235000000000099,Y,102
3,2,30,6,3,0.014310000000000045,0.0033769999999999634,Y,106
3,2,30,6,3,0.014129000000000058,0.002617999999999787,Y,106
3,2,30,6,3,0.014672000000000018,0.003082000000000251,Y,105
3,2,30,6,3,0.01376899999999992,0.004204999999999792,Y,105
3,2,30,6,3,0.014406000000000141,0.004160999999999415,Y,106
3,2,30,6,3,0.014899000000000218,0.0028079999999999217,Y,104
3,2,30,6,3,0.014889999999999848,0.0037439999999997475,Y,104
3,2,30,6,3,0.01531600000000033,0.0028800000000002157,Y,102
3,2,30,6,3,0.014932999999999641,0.004425999999999597,Y,105
3,2,30,6,3,0.015102999999999867,0.004303000000000168,Y,105
3,2,30,6,3,0.014868999999999577,0.0029369999999997454,Y,101
2,3,30,6,3,0.020465000000000177,0.00557199999999991,Y,125
2,3,30,6,3,0.023649999999999505,0.0036629999999995277,Y,124
2,3,30,6,3,0.023060000000000525,0.0056120000000006165,Y,121
2,3,30,6,3,0.020284999999999886,0.0050280000000002545,Y,124
2,3,30,6,3,0.020208999999999477,0.0047400000000004106,Y,123
2,3,30,6,3,0.019354000000000315,0.004707000000000239,Y,124
2,3,30,6,3,0.019473000000000074,0.004353000000000051,Y,121
2,3,30,6,3,0.019696999999999854,0.004598999999999798,Y,119
2,3,30,6,3,0.01941899999999963,0.0036970000000002834,Y,122
2,3,30,6,3,0.019677999999999862,0.0059189999999995635,Y,124
2,3,30,6,3,0.02003099999999991,0.005657999999999497,Y,125
2,3,30,6,3,0.01918299999999995,0.005033000000000509,Y,117
2,3,30,6,3,0.018957000000000335,0.006043000000000021,Y,119
2,3,30,6,3,0.018585000000000296,0.005171999999999954,Y,121
2,3,30,6,3,0.01919700000000013,0.0059469999999994805,Y,116
2,3,30,6,3,0.017649000000000914,0.005014000000000074,Y,125
2,3,30,6,3,0.01800500000000005,0.004361999999999533,Y,125
2,3,30,6,3,0.017542999999999864,0.0044520000000001225,Y,126
2,3,30,6,3,0.01822199999999974,0.004718,Y,121
2,3,30,6,3,0.017497000000000096,0.0044360000000001065,Y,122
2,2,30,6,3,0.015608999999999984,0.0060389999999999056,Y,79
2,2,30,6,3,0.013235999999999581,0.006631999999999749,Y,71
2,2,30,6,3,0.015743999999999758,0.005430000000000046,Y,78
2,2,30,6,3,0.014559999999999906,0.008127999999999691,Y,71
2,2,30,6,3,0.013408999999999782,0.005082999999999949,Y,82
2,2,30,6,3,0.0129220000000001,0.0060749999999996085,Y,78
2,2,30,6,3,0.013405999999999363,0.005689999999999973,Y,76
2,2,30,6,3,0.013062000000000129,0.005880000000000329,Y,78
2,2,30,6,3,0.012863000000000291,0.005455999999999683,Y,78
2,2,30,6,3,0.014156999999999531,0.005575999999999581,Y,76
2,2,30,6,3,0.01277600000000012,0.006464999999999499,Y,77
2,2,30,6,3,0.013242999999999672,0.005538000000000043,Y,81
2,2,30,6,3,0.013195999999999763,0.005235000000000323,Y,78
2,2,30,6,3,0.01274699999999962,0.007036000000000264,Y,79
2,2,30,6,3,0.012916999999999845,0.005048999999999637,Y,79
2,2,30,6,3,0.013119000000000103,0.0059269999999997935,Y,77
2,2,30,6,3,0.013030999999999793,0.006136999999999837,Y,80
2,2,30,6,3,0.013669999999999849,0.005094000000000154,Y,82
2,2,30,6,3,0.012725000000000097,0.004650000000000265,Y,75
2,2,30,6,3,0.012882000000000282,0.005916999999999284,Y,78
2,1,30,6,3,0.0029660000000002462,0.00934899999999983,N,42
2,1,30,6,3,0.007332000000000338,0.008518000000000026,N,45
2,1,30,6,3,0.003054999999999808,0.002485999999999766,N,42
2,1,30,6,3,0.00642100000000001,0.022388999999999992,N,42
2,1,30,6,3,0.004001000000000143,0.0016650000000000276,N,42
2,1,30,6,3,0.007083999999999868,0.015302000000000149,N,42
2,1,30,6,3,0.006425000000000125,0.01339200000000007,N,45
2,1,30,6,3,0.0064429999999999765,0.00473300000000032,N,45
2,1,30,6,3,0.003269999999999662,0.00020200000000025753,N,47
2,1,30,6,3,0.009052999999999756,0.01922999999999986,Y,43
2,1,30,6,3,0.0034890000000000754,0.005025000000000279,N,44
2,1,30,6,3,0.003114999999999757,0.0021780000000002353,N,46
2,1,30,6,3,0.0030490000000003015,0.004555000000000309,N,43
2,1,30,6,3,0.00905400000000034,0.010159999999999503,Y,47
2,1,30,6,3,0.009780000000000122,0.013074999999999726,Y,44
2,1,30,6,3,0.006409000000000109,0.029971999999999888,N,41
2,1,30,6,3,0.009060999999999986,0.016191999999999762,Y,43
2,1,30,6,3,0.0029560000000001807,0.0006130000000004188,N,44
2,1,30,6,3,0.006082000000000143,0.011128999999999944,N,44
2,1,30,6,3,0.006043000000000021,0.011838000000000015,N,44
1,2,30,6,3,0.003946999999999701,0.06257299999999999,N,42
1,2,30,6,3,0.004155000000000353,0.0059549999999997105,N,41
1,2,30,6,3,0.0041120000000001156,0.010325000000000362,N,42
1,2,30,6,3,0.004064999999999763,0.04231399999999974,N,42
1,2,30,6,3,0.012303000000000175,0.1434890000000002,Y,42
1,2,30,6,3,0.003878999999999966,0.0021079999999997767,N,42
1,2,30,6,3,0.003923000000000343,0.12472299999999992,N,42
1,2,30,6,3,0.0038549999999997198,0.09437700000000016,N,42
1,2,30,6,3,0.00401399999999974,0.002929999999999655,N,42
1,2,30,6,3,0.004010000000000069,0.020089000000000024,N,42
1,2,30,6,3,0.004309000000000118,0.03191200000000016,N,42
1,2,30,6,3,0.003964999999999996,0.07478400000000018,N,42
1,2,30,6,3,0.007938000000000223,0.12254200000000015,N,42
1,2,30,6,3,0.003917999999999644,0.024814000000000114,N,42
1,2,30,6,3,0.011804999999999843,0.14710100000000015,Y,42
1,2,30,6,3,0.003834000000000337,0.02324000000000037,N,41
1,2,30,6,3,0.003954000000000235,0.032399999999999984,N,42
1,2,30,6,3,0.003942000000000334,0.024983999999999895,N,42
1,2,30,6,3,0.00447599999999948,0.03385000000000016,N,41
1,2,30,6,3,0.004076000000000413,0.018015000000000114,N,42
1,1,30,6,3,0.002866999999999287,0.0019289999999996255,N,24
1,1,30,6,3,0.0028769999999997964,0.001774999999999416,N,24
1,1,30,6,3,0.003307000000000393,0.0010699999999994603,N,24
1,1,30,6,3,0.003955000000000375,0.00216700000000003,N,24
1,1,30,6,3,0.006082000000000143,0.001050999999999469,N,24
1,1,30,6,3,0.002977999999999703,0.001218999999999859,N,24
1,1,30,6,3,0.003410999999999831,0.005708000000000268,N,24
1,1,30,6,3,0.003427000000000291,0.0008660000000002555,N,24
1,1,30,6,3,0.003205999999999598,0.0005980000000000985,N,24
1,1,30,6,3,0.003226999999999869,0.002413999999999916,N,24
1,1,30,6,3,0.0029770000000004515,0.0005100000000002325,N,24
1,1,30,6,3,0.004131000000000107,0.005274000000000001,N,24
1,1,30,6,3,0.00403200000000048,0.0006859999999999644,N,24
1,1,30,6,3,0.0036209999999998743,0.0004879999999998219,N,24
1,1,30,6,3,0.005543999999999549,0.0006209999999997606,N,24
1,1,30,6,3,0.0036199999999997345,0.0025680000000001257,N,24
1,1,30,6,3,0.003421999999999592,0.002046999999999244,N,24
1,1,30,6,3,0.003186000000000355,0.0016220000000002344,N,24
1,1,30,6,3,0.003470000000000084,0.001992000000000438,N,24
1,1,30,6,3,0.0030599999999996186,0.0011939999999999173,N,24
4,4,40,7,4,0.04440299999999997,0.005787999999999904,Y,328
4,4,40,7,4,0.04462600000000094,0.0072510000000001185,Y,322
4,4,40,7,4,0.04272699999999929,0.005369000000000845,Y,326
4,4,40,7,4,0.050696000000001185,0.008097999999999494,Y,323
4,4,40,7,4,0.04163899999999998,0.00585399999999936,Y,319
4,4,40,7,4,0.04193699999999989,0.006114000000000175,Y,320
4,4,40,7,4,0.041987999999999914,0.006209999999999383,Y,317
4,4,40,7,4,0.0416180000000006,0.007492000000000054,Y,317
4,4,40,7,4,0.041706999999999717,0.005817999999999657,Y,323
4,4,40,7,4,0.04690599999999989,0.009636000000000422,Y,318
4,4,40,7,4,0.055794000000000565,0.010103999999999225,Y,323
4,4,40,7,4,0.049877999999999645,0.008159000000000027,Y,328
4,4,40,7,4,0.040925999999999796,0.006482000000000099,Y,320
4,4,40,7,4,0.043084000000000344,0.0068630000000000635,Y,315
4,4,40,7,4,0.0414229999999991,0.007963000000000164,Y,332
4,4,40,7,4,0.042289999999999495,0.004542999999999964,Y,332
4,4,40,7,4,0.0417569999999996,0.006445000000001144,Y,322
4,4,40,7,4,0.042003000000000235,0.006233999999999185,Y,319
4,4,40,7,4,0.04289400000000043,0.00757899999999978,Y,323
4,4,40,7,4,0.04160399999999953,0.007422999999999291,Y,325
3,2,40,7,4,0.023607000000000156,0.008860999999999564,Y,144
3,2,40,7,4,0.029650000000000176,0.009980000000000544,Y,143
3,2,40,7,4,0.027585999999999444,0.01931099999999919,Y,139
3,2,40,7,4,0.02552999999999983,0.016535000000001077,Y,147
3,2,40,7,4,0.024544999999999817,0.01500799999999991,Y,148
3,2,40,7,4,0.024194000000000493,0.01686500000000013,Y,147
3,2,40,7,4,0.026035000000000252,0.011263000000000467,Y,147
3,2,40,7,4,0.024905999999998762,0.013413999999999149,Y,144
3,2,40,7,4,0.024575000000001346,0.010933000000000526,Y,145
3,2,40,7,4,0.025595000000000034,0.009799000000000113,Y,148
3,2,40,7,4,0.024575000000000458,0.017376000000000502,Y,140
3,2,40,7,4,0.02441999999999922,0.013040999999999414,Y,150
3,2,40,7,4,0.025513000000001895,0.012452999999999825,Y,142
3,2,40,7,4,0.024375000000000036,0.007842999999999378,Y,146
3,2,40,7,4,0.02400900000000039,0.014786000000000854,Y,144
3,2,40,7,4,0.024692999999999188,0.011707999999999608,Y,145
3,2,40,7,4,0.025356000000001266,0.012487000000000137,Y,136
3,2,40,7,4,0.03451500000000074,0.016567999999999472,Y,143
3,2,40,7,4,0.028382999999999825,0.011611999999999512,Y,146
3,2,40,7,4,0.02693300000000054,0.011231999999999687,Y,147
2,3,40,7,4,0.0406329999999997,0.023550999999999433,Y,158
2,3,40,7,4,0.03306899999999935,0.02089700000000061,Y,163
2,3,40,7,4,0.03584499999999924,0.029157000000000544,Y,159
2,3,40,7,4,0.0463060000000004,0.025590999999999475,Y,163
2,3,40,7,4,0.04287500000000044,0.025459999999998928,Y,161
2,3,40,7,4,0.03181399999999979,0.03150899999999979,Y,161
2,3,40,7,4,0.03079100000000068,0.026937999999999462,Y,158
2,3,40,7,4,0.031822000000000905,0.02456299999999967,Y,158
2,3,40,7,4,0.031031999999999726,0.01563300000000023,Y,159
2,3,40,7,4,0.03191400000000044,0.028973999999999833,Y,157
2,3,40,7,4,0.032106999999999,0.026374000000000564,Y,156
2,3,40,7,4,0.031914999999999694,0.025621000000000116,Y,162
2,3,40,7,4,0.03130000000000077,0.02491900000000058,Y,159
2,3,40,7,4,0.03129600000000021,0.033462999999999354,Y,162
2,3,40,7,4,0.0313699999999999,0.03159800000000068,Y,156
2,3,40,7,4,0.032277000000000555,0.028855999999999327,Y,158
2,3,40,7,4,0.03154799999999991,0.03806699999999985,Y,160
2,3,40,7,4,0.03186800000000023,0.03266399999999958,Y,162
2,3,40,7,4,0.0316920000000005,0.025922000000000445,Y,159
2,3,40,7,4,0.03171100000000049,0.02907100000000007,Y,161
2,2,40,7,4,0.02627199999999963,0.04096000000000011,Y,106
2,2,40,7,4,0.027351000000000347,0.04124899999999965,Y,110
2,2,40,7,4,0.025309000000000026,0.03652199999999972,Y,108
2,2,40,7,4,0.023696000000001938,0.04984500000000125,Y,107
2,2,40,7,4,0.023770999999999987,0.04597300000000182,Y,106
2,2,40,7,4,0.0224870000000017,0.05944100000000141,Y,108
2,2,40,7,4,0.022344999999999615,0.060100999999999516,Y,105
2,2,40,7,4,0.022645000000000692,0.052343999999999724,Y,106
2,2,40,7,4,0.02275500000000008,0.054567000000000476,Y,103
2,2,40,7,4,0.023779000000001105,0.039725000000000676,Y,108
2,2,40,7,4,0.022488999999998427,0.06566099999999864,Y,101
2,2,40,7,4,0.02355600000000102,0.02587699999999593,Y,110
2,2,40,7,4,0.02383500000000005,0.04612500000000175,Y,108
2,2,40,7,4,0.022937999999999903,0.03353399999999773,Y,105
2,2,40,7,4,0.023634999999996964,0.039567000000001684,Y,109
2,2,40,7,4,0.023573999999999984,0.027729999999998256,Y,109
2,2,40,7,4,0.023020000000000707,0.041912000000001726,Y,107
2,2,40,7,4,0.022051000000001153,0.05979300000000087,Y,105
2,2,40,7,4,0.023073999999999373,0.04727400000000159,Y,105
2,2,40,7,4,0.021746000000000265,0.05828200000000017,Y,106
2,1,40,7,4,0.004661999999999722,0.0014879999999983795,N,54
2,1,40,7,4,0.0048040000000000305,0.0012179999999997193,N,52
2,1,40,7,4,0.004737000000000435,0.04690599999999989,N,56
2,1,40,7,4,0.005344000000000904,0.00041400000000102466,N,53
2,1,40,7,4,0.005568999999999491,0.016082000000000818,N,56
2,1,40,7,4,0.004737000000000435,0.002828000000000941,N,52
2,1,40,7,4,0.005970999999998838,0.01051900000000039,N,52
2,1,40,7,4,0.005729999999999791,0.00417500000000004,N,53
2,1,40,7,4,0.005163000000001361,0.011100000000000776,N,52
2,1,40,7,4,0.0047389999999989385,0.03552299999999953,N,48
2,1,40,7,4,0.006330000000000169,0.023234999999999673,N,53
2,1,40,7,4,0.005193999999999477,0.007006000000000512,N,52
2,1,40,7,4,0.005923000000001011,0.006221000000000032,N,54
2,1,40,7,4,0.0064520000000012345,0.001017999999998409,N,52
2,1,40,7,4,0.005157000000000522,0.006221999999999284,N,52
2,1,40,7,4,0.005221000000000586,0.004317000000000348,N,52
2,1,40,7,4,0.005529999999998481,0.0020730000000011017,N,54
2,1,40,7,4,0.004884999999999806,0.006035000000000679,N,55
2,1,40,7,4,0.004872999999999905,0.012261000000000521,N,54
2,1,40,7,4,0.004731999999998848,0.00048699999999968213,N,52
1,2,40,7,4,0.007079000000000946,0.05730399999999847,N,56
1,2,40,7,4,0.007892999999999262,0.044477999999999795,N,56
1,2,40,7,4,0.007984000000000435,0.03002700000000047,N,56
1,2,40,7,4,0.006916000000000366,0.18079299999999954,N,56
1,2,40,7,4,0.006816999999999851,0.03868899999999975,N,56
1,2,40,7,4,0.006868000000000762,0.14553500000000064,N,56
1,2,40,7,4,0.0069350000000003575,0.6226000000000003,N,56
1,2,40,7,4,0.006826999999999472,0.10876400000000075,N,56
1,2,40,7,4,0.007771999999999224,0.013532000000001432,N,56
1,2,40,7,4,0.006826000000000221,0.3336939999999995,N,56
1,2,40,7,4,0.006810999999999012,0.02335799999999999,N,55
1,2,40,7,4,0.007195999999998648,0.06258799999999987,N,56
1,2,40,7,4,0.006889000000001033,0.15594299999999883,N,56
1,2,40,7,4,0.00694999999999979,0.2490269999999999,N,56
1,2,40,7,4,0.0069890000000008,0.3038589999999992,N,56
1,2,40,7,4,0.007201999999999487,0.013714999999999478,N,56
1,2,40,7,4,0.006928999999999519,0.10147300000000037,N,56
1,2,40,7,4,0.007339999999999236,0.04243100000000055,N,56
1,2,40,7,4,0.007807999999998927,0.033654999999999546,N,56
1,2,40,7,4,0.007011999999999574,0.03899399999999886,N,56
1,1,40,7,4,0.005200999999999567,0.000764000000000209,N,28
1,1,40,7,4,0.00451100000000082,0.0063480000000009085,N,28
1,1,40,7,4,0.004445999999999728,0.00037299999999973465,N,28
1,1,40,7,4,0.0045589999999986475,0.004065999999999903,N,28
1,1,40,7,4,0.005691999999999808,0.0011009999999984643,N,28
1,1,40,7,4,0.005486000000001212,0.0014710000000004442,N,28
1,1,40,7,4,0.005403000000001157,0.0012809999999987554,N,28
1,1,40,7,4,0.004504999999999981,0.0008379999999998944,N,28
1,1,40,7,4,0.004536999999999125,0.003468999999999056,N,28
1,1,40,7,4,0.007534999999998959,0.004091000000000733,N,28
1,1,40,7,4,0.005885000000001028,0.0028050000000003905,N,27
1,1,40,7,4,0.005485000000000184,0.0012840000000000629,N,28
1,1,40,7,4,0.00572499999999998,0.0012980000000002434,N,28
1,1,40,7,4,0.006317000000001016,0.0023140000000001493,N,28
1,1,40,7,4,0.00555699999999959,0.004893000000000924,N,28
1,1,40,7,4,0.005095999999999989,0.0012590000000010093,N,28
1,1,40,7,4,0.005549000000000248,0.0010270000000005552,N,28
1,1,40,7,4,0.005160000000000053,0.0014399999999987756,N,28
1,1,40,7,4,0.004936999999999969,0.001723000000000141,N,28
1,1,40,7,4,0.004661999999999722,0.000890999999999309,N,28
4,4,50,8,4,0.06991200000000042,0.01028400000000218,Y,390
4,4,50,8,4,0.06471600000000066,0.006950999999997265,Y,412
4,4,50,8,4,0.0658499999999993,0.010685999999999751,Y,401
4,4,50,8,4,0.06800599999999868,0.01099400000000017,Y,399
4,4,50,8,4,0.06523199999999996,0.008761999999999048,Y,401
4,4,50,8,4,0.06564499999999995,0.008725000000000094,Y,400
4,4,50,8,4,0.06980500000000056,0.006857000000001889,Y,413
4,4,50,8,4,0.06679800000000036,0.009645999999998267,Y,418
4,4,50,8,4,0.06924699999999895,0.007462000000000302,Y,411
4,4,50,8,4,0.06637800000000027,0.007123999999999242,Y,398
4,4,50,8,4,0.0688449999999996,0.008155000000000356,Y,409
4,4,50,8,4,0.06620900000000063,0.010751999999998318,Y,406
4,4,50,8,4,0.06721099999999858,0.006142000000000536,Y,407
4,4,50,8,4,0.06696799999999925,0.008100999999999914,Y,397
4,4,50,8,4,0.06619700000000073,0.008160000000000167,Y,408
4,4,50,8,4,0.06687200000000004,0.007034000000002649,Y,406
4,4,50,8,4,0.06464099999999995,0.010782999999999987,Y,402
4,4,50,8,4,0.06921200000000027,0.00841000000000136,Y,407
4,4,50,8,4,0.06722100000000175,0.007416999999998453,Y,425
4,4,50,8,4,0.06965400000000166,0.009346000000000743,Y,412
3,2,50,8,4,0.040582999999999814,0.029016999999999626,Y,166
3,2,50,8,4,0.037687000000000026,0.02245900000000134,Y,165
3,2,50,8,4,0.037580999999997644,0.022289999999998145,Y,173
3,2,50,8,4,0.035938999999999055,0.025986999999997096,Y,169
3,2,50,8,4,0.03508599999999973,0.02861700000000056,Y,168
3,2,50,8,4,0.036249999999999005,0.038158000000001024,Y,171
3,2,50,8,4,0.038133000000000195,0.027136000000000493,Y,171
3,2,50,8,4,0.03711200000000048,0.03407500000000141,Y,166
3,2,50,8,4,0.035888000000001696,0.02939199999999964,Y,170
3,2,50,8,4,0.03734000000000037,0.033478999999999814,Y,166
3,2,50,8,4,0.03682899999999911,0.02855899999999778,Y,169
3,2,50,8,4,0.03761900000000118,0.05060800000000043,Y,161
3,2,50,8,4,0.03655900000000045,0.02864800000000045,Y,169
3,2,50,8,4,0.039058999999999955,0.024378999999999706,Y,171
3,2,50,8,4,0.03728900000000124,0.02014600000000044,Y,175
3,2,50,8,4,0.035223000000002,0.037115999999997484,Y,163
3,2,50,8,4,0.03609200000000001,0.02444000000000024,Y,167
3,2,50,8,4,0.0358900000000002,0.028207000000000093,Y,164
3,2,50,8,4,0.036040000000001626,0.03185599999999944,Y,168
3,2,50,8,4,0.03584299999999985,0.02868000000000137,Y,166
2,3,50,8,4,0.05001500000000014,0.08781399999999806,Y,182
2,3,50,8,4,0.0521930000000026,0.04564800000000169,Y,186
2,3,50,8,4,0.05079600000000006,0.08198900000000187,Y,185
2,3,50,8,4,0.05205000000000126,0.08400100000000066,Y,186
2,3,50,8,4,0.04611000000000054,0.07556099999999866,Y,184
2,3,50,8,4,0.046690000000001675,0.054729999999995727,Y,186
2,3,50,8,4,0.049519999999997566,0.06672199999999862,Y,184
2,3,50,8,4,0.04828799999999944,0.08468799999999987,Y,180
2,3,50,8,4,0.04911800000000355,0.08484399999999326,Y,188
2,3,50,8,4,0.04589800000000466,0.06690899999999544,Y,190
2,3,50,8,4,0.052583000000002045,0.07237199999999788,Y,182
2,3,50,8,4,0.0623730000000009,0.09864899999999821,Y,183
2,3,50,8,4,0.053108999999999185,0.07167799999999858,Y,183
2,3,50,8,4,0.046223000000001235,0.06987699999999819,Y,183
2,3,50,8,4,0.04744399999999871,0.07162400000000346,Y,186
2,3,50,8,4,0.04775899999999922,0.08044499999999744,Y,179
2,3,50,8,4,0.04878099999999819,0.0731509999999993,Y,185
2,3,50,8,4,0.04720800000000125,0.08036399999999944,Y,190
2,3,50,8,4,0.04739799999999761,0.07590000000000074,Y,183
2,3,50,8,4,0.04819500000000332,0.0731180000000009,Y,186
2,2,50,8,4,0.032806999999998254,0.11864100000000377,Y,121
2,2,50,8,4,0.03615199999999774,0.19013599999999897,Y,118
2,2,50,8,4,0.03450199999999981,0.11617100000000136,Y,122
2,2,50,8,4,0.03595699999999624,0.14123899999999878,Y,123
2,2,50,8,4,0.034390999999999394,0.13354599999999905,Y,123
2,2,50,8,4,0.03594700000000017,0.15370200000000267,Y,121
2,2,50,8,4,0.03468400000000216,0.16688199999999753,Y,119
2,2,50,8,4,0.034926999999996156,0.15940699999999808,Y,123
2,2,50,8,4,0.035883000000001886,0.1704289999999986,Y,124
2,2,50,8,4,0.034921000000000646,0.13386900000000068,Y,124
2,2,50,8,4,0.036828999999997336,0.14133700000000005,Y,125
2,2,50,8,4,0.03590800000000627,0.13003700000000507,Y,124
2,2,50,8,4,0.03628000000000142,0.16514600000000357,Y,121
2,2,50,8,4,0.038741999999999166,0.13438000000000017,Y,125
2,2,50,8,4,0.03571200000000019,0.19211899999999815,Y,118
2,2,50,8,4,0.0362019999999994,0.17801399999999745,Y,121
2,2,50,8,4,0.03598500000000371,0.163098999999999,Y,122
2,2,50,8,4,0.03549100000000038,0.172933000000004,Y,121
2,2,50,8,4,0.03478699999999435,0.17127199999999831,Y,125
2,2,50,8,4,0.03495000000000559,0.1432089999999988,Y,124
2,1,50,8,4,0.007215000000002192,0.020752000000001658,N,62
2,1,50,8,4,0.007443999999999562,0.032097000000000264,N,64
2,1,50,8,4,0.008501000000002534,0.05984199999999973,N,61
2,1,50,8,4,0.007321000000001021,0.007073999999999359,N,61
2,1,50,8,4,0.007859999999997314,0.01810299999999998,N,60
2,1,50,8,4,0.00815899999999914,0.0031210000000001514,N,62
2,1,50,8,4,0.008174000000000348,0.008448000000001343,N,62
2,1,50,8,4,0.00723599999999891,0.010523000000002725,N,63
2,1,50,8,4,0.007742999999997835,0.0042980000000021334,N,63
2,1,50,8,4,0.007259999999998712,0.025414999999998855,N,61
2,1,50,8,4,0.00713400000000064,0.02967699999999951,N,61
2,1,50,8,4,0.007486000000000104,0.02999099999999899,N,63
2,1,50,8,4,0.008240000000000691,0.11178299999999908,N,63
2,1,50,8,4,0.007612999999999204,0.003741999999999024,N,62
2,1,50,8,4,0.008272999999999087,0.06284300000000087,N,63
2,1,50,8,4,0.0070979999999991605,0.020717999999998682,N,62
2,1,50,8,4,0.00858700000000212,0.03496799999999922,N,61
2,1,50,8,4,0.007892999999999262,0.02883300000000233,N,60
2,1,50,8,4,0.006955000000001377,0.02054199999999895,N,60
2,1,50,8,4,0.00821600000000089,0.01827600000000018,N,62
1,2,50,8,4,0.010870999999998077,0.2550699999999999,N,64
1,2,50,8,4,0.01191999999999993,1.0957709999999992,N,64
1,2,50,8,4,0.011301000000003114,0.28112799999999893,N,64
1,2,50,8,4,0.012255000000003236,0.3285119999999999,N,63
1,2,50,8,4,0.011794000000001859,0.13912800000000303,N,64
1,2,50,8,4,0.011317000000001798,1.2486180000000004,N,64
1,2,50,8,4,0.012055000000000149,2.063105,N,64
1,2,50,8,4,0.012135000000000673,0.27402500000000174,N,64
1,2,50,8,4,0.01161300000000054,2.5729760000000006,N,64
1,2,50,8,4,0.014948000000000405,6.410667,N,64
1,2,50,8,4,0.01228100000000154,0.9465549999999965,N,64
1,2,50,8,4,0.011769000000001029,0.36894000000000204,N,63
1,2,50,8,4,0.01453599999999966,0.2675259999999966,N,63
1,2,50,8,4,0.011724999999998431,1.0281579999999977,N,64
1,2,50,8,4,0.011684999999999945,0.320135999999998,N,64
1,2,50,8,4,0.012296999999996672,0.15959300000000098,N,64
1,2,50,8,4,0.012109999999999843,0.2583090000000041,N,64
1,2,50,8,4,0.012996000000001118,1.258113999999999,N,64
1,2,50,8,4,0.012003999999997461,5.257870000000004,N,64
1,2,50,8,4,0.012362000000003093,0.053224999999997635,N,64
1,1,50,8,4,0.007833999999995456,0.009318000000000382,N,32
1,1,50,8,4,0.008192000000001087,0.0021839999999997417,N,32
1,1,50,8,4,0.009436000000000888,0.005772999999997808,N,32
1,1,50,8,4,0.008051999999999282,0.002625999999999351,N,32
1,1,50,8,4,0.007684000000004687,0.003334999999999866,N,32
1,1,50,8,4,0.007415000000001726,0.003880000000002326,N,31
1,1,50,8,4,0.00788100000000469,0.003489999999999327,N,32
1,1,50,8,4,0.007555000000003531,0.007739999999998304,N,32
1,1,50,8,4,0.007946999999994375,0.002569999999998629,N,32
1,1,50,8,4,0.00908699999999385,0.001751999999996201,N,32
1,1,50,8,4,0.008718999999999255,0.0020139999999955194,N,32
1,1,50,8,4,0.007847999999995636,0.0025910000000024525,N,32
1,1,50,8,4,0.00759199999999538,0.0023589999999984457,N,32
1,1,50,8,4,0.008645000000001346,0.009536000000004208,N,32
1,1,50,8,4,0.007536999999999239,0.002237999999998408,N,32
1,1,50,8,4,0.00785499999999928,0.004128999999998939,N,31
1,1,50,8,4,0.00775600000000054,0.0017850000000052546,N,32
1,1,50,8,4,0.008032999999997514,0.003426999999994962,N,32
1,1,50,8,4,0.008570000000005962,0.004415000000001612,N,32
1,1,50,8,4,0.008325999999996725,0.002384999999996751,N,32
4,4,60,8,4,0.11980300000000454,0.018855000000002065,Y,471
4,4,60,8,4,0.1139479999999935,0.022751000000006627,Y,473
4,4,60,8,4,0.11431699999999978,0.022465999999994324,Y,465
4,4,60,8,4,0.11235800000000751,0.022712999999995986,Y,460
4,4,60,8,4,0.10931899999999928,0.020133999999998764,Y,468
4,4,60,8,4,0.11042699999999428,0.015008999999999162,Y,455
4,4,60,8,4,0.1158360000000016,0.02067199999999758,Y,464
4,4,60,8,4,0.11154700000000162,0.025846999999998843,Y,469
4,4,60,8,4,0.1115960000000058,0.02112399999999326,Y,463
4,4,60,8,4,0.11176899999999534,0.020158999999999594,Y,454
4,4,60,8,4,0.10881100000000288,0.02236899999999764,Y,463
4,4,60,8,4,0.11304300000000467,0.016365000000000407,Y,461
4,4,60,8,4,0.11149900000000201,0.013526000000005922,Y,462
4,4,60,8,4,0.11551099999999792,0.02078400000000613,Y,465
4,4,60,8,4,0.11374400000000406,0.01890799999999615,Y,465
4,4,60,8,4,0.10955000000000581,0.01832600000000184,Y,453
4,4,60,8,4,0.10967899999999986,0.01532200000000472,Y,465
4,4,60,8,4,0.11635000000000417,0.023688000000007037,Y,471
4,4,60,8,4,0.12166699999999508,0.023412999999997908,Y,462
4,4,60,8,4,0.11146500000000259,0.024184999999995682,Y,472
3,2,60,8,4,0.06218300000000454,0.06369099999999861,Y,198
3,2,60,8,4,0.06055799999999323,0.1010649999999913,Y,193
3,2,60,8,4,0.060611000000001525,0.0701830000000001,Y,198
3,2,60,8,4,0.06324700000000405,0.08147899999999453,Y,201
3,2,60,8,4,0.06159500000000406,0.0588600000000028,Y,200
3,2,60,8,4,0.059863,0.06833700000000675,Y,195
3,2,60,8,4,0.06373599999999868,0.08670899999999904,Y,193
3,2,60,8,4,0.06018100000000004,0.11621900000000807,Y,189
3,2,60,8,4,0.06216799999999978,0.06562699999999921,Y,202
3,2,60,8,4,0.061601000000003125,0.09238000000000568,Y,201
3,2,60,8,4,0.05932800000000782,0.07749300000000403,Y,192
3,2,60,8,4,0.060245000000008986,0.0643400000000085,Y,203
3,2,60,8,4,0.060940999999992584,0.08226200000000006,Y,203
3,2,60,8,4,0.06022500000000264,0.05071500000000384,Y,204
3,2,60,8,4,0.06260600000000238,0.05333199999999039,Y,200
3,2,60,8,4,0.06134399999999829,0.07197999999999638,Y,207
3,2,60,8,4,0.061438000000002546,0.05184999999999462,Y,202
3,2,60,8,4,0.0602439999999973,0.07988299999998816,Y,202
3,2,60,8,4,0.06047799999999626,0.0630209999999991,Y,199
3,2,60,8,4,0.061223999999995726,0.05664400000000569,Y,198
2,3,60,8,4,0.07950300000000965,0.18875899999999746,Y,202
2,3,60,8,4,0.08102600000000137,0.2766939999999991,Y,203
2,3,60,8,4,0.07843299999999687,0.2499599999999944,Y,206
2,3,60,8,4,0.07947400000000471,0.30940999999999974,Y,199
2,3,60,8,4,0.08187000000000211,0.22899400000000725,Y,205
2,3,60,8,4,0.07623199999999741,0.32629699999999673,Y,201
2,3,60,8,4,0.07705299999999937,0.25216200000000555,Y,205
2,3,60,8,4,0.07692300000000785,0.18581499999999807,Y,203
2,3,60,8,4,0.07968100000000078,0.1722559999999973,Y,204
2,3,60,8,4,0.07732399999999728,0.2267219999999952,Y,205
2,3,60,8,4,0.07783300000000537,0.26889499999998634,Y,204
2,3,60,8,4,0.07805699999999405,0.266373999999999,Y,205
2,3,60,8,4,0.08026799999999668,0.2891340000000042,Y,202
2,3,60,8,4,0.08325999999999567,0.2462679999999935,Y,202
2,3,60,8,4,0.07935200000000009,0.30148999999999404,Y,202
2,3,60,8,4,0.07801500000000061,0.22666799999999654,Y,203
2,3,60,8,4,0.08249200000000201,0.2821000000000069,Y,204
2,3,60,8,4,0.07863199999999892,0.2509680000000003,Y,204
2,3,60,8,4,0.0857470000000049,0.27903100000000336,Y,203
2,3,60,8,4,0.08112100000000311,0.22562500000000085,Y,206
2,2,60,8,4,0.06248200000000281,0.36691100000000887,Y,142
2,2,60,8,4,0.0692110000000028,0.2994410000000016,Y,143
2,2,60,8,4,0.0638619999999932,0.352843,Y,141
2,2,60,8,4,0.06070600000000326,0.46374599999999333,Y,142
2,2,60,8,4,0.06381900000000229,0.31961199999999934,Y,144
2,2,60,8,4,0.06653200000000226,0.4549560000000028,Y,141
2,2,60,8,4,0.05882299999999674,0.4471810000000076,Y,140
2,2,60,8,4,0.06981300000000346,0.5135860000000037,Y,139
2,2,60,8,4,0.06224100000000021,0.46343100000000703,Y,139
2,2,60,8,4,0.07840900000000772,0.5319219999999945,Y,142
2,2,60,8,4,0.06669399999999825,0.8094269999999995,Y,139
2,2,60,8,4,0.06911700000001986,0.555018000000004,Y,142
2,2,60,8,4,0.07142500000000496,0.40572199999999725,Y,140
2,2,60,8,4,0.07140500000001282,0.7202659999999952,Y,141
2,2,60,8,4,0.06597899999999868,0.3832659999999919,Y,142
2,2,60,8,4,0.06047000000000935,0.49618700000000615,Y,143
2,2,60,8,4,0.0603269999999867,0.536791000000008,Y,141
2,2,60,8,4,0.06462100000000248,0.4098110000000048,Y,142
2,2,60,8,4,0.058938000000011925,0.5291949999999872,Y,141
2,2,60,8,4,0.06133199999999306,0.4758149999999972,Y,140
2,1,60,8,4,0.015162000000003673,0.07214500000000612,N,80
2,1,60,8,4,0.014388999999994212,1.2267850000000067,N,78
2,1,60,8,4,0.012730000000004793,0.062204000000008364,N,79
2,1,60,8,4,0.016909999999995762,1.1029709999999966,N,78
2,1,60,8,4,0.013121999999995637,0.03532200000000785,N,78
2,1,60,8,4,0.0161679999999933,0.03329299999998625,N,78
2,1,60,8,4,0.012973999999999819,1.608553999999998,N,79
2,1,60,8,4,0.042995999999988044,1.801565999999994,Y,78
2,1,60,8,4,0.014141000000009285,0.9053019999999918,N,78
2,1,60,8,4,0.015332999999998265,1.758451000000008,N,75
2,1,60,8,4,0.014426000000000272,0.5778909999999939,N,79
2,1,60,8,4,0.0413819999999987,2.028819999999982,Y,79
2,1,60,8,4,0.014805000000009727,0.0765829999999994,N,78
2,1,60,8,4,0.04056900000000496,2.624762000000004,Y,78
2,1,60,8,4,0.013718999999994708,0.8835610000000003,N,80
2,1,60,8,4,0.013768000000013103,0.0493979999999965,N,76
2,1,60,8,4,0.014147999999991612,0.8287139999999908,N,78
2,1,60,8,4,0.012905000000003497,0.36636500000000183,N,78
2,1,60,8,4,0.020679000000001224,0.35640700000000436,N,79
2,1,60,8,4,0.042541999999983204,1.8554850000000016,Y,79
1,2,60,8,4,0.021713999999988687,5.346277000000001,N,72
1,2,60,8,4,0.01817199999999275,1.3491240000000033,N,72
1,2,60,8,4,0.020054999999999268,1.6973030000000051,N,72
1,2,60,8,4,0.018756999999993695,3.1305990000000037,N,72
1,2,60,8,4,0.018309999999999604,1.8063649999999996,N,72
1,2,60,8,4,0.019295999999997093,25.808375000000012,N,72
1,2,60,8,4,0.020344999999991842,3.4762569999999755,N,72
1,2,60,8,4,0.022414000000026135,6.309358000000003,N,72
1,2,60,8,4,0.01889500000001476,7.598421000000002,N,72
1,2,60,8,4,0.016907000000003336,7.512900000000002,N,72
1,2,60,8,4,0.02031300000001579,5.045553999999981,N,72
1,2,60,8,4,0.017096000000009326,6.055275999999992,N,71
1,2,60,8,4,0.017348000000026786,0.5377520000000118,N,72
1,2,60,8,4,0.01887299999998504,0.37265800000000127,N,72
1,2,60,8,4,0.01747100000000046,10.757202000000007,N,72
1,2,60,8,4,0.02042200000002481,6.01054400000001,N,72
1,2,60,8,4,0.018365999999986116,6.899862999999982,N,72
1,2,60,8,4,0.02058399999998528,1.3902960000000064,N,72
1,2,60,8,4,0.020670999999993,26.32283000000001,N,72
1,2,60,8,4,0.019561000000010154,6.46827399999998,N,72
1,1,60,8,4,0.01317400000002067,0.01654099999998948,N,40
1,1,60,8,4,0.014325000000013688,0.0023679999999899337,N,40
1,1,60,8,4,0.013800000000003365,0.03203099999998926,N,40
1,1,60,8,4,0.012039000000015676,0.017231000000009544,N,40
1,1,60,8,4,0.013425000000012233,0.003721000000012964,N,40
1,1,60,8,4,0.013660999999984824,0.009160000000008495,N,40
1,1,60,8,4,0.011604000000005499,0.0045939999999973224,N,40
1,1,60,8,4,0.012158999999996922,0.0011790000000075906,N,40
1,1,60,8,4,0.012084999999984802,0.06434199999998214,N,40
1,1,60,8,4,0.011700000000018917,0.07791900000000851,N,40
1,1,60,8,4,0.01309100000000285,0.003973999999999478,N,40
1,1,60,8,4,0.01339300000000776,0.11146499999998127,N,40
1,1,60,8,4,0.012053000000008751,0.002528000000012298,N,40
1,1,60,8,4,0.01321899999999232,0.0155860000000132,N,40
1,1,60,8,4,0.013159000000001697,0.0032339999999919655,N,40
1,1,60,8,4,0.012973000000016555,0.051009999999990896,N,40
1,1,60,8,4,0.010956000000021504,0.004344000000003234,N,40
1,1,60,8,4,0.011831000000000813,0.037412999999986596,N,40
1,1,60,8,4,0.012926999999990585,0.00565399999999272,N,40
1,1,60,8,4,0.012584999999972979,0.03239899999999807,N,40
4,4,70,9,5,0.1594750000000147,0.059088000000002694,Y,522
4,4,70,9,5,0.16370700000001648,0.05244400000000837,Y,524
4,4,70,9,5,0.1606689999999844,0.05409299999999462,Y,517
4,4,70,9,5,0.16001399999996124,0.045298000000030925,Y,531
4,4,70,9,5,0.15865000000002283,0.0514349999999979,Y,531
4,4,70,9,5,0.16175299999997605,0.07270900000000324,Y,514
4,4,70,9,5,0.1563859999999977,0.05178699999999026,Y,529
4,4,70,9,5,0.15173899999999207,0.09921900000003347,Y,526
4,4,70,9,5,0.16456300000004376,0.05666899999997099,Y,530
4,4,70,9,5,0.15831599999998502,0.047243000000008806,Y,528
4,4,70,9,5,0.1655839999999955,0.07194300000000453,Y,532
4,4,70,9,5,0.15645399999999654,0.043250000000028876,Y,532
4,4,70,9,5,0.15061299999999278,0.0598810000000185,Y,542
4,4,70,9,5,0.16176600000000008,0.07775800000004551,Y,528
4,4,70,9,5,0.16284099999998602,0.05220600000004083,Y,533
4,4,70,9,5,0.178084000000041,0.07438800000002743,Y,531
4,4,70,9,5,0.15585699999999747,0.0751679999999908,Y,528
4,4,70,9,5,0.1573470000000441,0.06423000000000911,Y,535
4,4,70,9,5,0.1623260000000073,0.04138000000000375,Y,534
4,4,70,9,5,0.16253800000001206,0.07528800000002889,Y,532
3,2,70,9,5,0.0845769999999959,0.7402139999999804,Y,220
3,2,70,9,5,0.09096500000001129,0.41378199999999765,Y,228
3,2,70,9,5,0.08707300000000373,0.4415050000000065,Y,224
3,2,70,9,5,0.08304200000000606,0.5845750000000294,Y,222
3,2,70,9,5,0.08943499999998039,0.5950519999999813,Y,228
3,2,70,9,5,0.08650999999997566,0.5451210000000231,Y,222
3,2,70,9,5,0.08502200000003768,0.5070670000000064,Y,222
3,2,70,9,5,0.08385400000000232,0.5021860000000231,Y,229
3,2,70,9,5,0.08764600000000655,0.356537000000003,Y,227
3,2,70,9,5,0.08655999999999153,0.5296069999999986,Y,229
3,2,70,9,5,0.08576000000005024,0.3992430000000411,Y,226
3,2,70,9,5,0.08741700000001629,0.48152600000003076,Y,228
3,2,70,9,5,0.08467500000000427,0.47821000000001845,Y,227
3,2,70,9,5,0.08643699999996102,0.3765619999999785,Y,229
3,2,70,9,5,0.08654400000003193,0.6186110000000156,Y,223
3,2,70,9,5,0.08848100000000159,0.38165200000000254,Y,231
3,2,70,9,5,0.08459000000001993,0.47974700000000325,Y,225
3,2,70,9,5,0.08337700000001291,0.573677000000032,Y,227
3,2,70,9,5,0.0809470000000374,0.6112750000000347,Y,228
3,2,70,9,5,0.08954699999998184,0.5200640000000192,Y,225
2,3,70,9,5,0.11361099999999169,1.5273310000000038,Y,230
2,3,70,9,5,0.11346600000001672,1.7654150000000186,Y,231
2,3,70,9,5,0.11505400000001487,1.746797999999984,Y,232
2,3,70,9,5,0.10943000000000325,1.8992959999999641,Y,228
2,3,70,9,5,0.11166800000000876,1.4944750000000226,Y,232
2,3,70,9,5,0.10519900000005578,1.3808009999999626,Y,228
2,3,70,9,5,0.11102300000001719,2.002605000000017,Y,231
2,3,70,9,5,0.11248099999997407,1.8458359999999914,Y,226
2,3,70,9,5,0.11203800000001252,1.6853870000000484,Y,230
2,3,70,9,5,0.1129980000000046,1.9968090000000416,Y,229
2,3,70,9,5,0.10973799999999301,1.8165180000000305,Y,231
2,3,70,9,5,0.11114000000003443,1.8916449999999827,Y,228
2,3,70,9,5,0.10758599999991247,1.3592499999999745,Y,230
2,3,70,9,5,0.1089979999999855,1.8695000000000164,Y,229
2,3,70,9,5,0.11560799999995197,1.6226479999999697,Y,232
2,3,70,9,5,0.11085800000000745,1.8687209999999936,Y,228
2,3,70,9,5,0.11313900000004651,1.4418079999999804,Y,225
2,3,70,9,5,0.10660000000001446,1.5126060000000052,Y,232
2,3,70,9,5,0.1166109999999776,1.6945029999999406,Y,228
2,3,70,9,5,0.10664300000001958,1.7020440000000008,Y,230
2,2,70,9,5,0.07481699999999591,5.2836829999999395,Y,157
2,2,70,9,5,0.07939800000002606,4.739481000000012,Y,160
2,2,70,9,5,0.08439800000002151,4.118522000000041,Y,159
2,2,70,9,5,0.08587899999997717,3.2947529999999574,Y,161
2,2,70,9,5,0.07685900000001311,4.727690999999993,Y,155
2,2,70,9,5,0.07687600000002703,3.855007999999941,Y,160
2,2,70,9,5,0.0843269999999734,2.636388000000011,Y,160
2,2,70,9,5,0.0846679999999651,5.635016000000007,Y,160
2,2,70,9,5,0.08084899999994377,2.8336400000000594,Y,160
2,2,70,9,5,0.07419399999997722,4.061718999999982,Y,158
2,2,70,9,5,0.08154900000010912,2.7345920000000206,Y,160
2,2,70,9,5,0.07837400000005346,5.109645999999941,Y,156
2,2,70,9,5,0.07646199999993541,4.125620000000026,Y,159
2,2,70,9,5,0.07896899999997231,3.441609000000028,Y,160
2,2,70,9,5,0.07112300000000005,3.634029000000055,Y,161
2,2,70,9,5,0.07540099999999939,5.038350999999977,Y,159
2,2,70,9,5,0.08217799999994213,5.27133299999997,Y,157
2,2,70,9,5,0.07760799999994106,4.188396999999952,Y,159
2,2,70,9,5,0.07441699999998264,3.5662979999999607,Y,161
2,2,70,9,5,0.0771889999999189,5.705898999999988,Y,156
2,1,70,9,5,0.015996999999970285,0.8317800000000375,N,87
2,1,70,9,5,0.01811099999997623,0.5869879999999625,N,89
2,1,70,9,5,0.015368000000023585,1.056160000000034,N,87
2,1,70,9,5,0.0161200000000008,3.655343000000016,N,89
2,1,70,9,5,0.023439999999993688,0.09683699999999362,N,88
2,1,70,9,5,0.018827000000044336,4.35404699999998,N,88
2,1,70,9,5,0.01780100000001994,0.07399700000001985,N,87
2,1,70,9,5,0.016099999999994452,1.2259949999999549,N,89
2,1,70,9,5,0.018037999999990006,0.16822500000000673,N,89
2,1,70,9,5,0.018267000000037115,0.6452029999999809,N,89
2,1,70,9,5,0.01476100000002134,0.07149900000001708,N,88
2,1,70,9,5,0.016156000000023596,0.06334800000001906,N,88
2,1,70,9,5,0.017724999999984448,0.3004490000000146,N,89
2,1,70,9,5,0.017144999999970878,0.7720400000000041,N,89
2,1,70,9,5,0.017471999999997934,0.0655360000000087,N,87
2,1,70,9,5,0.018444999999985612,1.5971079999999915,N,87
2,1,70,9,5,0.01835399999998799,0.3784050000000434,N,87
2,1,70,9,5,0.02006299999999328,1.5594839999999976,N,88
2,1,70,9,5,0.018232000000011794,0.07727300000004789,N,88
2,1,70,9,5,0.01654999999999518,0.45471700000001647,N,88
1,2,70,9,5,0.02310099999999693,1.7780180000000314,N,81
1,2,70,9,5,0.02319900000003372,1.0051020000000221,N,81
1,2,70,9,5,0.026779999999973825,1.344109000000003,N,81
1,2,70,9,5,0.02355699999998251,13.197744999999998,N,81
1,2,70,9,5,0.02630099999998947,0.3615050000000224,N,81
1,2,70,9,5,0.023886000000004515,25.385250999999982,N,81
1,2,70,9,5,0.02276200000000017,0.4194269999999847,N,81
1,2,70,9,5,0.02254299999998466,0.4475360000000137,N,81
1,2,70,9,5,0.022569999999973334,0.836117999999999,N,81
1,2,70,9,5,0.022606999999993604,0.4550020000000359,N,81
1,2,70,9,5,0.02237600000000839,3.6517499999999927,N,81
1,2,70,9,5,0.023172999999985677,2.4851580000000126,N,81
1,2,70,9,5,0.026245999999957803,0.35169199999995726,N,81
1,2,70,9,5,0.022157999999990352,1.3082290000000398,N,81
1,2,70,9,5,0.026119999999991705,0.6994720000000143,N,81
1,2,70,9,5,0.023058999999989283,0.40151000000003023,N,81
1,2,70,9,5,0.024460000000033233,0.37957899999997835,N,81
1,2,70,9,5,0.026603999999963435,3.8810569999999984,N,81
1,2,70,9,5,0.02643999999997959,5.557877000000019,N,81
1,2,70,9,5,0.02619100000003982,1.258751000000018,N,81
1,1,70,9,5,0.015384999999980664,0.007562999999947806,N,45
1,1,70,9,5,0.020786999999984346,0.039305000000013024,N,45
1,1,70,9,5,0.016514000000029228,0.0027119999999740685,N,45
1,1,70,9,5,0.018578000000047723,0.004775999999992564,N,45
1,1,70,9,5,0.017429999999990287,0.0021590000000060172,N,45
1,1,70,9,5,0.016646999999977652,0.004027000000007774,N,45
1,1,70,9,5,0.017003999999985808,0.02977600000002667,N,45
1,1,70,9,5,0.0186429999999973,0.014769000000001142,N,45
1,1,70,9,5,0.018390000000010787,0.0026429999999777465,N,45
1,1,70,9,5,0.01574900000002799,0.0033920000000193795,N,45
1,1,70,9,5,0.016075000000000728,0.008732000000009066,N,45
1,1,70,9,5,0.015024999999980082,0.002051999999991949,N,45
1,1,70,9,5,0.01634599999999864,0.0221779999999967,N,45
1,1,70,9,5,0.0156729999999925,0.005820000000028358,N,45
1,1,70,9,5,0.015431000000035056,0.07898399999999128,N,45
1,1,70,9,5,0.015067999999985204,0.005096999999977925,N,45
1,1,70,9,5,0.015367999999966742,0.005824999999958891,N,45
1,1,70,9,5,0.0167229999999563,0.010306000000014137,N,45
1,1,70,9,5,0.01641300000000001,0.01008999999999105,N,45
1,1,70,9,5,0.015579999999999927,0.1317809999999895,N,45
4,4,80,9,5,0.207224999999994,0.11702799999994795,Y,577
4,4,80,9,5,0.21164999999996326,0.12276000000002796,Y,566
4,4,80,9,5,0.20504800000009027,0.09760699999998224,Y,575
4,4,80,9,5,0.20326400000004696,0.09632400000003827,Y,594
4,4,80,9,5,0.19909599999999728,0.1420859999999493,Y,589
4,4,80,9,5,0.20759099999997943,0.18129299999998238,Y,575
4,4,80,9,5,0.21095499999995582,0.11096800000001394,Y,597
4,4,80,9,5,0.1999869999999646,0.07312300000006644,Y,574
4,4,80,9,5,0.19517999999993663,0.12609599999996135,Y,588
4,4,80,9,5,0.20843000000007805,0.08090199999998049,Y,577
4,4,80,9,5,0.2198020000000156,0.0916339999999991,Y,575
4,4,80,9,5,0.20604500000001735,0.19604400000002897,Y,587
4,4,80,9,5,0.20536600000002636,0.10841400000003887,Y,587
4,4,80,9,5,0.20502500000003465,0.08919300000002295,Y,585
4,4,80,9,5,0.21002700000002505,0.20549100000005183,Y,579
4,4,80,9,5,0.204003000000057,0.13407600000005004,Y,574
4,4,80,9,5,0.21032600000000912,0.15237300000001142,Y,570
4,4,80,9,5,0.19496999999995523,0.2013600000000224,Y,584
4,4,80,9,5,0.20802699999995866,0.07586000000003423,Y,584
4,4,80,9,5,0.20704599999993434,0.10455499999989115,Y,595
3,2,80,9,5,0.1013489999999706,1.525184999999965,Y,229
3,2,80,9,5,0.10691300000002002,1.1127119999999877,Y,227
3,2,80,9,5,0.1000810000000456,0.9651529999999298,Y,233
3,2,80,9,5,0.0977120000000582,1.0703550000000064,Y,231
3,2,80,9,5,0.11029400000006717,0.8337000000000216,Y,234
3,2,80,9,5,0.10163900000003423,1.416749999999979,Y,232
3,2,80,9,5,0.1104549999999449,1.11683000000005,Y,238
3,2,80,9,5,0.105399000000034,1.0684430000000589,Y,233
3,2,80,9,5,0.1021790000000351,1.4020219999999881,Y,232
3,2,80,9,5,0.10098499999998012,1.064091000000019,Y,230
3,2,80,9,5,0.10196999999999434,1.6575559999999996,Y,231
3,2,80,9,5,0.11296500000003107,1.095596999999941,Y,234
3,2,80,9,5,0.11479999999994561,1.04969200000005,Y,234
3,2,80,9,5,0.0999039999999809,1.2393910000000687,Y,231
3,2,80,9,5,0.10416400000002568,1.136502000000064,Y,229
3,2,80,9,5,0.09737600000005386,1.4702259999999683,Y,229
3,2,80,9,5,0.10286300000007031,1.2143950000000245,Y,232
3,2,80,9,5,0.10298599999998714,1.2037160000000426,Y,233
3,2,80,9,5,0.10383899999999358,1.1486039999999775,Y,232
3,2,80,9,5,0.11064499999997679,1.1879520000000525,Y,231
2,3,80,9,5,0.14604599999989887,4.662905999999964,Y,252
2,3,80,9,5,0.14138899999994692,5.1763670000000275,Y,248
2,3,80,9,5,0.14265800000003992,5.596627999999953,Y,246
2,3,80,9,5,0.14168699999999035,5.126817000000017,Y,250
2,3,80,9,5,0.14456300000006195,5.0461780000000545,Y,247
2,3,80,9,5,0.14129800000006298,4.795397000000037,Y,247
2,3,80,9,5,0.13713799999993626,5.503193999999894,Y,249
2,3,80,9,5,0.140453999999977,5.107779999999934,Y,248
2,3,80,9,5,0.14849400000002788,4.685256000000095,Y,248
2,3,80,9,5,0.14696700000001783,4.524605999999949,Y,247
2,3,80,9,5,0.14217099999996208,5.557468999999969,Y,249
2,3,80,9,5,0.14480400000002192,4.480348000000163,Y,250
2,3,80,9,5,0.1388889999998355,4.907392000000073,Y,250
2,3,80,9,5,0.14312900000004447,3.427428999999961,Y,252
2,3,80,9,5,0.14197300000000723,5.416741999999999,Y,247
2,3,80,9,5,0.15099099999997634,5.308224000000109,Y,249
2,3,80,9,5,0.14474099999983991,4.841294000000175,Y,248
2,3,80,9,5,0.13846599999999398,4.911107000000129,Y,251
2,3,80,9,5,0.1421060000000125,4.745359000000008,Y,249
2,3,80,9,5,0.14246000000002823,4.496047999999973,Y,250
2,2,80,9,5,0.09645499999999174,9.00331099999994,Y,161
2,2,80,9,5,0.09901899999988473,8.549940999999876,Y,162
2,2,80,9,5,0.10532999999998083,13.897342999999978,Y,158
2,2,80,9,5,0.1075140000001511,12.031149999999911,Y,160
2,2,80,9,5,0.09527000000002772,14.954506000000151,Y,162
2,2,80,9,5,0.10582399999998415,13.174131999999872,Y,160
2,2,80,9,5,0.09776500000009491,11.049555999999939,Y,162
2,2,80,9,5,0.09551499999997759,13.262054000000035,Y,159
2,2,80,9,5,0.09794299999998657,12.57972499999994,Y,160
2,2,80,9,5,0.10133299999995415,13.681148000000121,Y,158
2,2,80,9,5,0.10513099999991482,18.144116999999937,Y,162
2,2,80,9,5,0.09918000000004668,20.748857999999927,Y,155
2,2,80,9,5,0.10040500000002339,13.41342700000007,Y,161
2,2,80,9,5,0.10206499999981133,11.465041999999812,Y,159
2,2,80,9,5,0.0985569999999143,12.564938000000097,Y,161
2,2,80,9,5,0.10105399999997644,17.380975000000035,Y,158
2,2,80,9,5,0.1024609999999484,12.93104900000003,Y,161
2,2,80,9,5,0.10194000000012693,7.878332,Y,161
2,2,80,9,5,0.10143399999992653,13.145691000000056,Y,162
2,2,80,9,5,0.09737100000006649,9.738900999999828,Y,161
2,1,80,9,5,0.02011800000002495,0.4377429999999549,N,90
2,1,80,9,5,0.020020000000045002,1.3200329999999667,N,90
2,1,80,9,5,0.02317100000004757,1.3384939999999688,N,89
2,1,80,9,5,0.018532000000050175,0.08315000000004602,N,89
2,1,80,9,5,0.021838000000002467,0.0999779999999646,N,90
2,1,80,9,5,0.021693000000027496,0.4869449999999915,N,90
2,1,80,9,5,0.01994799999999941,0.6445479999999861,N,90
2,1,80,9,5,0.01994200000001456,1.4667329999999765,N,89
2,1,80,9,5,0.0212179999999762,0.2222230000000991,N,90
2,1,80,9,5,0.023355000000037762,1.5584390000000212,N,89
2,1,80,9,5,0.019332000000076732,0.5377869999999803,N,90
2,1,80,9,5,0.01985899999999674,0.23450100000002294,N,89
2,1,80,9,5,0.01905299999998533,0.9594479999999521,N,89
2,1,80,9,5,0.019404000000008637,0.4982830000000149,N,90
2,1,80,9,5,0.019194999999967877,1.2220599999999422,N,88
2,1,80,9,5,0.02028599999994185,0.5891379999999344,N,88
2,1,80,9,5,0.023335000000088257,0.11543299999993906,N,89
2,1,80,9,5,0.02232400000002599,0.3924260000000004,N,89
2,1,80,9,5,0.022745999999983724,0.0831590000000233,N,90
2,1,80,9,5,0.021020000000021355,2.3832869999999957,N,89
1,2,80,9,5,0.03230400000006739,4.9970859999999675,N,81
1,2,80,9,5,0.032520999999974265,6.131544000000076,N,81
1,2,80,9,5,0.028114999999957035,5.380880000000047,N,81
1,2,80,9,5,0.03135300000008101,0.7836209999999255,N,81
1,2,80,9,5,0.03187700000000859,6.540821000000051,N,81
1,2,80,9,5,0.02992000000006101,1.4737219999999525,N,81
1,2,80,9,5,0.03323100000000068,0.657884000000081,N,81
1,2,80,9,5,0.03480099999990216,0.3452629999999317,N,81
1,2,80,9,5,0.033966999999961445,2.8794050000000198,N,81
1,2,80,9,5,0.03395599999998922,1.4956730000000107,N,81
1,2,80,9,5,0.029338999999936277,11.27243999999996,N,81
1,2,80,9,5,0.028593999999998232,1.34030800000005,N,81
1,2,80,9,5,0.035010999999940395,0.8372039999999288,N,81
1,2,80,9,5,0.03168999999991229,1.8353100000000495,N,81
1,2,80,9,5,0.029004999999983738,1.2620339999999715,N,81
1,2,80,9,5,0.028129000000035376,3.3710499999999683,N,81
1,2,80,9,5,0.03130399999997735,1.1441859999999906,N,81
1,2,80,9,5,0.03380400000003192,0.2555459999999812,N,81
1,2,80,9,5,0.03451499999994212,0.4705779999999322,N,81
1,2,80,9,5,0.030148999999937587,3.0976590000000215,N,81
1,1,80,9,5,0.017728999999917505,0.006517000000030748,N,45
1,1,80,9,5,0.019635999999991327,0.00400200000001405,N,45
1,1,80,9,5,0.021736999999916407,0.01653400000009242,N,45
1,1,80,9,5,0.02015100000005532,0.004336999999964064,N,45
1,1,80,9,5,0.021244999999908032,0.015244999999936226,N,45
1,1,80,9,5,0.02036600000008093,0.005122999999912281,N,45
1,1,80,9,5,0.022441999999955442,0.017873000000008687,N,45
1,1,80,9,5,0.020972000000028856,0.007389999999986685,N,45
1,1,80,9,5,0.020978999999897496,0.003940999999940686,N,45
1,1,80,9,5,0.02233200000000579,0.005678999999986445,N,45
1,1,80,9,5,0.023009000000001834,0.0025939999999309293,N,45
1,1,80,9,5,0.01979499999993095,0.0031010000000151194,N,45
1,1,80,9,5,0.01934399999993275,0.0035739999999577776,N,45
1,1,80,9,5,0.020911999999952968,0.05514099999993505,N,45
1,1,80,9,5,0.022352999999952772,0.034637999999972635,N,45
1,1,80,9,5,0.019991000000004533,0.0998220000000174,N,45
1,1,80,9,5,0.022582000000056723,0.007963000000017928,N,45
1,1,80,9,5,0.02064400000006117,0.018004000000019005,N,45
1,1,80,9,5,0.022334000000000742,0.016758000000095308,N,45
1,1,80,9,5,0.0192979999999352,0.01470500000004904,N,45
4,4,90,10,5,0.3531079999999065,0.1723149999999123,Y,646
4,4,90,10,5,0.3377859999999373,0.2250259999999571,Y,641
4,4,90,10,5,0.33835500000009233,0.22927599999991344,Y,651
4,4,90,10,5,0.3605609999999615,0.20677999999998065,Y,657
4,4,90,10,5,0.33759600000007595,0.19103900000004614,Y,641
4,4,90,10,5,0.33994400000005953,0.1658350000000155,Y,644
4,4,90,10,5,0.3368920000000344,0.21791700000017045,Y,632
4,4,90,10,5,0.34002699999996366,0.17997399999978825,Y,659
4,4,90,10,5,0.34540900000001784,0.20552299999997103,Y,639
4,4,90,10,5,0.3435749999999871,0.21582599999999275,Y,637
4,4,90,10,5,0.33914999999990414,0.16046699999992597,Y,647
4,4,90,10,5,0.3407750000001215,0.2536800000000312,Y,652
4,4,90,10,5,0.3510310000000345,0.1848120000001927,Y,644
4,4,90,10,5,0.3441880000001447,0.2845310000000154,Y,645
4,4,90,10,5,0.3415010000001075,0.2036040000000412,Y,644
4,4,90,10,5,0.3444410000000744,0.29449899999985973,Y,634
4,4,90,10,5,0.33893699999998717,0.160186000000067,Y,652
4,4,90,10,5,0.34053400000004785,0.18615399999998772,Y,646
4,4,90,10,5,0.34251099999994494,0.18875800000012077,Y,646
4,4,90,10,5,0.33263799999997445,0.16123500000003332,Y,647
3,2,90,10,5,0.1760950000000321,2.199644999999805,Y,256
3,2,90,10,5,0.17219100000011167,1.8173809999999548,Y,257
3,2,90,10,5,0.18315100000006623,1.8260959999998931,Y,262
3,2,90,10,5,0.16891599999996743,2.126780000000167,Y,254
3,2,90,10,5,0.18119000000001506,2.350315999999907,Y,257
3,2,90,10,5,0.17786299999988842,1.9081030000000965,Y,257
3,2,90,10,5,0.1789050000000998,1.6033200000000534,Y,262
3,2,90,10,5,0.17321500000002743,1.753233000000023,Y,260
3,2,90,10,5,0.17935399999998936,2.158230000000003,Y,257
3,2,90,10,5,0.16961499999990792,2.0813300000000936,Y,255
3,2,90,10,5,0.18359800000007453,1.793689999999856,Y,261
3,2,90,10,5,0.17234699999994518,1.770962000000054,Y,260
3,2,90,10,5,0.17912200000000666,1.7772679999999355,Y,261
3,2,90,10,5,0.18472099999985403,2.0890880000001744,Y,259
3,2,90,10,5,0.18859199999997145,2.4759039999999004,Y,263
3,2,90,10,5,0.17337999999983822,1.967860999999857,Y,259
3,2,90,10,5,0.17473500000005515,2.2323470000000043,Y,254
3,2,90,10,5,0.17872299999999086,2.244874999999979,Y,251
3,2,90,10,5,0.18027200000005905,2.00640599999997,Y,257
3,2,90,10,5,0.17178900000010344,1.9928679999999304,Y,256
2,3,90,10,5,0.25105200000007244,8.16812399999992,Y,278
2,3,90,10,5,0.24675100000001748,8.214959000000135,Y,277
2,3,90,10,5,0.25033399999995254,8.185170999999968,Y,276
2,3,90,10,5,0.2515359999999873,8.231262000000015,Y,278
2,3,90,10,5,0.2432090000000926,8.637626999999839,Y,274
2,3,90,10,5,0.2529050000000552,6.868249000000105,Y,279
2,3,90,10,5,0.24037599999996928,7.777639000000249,Y,279
2,3,90,10,5,0.25016100000016195,9.22544000000039,Y,274
2,3,90,10,5,0.25072499999987485,7.286351000000195,Y,278
2,3,90,10,5,0.25982299999986935,7.162718999999925,Y,273
2,3,90,10,5,0.25867500000026666,7.87286899999981,Y,278
2,3,90,10,5,0.2610669999999118,7.689349999999877,Y,278
2,3,90,10,5,0.24541999999996733,7.788428999999951,Y,279
2,3,90,10,5,0.24741199999994024,8.580067999999756,Y,280
2,3,90,10,5,0.258527999999842,8.100533999999925,Y,279
2,3,90,10,5,0.24735900000018773,7.1179769999998825,Y,279
2,3,90,10,5,0.24135400000000118,8.557352000000037,Y,274
2,3,90,10,5,0.24883200000022043,7.975912999999991,Y,277
2,3,90,10,5,0.25096399999983987,7.187054999999646,Y,279
2,3,90,10,5,0.25971099999992475,8.482550000000174,Y,279
2,2,90,10,5,0.16243299999973715,22.53968900000018,Y,179
2,2,90,10,5,0.17090900000016518,31.00416899999982,Y,179
2,2,90,10,5,0.17013900000029025,27.437039999999797,Y,179
2,2,90,10,5,0.1758629999999357,17.744683000000123,Y,179
2,2,90,10,5,0.16958599999975377,29.028424000000086,Y,180
2,2,90,10,5,0.1726179999998294,25.711365999999998,Y,178
2,2,90,10,5,0.17356199999994715,31.55981799999995,Y,175
2,2,90,10,5,0.17735800000014024,24.49150899999995,Y,180
2,2,90,10,5,0.17535799999996016,28.101439000000028,Y,178
2,2,90,10,5,0.16572299999961615,28.912251000000197,Y,177
2,2,90,10,5,0.1666010000001279,26.705474000000095,Y,179
2,2,90,10,5,0.17042500000002292,22.841685000000098,Y,179
2,2,90,10,5,0.1687179999998989,25.587205999999696,Y,177
2,2,90,10,5,0.1745130000001609,30.094718999999714,Y,177
2,2,90,10,5,0.177967999999737,23.729982999999947,Y,179
2,2,90,10,5,0.18170299999997042,28.11393800000019,Y,178
2,2,90,10,5,0.16319099999986975,26.61770599999977,Y,178
2,2,90,10,5,0.15861100000006445,26.714829999999893,Y,178
2,2,90,10,5,0.17788999999993393,24.611308000000236,Y,180
2,2,90,10,5,0.1775119999999788,29.514357000000473,Y,180
2,1,90,10,5,0.02927199999999175,1.4993030000000545,N,99
2,1,90,10,5,0.024597999999969034,0.3284120000000712,N,99
2,1,90,10,5,0.026751000000103886,6.987289000000146,N,99
2,1,90,10,5,0.024145999999973355,1.061339000000089,N,99
2,1,90,10,5,0.025724000000082015,0.37153699999998935,N,100
2,1,90,10,5,0.02477099999987331,0.4133409999999458,N,98
2,1,90,10,5,0.027829000000110682,0.3937149999999292,N,99
2,1,90,10,5,0.030690000000049622,0.08532999999988533,N,96
2,1,90,10,5,0.025699000000031447,0.3735990000000129,N,99
2,1,90,10,5,0.028297000000065964,0.38968499999987216,N,98
2,1,90,10,5,0.027779999999893334,0.10300099999994927,N,100
2,1,90,10,5,0.028129999999919164,0.32497299999999996,N,100
2,1,90,10,5,0.02373899999997775,3.8690110000000004,N,100
2,1,90,10,5,0.025744999999915308,0.07943700000009812,N,98
2,1,90,10,5,0.024783000000070388,1.4626909999999498,N,98
2,1,90,10,5,0.027855000000045038,4.957245999999941,N,100
2,1,90,10,5,0.02852900000016234,0.17879199999993034,N,97
2,1,90,10,5,0.024567000000160988,0.10806300000012925,N,100
2,1,90,10,5,0.02680400000008376,1.0142910000001848,N,99
2,1,90,10,5,0.024987999999893873,0.3204040000000532,N,99
1,2,90,10,5,0.039381999999932304,1.368558000000121,N,90
1,2,90,10,5,0.03989100000012513,7.8557210000001305,N,90
1,2,90,10,5,0.042091000000027634,0.48589800000013383,N,90
1,2,90,10,5,0.03530399999999645,7.224226000000044,N,90
1,2,90,10,5,0.043220000000019354,30.683712999999898,N,90
1,2,90,10,5,0.040293000000019674,0.8590100000001257,N,90
1,2,90,10,5,0.0395290000001296,30.295334999999795,N,90
1,2,90,10,5,0.043785000000070795,0.48681699999997363,N,90
1,2,90,10,5,0.04306300000007468,0.5836030000000392,N,90
1,2,90,10,5,0.03887200000008306,35.659351000000015,N,90
1,2,90,10,5,0.03677700000002915,7.746034000000009,N,89
1,2,90,10,5,0.03902599999992162,8.071810000000141,N,90
1,2,90,10,5,0.04421300000012707,5.4310290000000805,N,90
1,2,90,10,5,0.04294900000013513,8.116927000000032,N,90
1,2,90,10,5,0.03710399999999936,8.622218999999859,N,90
1,2,90,10,5,0.03629300000011426,6.639594999999872,N,90
1,2,90,10,5,0.03791900000010173,16.30622200000016,N,90
1,2,90,10,5,0.04185800000004747,27.698826999999937,N,90
1,2,90,10,5,0.0377019999998538,94.33439699999985,N,90
1,2,90,10,5,0.03316100000006372,47.311733000000004,N,90
1,1,90,10,5,0.030095000000073924,0.007573999999976877,N,50
1,1,90,10,5,0.024495999999999185,0.00828999999998814,N,50
1,1,90,10,5,0.028835999999955675,0.052756999999928667,N,50
1,1,90,10,5,0.02373899999997775,0.1806730000000698,N,50
1,1,90,10,5,0.02510500000016691,0.04085299999997005,N,50
1,1,90,10,5,0.026063999999905718,0.16883499999994456,N,50
1,1,90,10,5,0.024456999999983964,0.0556939999999031,N,50
1,1,90,10,5,0.02408700000000863,0.11286600000016733,N,50
1,1,90,10,5,0.024543999999877997,0.03918100000009872,N,50
1,1,90,10,5,0.023537999999916792,0.010827999999946769,N,50
1,1,90,10,5,0.025440000000116925,0.07204100000012659,N,50
1,1,90,10,5,0.025761999999986074,0.14285999999992782,N,50
1,1,90,10,5,0.023946999999907348,0.018322000000125627,N,50
1,1,90,10,5,0.02384600000004866,0.10783700000001772,N,50
1,1,90,10,5,0.023512999999866224,0.11135599999988699,N,50
1,1,90,10,5,0.026225000000067666,0.03992199999993318,N,50
1,1,90,10,5,0.024812000000110856,0.021479999999883148,N,50
1,1,90,10,5,0.02542300000004616,0.006350000000111322,N,50
1,1,90,10,5,0.025730000000066866,0.004460999999992055,N,50
1,1,90,10,5,0.026776000000154454,0.03276600000003782,N,50
4,4,100,10,5,0.4399799999998777,0.24479699999983495,Y,703
4,4,100,10,5,0.43600700000024517,0.21690000000012333,Y,693
4,4,100,10,5,0.43563300000027994,0.36281400000007125,Y,695
4,4,100,10,5,0.4572899999998299,0.2582239999997,Y,699
4,4,100,10,5,0.4317909999999756,0.2612409999999272,Y,702
4,4,100,10,5,0.43585200000029545,0.39105799999992996,Y,696
4,4,100,10,5,0.44170199999985016,0.2818200000001525,Y,691
4,4,100,10,5,0.4327880000000732,0.2648739999999634,Y,705
4,4,100,10,5,0.43980099999998856,0.29011899999886737,Y,700
4,4,100,10,5,0.4400620000001254,0.32005300000037096,Y,702
4,4,100,10,5,0.4489260000000286,0.4297959999998966,Y,703
4,4,100,10,5,0.43996000000015556,0.23642299999983152,Y,702
4,4,100,10,5,0.4335989999999583,0.3800579999992806,Y,685
4,4,100,10,5,0.42394899999999325,0.27152699999987817,Y,697
4,4,100,10,5,0.4414829999996073,0.34712400000034904,Y,706
4,4,100,10,5,0.43758299999990413,0.44770900000003166,Y,692
4,4,100,10,5,0.4670519999995122,0.2874490000003789,Y,698
4,4,100,10,5,0.44628699999930177,0.26422699999966426,Y,700
4,4,100,10,5,0.43880499999977474,0.3478109999996377,Y,699
4,4,100,10,5,0.435968999999659,0.5082609999999477,Y,691
3,2,100,10,5,0.2358589999994365,2.9018880000003264,Y,293
3,2,100,10,5,0.2301900000002206,2.8789520000000266,Y,288
3,2,100,10,5,0.24230100000022503,3.6344859999999244,Y,290
3,2,100,10,5,0.2487120000005234,3.178805000000466,Y,291
3,2,100,10,5,0.2312750000005508,3.5239169999995283,Y,294
3,2,100,10,5,0.2304679999997461,4.1022720000000845,Y,292
3,2,100,10,5,0.23568399999976464,4.69284000000016,Y,290
3,2,100,10,5,0.2414280000002691,4.224941999999373,Y,287
3,2,100,10,5,0.2274480000000949,3.26979399999982,Y,293
3,2,100,10,5,0.24378000000024258,3.5581190000002607,Y,290
3,2,100,10,5,0.23352200000044832,2.979377999999997,Y,291
3,2,100,10,5,0.22823600000037914,3.59996000000001,Y,294
3,2,100,10,5,0.2440279999991617,2.7761140000002342,Y,295
3,2,100,10,5,0.23054099999990285,4.242424999999912,Y,287
3,2,100,10,5,0.23419299999977738,3.8977450000006684,Y,283
3,2,100,10,5,0.2395609999998669,4.403765000000021,Y,287
3,2,100,10,5,0.22979099999975006,3.083020999999462,Y,290
3,2,100,10,5,0.24394700000038938,3.5855339999993703,Y,292
3,2,100,10,5,0.24019900000030248,4.2423069999999825,Y,284
3,2,100,10,5,0.2338169999998172,4.465361999999914,Y,286
2,3,100,10,5,0.30944399999998495,13.628121000000192,Y,280
2,3,100,10,5,0.30577900000025693,12.370867999999973,Y,279
2,3,100,10,5,0.3202559999999721,25.07788299999993,Y,278
2,3,100,10,5,0.30987699999968754,25.503886999999395,Y,278
2,3,100,10,5,0.30314200000066194,14.592371999999614,Y,279
2,3,100,10,5,0.30705299999999625,24.585696000000098,Y,278
2,3,100,10,5,0.29903799999965486,26.42156599999953,Y,280
2,3,100,10,5,0.3057490000001053,11.101368999999977,Y,280
2,3,100,10,5,0.30293299999993906,22.543194000000312,Y,279
2,3,100,10,5,0.3020409999999174,24.19171299999971,Y,274
2,3,100,10,5,0.29654000000027736,25.193960000000516,Y,280
2,3,100,10,5,0.29203599999982544,24.82001199999968,Y,276
2,3,100,10,5,0.3066319999998086,24.78646799999933,Y,280
2,3,100,10,5,0.2940099999996164,13.050246000000698,Y,276
2,3,100,10,5,0.29180799999994633,14.72566199999983,Y,277
2,3,100,10,5,0.30897800000047937,24.35530899999958,Y,279
2,3,100,10,5,0.29778699999997116,26.08542499999976,Y,278
2,3,100,10,5,0.29965900000115653,12.206307000000379,Y,280
2,3,100,10,5,0.2900800000002164,13.577256000000489,Y,279
2,3,100,10,5,0.3058029999997416,22.494723999999678,Y,276
2,2,100,10,5,0.21819600000026185,58.91296599999987,Y,199
2,2,100,10,5,0.24426699999958146,65.26295299999992,Y,197
2,2,100,10,5,0.21878699999933815,46.838825000000725,Y,198
2,2,100,10,5,0.23306500000035157,65.37113499999987,Y,199
2,2,100,10,5,0.22604400000045644,58.400964000000386,Y,199
