c,d,n,k,r,gen_time,solve_time,valid,sel_len
12,12,10,4,2,0.002259000000000011,0.00010000000000000286,Y,259
12,12,10,4,2,0.001451999999999995,4.200000000000037e-05,Y,253
12,12,10,4,2,0.0014379999999999948,3.600000000000825e-05,Y,257
12,12,10,4,2,0.0014370000000000077,3.199999999999037e-05,Y,260
12,12,10,4,2,0.0014490000000000058,2.999999999998837e-05,Y,265
12,12,10,4,2,0.0014299999999999868,2.8000000000000247e-05,Y,256
12,12,10,4,2,0.0014279999999999848,2.9000000000001247e-05,Y,254
12,12,10,4,2,0.0014200000000000046,2.6999999999999247e-05,Y,251
12,12,10,4,2,0.0014329999999999898,2.4999999999997247e-05,Y,261
12,12,10,4,2,0.0014210000000000056,2.6999999999999247e-05,Y,249
12,8,10,4,2,0.0010289999999999744,2.6999999999999247e-05,Y,166
12,8,10,4,2,0.0010449999999999904,2.5999999999998247e-05,Y,175
12,8,10,4,2,0.0010390000000000121,2.5999999999998247e-05,Y,172
12,8,10,4,2,0.0010440000000000171,2.4999999999997247e-05,Y,176
12,8,10,4,2,0.0010280000000000011,2.3999999999996247e-05,Y,167
12,8,10,4,2,0.0010429999999999884,2.3999999999996247e-05,Y,175
12,8,10,4,2,0.0010440000000000171,2.4999999999997247e-05,Y,175
12,8,10,4,2,0.0010390000000000121,2.2999999999995246e-05,Y,171
12,8,10,4,2,0.0010440000000000171,2.2999999999995246e-05,Y,177
12,8,10,4,2,0.0011249999999999871,2.6999999999999247e-05,Y,179
12,4,10,4,2,0.0006879999999999942,2.8000000000000247e-05,Y,89
12,4,10,4,2,0.0007079999999999864,2.9000000000001247e-05,Y,90
12,4,10,4,2,0.0007139999999999924,2.6999999999999247e-05,Y,92
12,4,10,4,2,0.0007179999999999964,2.8000000000000247e-05,Y,94
12,4,10,4,2,0.0007050000000000112,2.4999999999997247e-05,Y,96
12,4,10,4,2,0.0006929999999999992,2.3999999999996247e-05,Y,87
12,4,10,4,2,0.0007010000000000072,2.6999999999999247e-05,Y,93
12,4,10,4,2,0.0006329999999999947,2.3999999999996247e-05,Y,87
12,4,10,4,2,0.0006400000000000017,2.0999999999993246e-05,Y,91
12,4,10,4,2,0.0006400000000000017,2.0999999999993246e-05,Y,94
8,8,10,4,2,0.0010300000000000031,2.4999999999997247e-05,Y,170
8,8,10,4,2,0.0010199999999999931,2.4999999999997247e-05,Y,163
8,8,10,4,2,0.0010429999999999884,2.3999999999996247e-05,Y,170
8,8,10,4,2,0.0010159999999999891,2.4999999999997247e-05,Y,163
8,8,10,4,2,0.0010129999999999861,2.2999999999995246e-05,Y,162
8,8,10,4,2,0.0010189999999999921,2.3999999999996247e-05,Y,163
8,8,10,4,2,0.0010200000000000209,2.3999999999996247e-05,Y,166
8,8,10,4,2,0.0010249999999999981,2.2999999999995246e-05,Y,166
8,8,10,4,2,0.0010089999999999821,2.6999999999999247e-05,Y,160
8,8,10,4,2,0.0010199999999999931,2.5999999999998247e-05,Y,162
8,4,10,4,2,0.0006349999999999967,2.4999999999997247e-05,Y,87
8,4,10,4,2,0.0006319999999999937,2.3999999999996247e-05,Y,86
8,4,10,4,2,0.0006410000000000027,2.2999999999995246e-05,Y,90
8,4,10,4,2,0.0006379999999999997,2.4999999999997247e-05,Y,87
8,4,10,4,2,0.0006309999999999927,2.0999999999993246e-05,Y,87
8,4,10,4,2,0.0006319999999999937,2.3999999999996247e-05,Y,86
8,4,10,4,2,0.0006329999999999947,2.1999999999994246e-05,Y,85
8,4,10,4,2,0.0006470000000000087,2.2999999999995246e-05,Y,89
8,4,10,4,2,0.0006329999999999947,2.4999999999997247e-05,Y,85
8,4,10,4,2,0.0006270000000000164,2.3999999999996247e-05,Y,83
4,4,10,4,2,0.0006110000000000004,2.2999999999995246e-05,Y,73
4,4,10,4,2,0.0006170000000000064,2.1999999999994246e-05,Y,77
4,4,10,4,2,0.0006160000000000054,2.2999999999995246e-05,Y,73
4,4,10,4,2,0.0006130000000000024,2.4999999999997247e-05,Y,73
4,4,10,4,2,0.0006160000000000054,2.4999999999997247e-05,Y,76
4,4,10,4,2,0.0006299999999999917,2.4000000000024002e-05,Y,84
4,4,10,4,2,0.0006159999999999777,2.3000000000023002e-05,Y,76
4,4,10,4,2,0.0006259999999999877,2.3999999999996247e-05,Y,80
4,4,10,4,2,0.0006150000000000044,2.2999999999995246e-05,Y,73
4,4,10,4,2,0.0006140000000000034,2.4999999999997247e-05,Y,70
3,2,10,4,2,0.00040600000000001746,2.5999999999998247e-05,Y,36
3,2,10,4,2,0.00040300000000001446,2.4999999999997247e-05,Y,34
3,2,10,4,2,0.0004049999999999887,2.8000000000000247e-05,Y,35
3,2,10,4,2,0.00041300000000002446,2.3000000000023002e-05,Y,36
3,2,10,4,2,0.00040100000000001246,4.299999999998749e-05,Y,31
3,2,10,4,2,0.00042699999999998295,2.8000000000000247e-05,Y,34
3,2,10,4,2,0.0004240000000000077,2.8000000000000247e-05,Y,32
3,2,10,4,2,0.0004430000000000267,2.9000000000001247e-05,Y,33
3,2,10,4,2,0.0004940000000000222,3.800000000001025e-05,Y,32
3,2,10,4,2,0.0004489999999999772,2.9000000000001247e-05,Y,32
2,3,10,4,2,0.0005220000000000224,3.799999999998249e-05,Y,44
2,3,10,4,2,0.0005290000000000017,3.100000000000325e-05,Y,39
2,3,10,4,2,0.0005110000000000114,3.999999999998449e-05,Y,39
2,3,10,4,2,0.0005209999999999937,4.300000000001525e-05,Y,41
2,3,10,4,2,0.0005229999999999957,3.0000000000002247e-05,Y,44
2,3,10,4,2,0.0005169999999999897,2.5999999999998247e-05,Y,43
2,3,10,4,2,0.00046400000000001995,2.6999999999999247e-05,Y,38
2,3,10,4,2,0.0004689999999999972,4.099999999998549e-05,Y,39
2,3,10,4,2,0.0004730000000000012,2.999999999997449e-05,Y,39
2,3,10,4,2,0.0005000000000000004,2.6999999999999247e-05,Y,40
2,2,10,4,2,0.0003999999999999837,4.100000000001325e-05,Y,32
2,2,10,4,2,0.0003959999999999797,4.000000000001225e-05,Y,31
2,2,10,4,2,0.0003909999999999747,3.300000000000525e-05,Y,28
2,2,10,4,2,0.0004049999999999887,3.200000000000425e-05,Y,29
2,2,10,4,2,0.00039700000000000846,2.899999999997349e-05,Y,29
2,2,10,4,2,0.00039500000000000646,4.100000000001325e-05,Y,31
2,2,10,4,2,0.00039200000000000346,3.300000000000525e-05,Y,28
2,2,10,4,2,0.00039600000000000746,3.0000000000002247e-05,Y,31
2,2,10,4,2,0.0004029999999999867,2.6999999999999247e-05,Y,32
2,2,10,4,2,0.0004099999999999937,3.300000000000525e-05,Y,28
2,1,10,4,2,0.00031699999999998396,5.7000000000001494e-05,N,18
2,1,10,4,2,0.00032699999999999396,4.899999999999349e-05,Y,17
2,1,10,4,2,0.0003180000000000127,4.099999999998549e-05,Y,16
2,1,10,4,2,0.0003140000000000087,3.500000000000725e-05,Y,17
2,1,10,4,2,0.0003160000000000107,3.699999999998149e-05,Y,16
2,1,10,4,2,0.00032999999999999696,4.100000000001325e-05,Y,18
2,1,10,4,2,0.0003220000000000167,3.500000000000725e-05,Y,18
2,1,10,4,2,0.0003160000000000107,4.899999999999349e-05,Y,17
2,1,10,4,2,0.0003100000000000047,6.60000000000105e-05,Y,14
2,1,10,4,2,0.0003150000000000097,3.699999999998149e-05,Y,17
1,2,10,4,2,0.00037899999999999046,4.899999999999349e-05,N,19
1,2,10,4,2,0.0003850000000000242,7.599999999999274e-05,Y,20
1,2,10,4,2,0.00037999999999999146,4.599999999999049e-05,N,20
1,2,10,4,2,0.0003830000000000222,8.499999999997399e-05,Y,19
1,2,10,4,2,0.0003770000000000162,3.899999999998349e-05,N,20
1,2,10,4,2,0.0003820000000000212,7.499999999999174e-05,N,16
1,2,10,4,2,0.00039300000000000446,7.999999999999674e-05,Y,18
1,2,10,4,2,0.00038299999999999446,6.30000000000075e-05,Y,20
1,2,10,4,2,0.00038299999999999446,5.7000000000001494e-05,Y,19
1,2,10,4,2,0.0003770000000000162,7.499999999999174e-05,Y,19
1,1,10,4,2,0.0003110000000000057,9.999999999982245e-06,N,12
1,1,10,4,2,0.00031699999999998396,9.300000000000974e-05,Y,12
1,1,10,4,2,0.0003110000000000057,3.999999999998449e-05,N,12
1,1,10,4,2,0.0003150000000000097,4.799999999999249e-05,N,11
1,1,10,4,2,0.0003180000000000127,5.2999999999997494e-05,N,10
1,1,10,4,2,0.00034300000000000996,5.8000000000002494e-05,N,11
1,1,10,4,2,0.0003130000000000077,5.4999999999999494e-05,N,10
1,1,10,4,2,0.0003240000000000187,3.300000000000525e-05,N,12
1,1,10,4,2,0.00031999999999998696,9.900000000001574e-05,Y,12
1,1,10,4,2,0.0003100000000000047,7.799999999999474e-05,Y,12
12,12,20,5,3,0.006716,0.00020899999999998697,Y,608
12,12,20,5,3,0.0070209999999999995,0.00022600000000000398,Y,624
12,12,20,5,3,0.006765999999999994,0.0003029999999999977,Y,623
12,12,20,5,3,0.006716,0.00019600000000000173,Y,620
12,12,20,5,3,0.006672000000000011,0.00019900000000000473,Y,610
12,12,20,5,3,0.006732000000000016,0.00019099999999999673,Y,622
12,12,20,5,3,0.006809999999999983,0.00023499999999998522,Y,615
12,12,20,5,3,0.0067649999999999655,0.00019099999999999673,Y,640
12,12,20,5,3,0.006728999999999985,0.00021299999999996322,Y,622
12,12,20,5,3,0.006647999999999987,0.0002969999999999917,Y,606
12,8,20,5,3,0.004579999999999973,0.00019500000000000073,Y,407
12,8,20,5,3,0.004579999999999973,0.00024000000000001798,Y,410
12,8,20,5,3,0.004929000000000017,0.0002729999999999677,Y,419
12,8,20,5,3,0.004652999999999963,0.00017400000000000748,Y,411
12,8,20,5,3,0.00456899999999999,0.00022199999999999998,Y,407
12,8,20,5,3,0.004635,0.00022699999999997722,Y,422
12,8,20,5,3,0.004620999999999986,0.00024200000000001998,Y,421
12,8,20,5,3,0.004575999999999969,0.00021999999999999797,Y,406
12,8,20,5,3,0.004581000000000002,0.00019900000000000473,Y,412
12,8,20,5,3,0.004691000000000001,0.00018400000000001748,Y,410
12,4,20,5,3,0.0024780000000000357,0.0002510000000000012,Y,207
12,4,20,5,3,0.002460999999999991,0.00020300000000000873,Y,196
12,4,20,5,3,0.002477000000000007,0.00024500000000005073,Y,203
12,4,20,5,3,0.0025040000000000062,0.00021900000000002473,Y,205
12,4,20,5,3,0.002475000000000005,0.00025599999999997847,Y,204
12,4,20,5,3,0.0024659999999999682,0.00021999999999999797,Y,204
12,4,20,5,3,0.002483000000000013,0.00022100000000002673,Y,207
12,4,20,5,3,0.0024839999999999862,0.00021499999999996522,Y,207
12,4,20,5,3,0.002477000000000007,0.00017299999999997873,Y,204
12,4,20,5,3,0.002495000000000025,0.00018699999999999273,Y,204
8,8,20,5,3,0.004547000000000023,0.00021700000000002273,Y,385
8,8,20,5,3,0.00475800000000004,0.00019799999999997597,Y,387
8,8,20,5,3,0.004481000000000013,0.0002469999999999972,Y,385
8,8,20,5,3,0.004487999999999992,0.00020399999999998197,Y,368
8,8,20,5,3,0.0044399999999999995,0.00020100000000000673,Y,371
8,8,20,5,3,0.004429000000000016,0.00022100000000002673,Y,370
8,8,20,5,3,0.0045079999999999565,0.0002809999999999757,Y,388
8,8,20,5,3,0.0044640000000000235,0.00021399999999999197,Y,379
8,8,20,5,3,0.00456899999999999,0.00020999999999998797,Y,382
8,8,20,5,3,0.0046279999999999655,0.00026799999999999047,Y,386
8,4,20,5,3,0.0024660000000000237,0.00022800000000000598,Y,199
8,4,20,5,3,0.002458999999999989,0.00018299999999998873,Y,194
8,4,20,5,3,0.0024339999999999917,0.00020699999999995722,Y,190
8,4,20,5,3,0.0024190000000000045,0.00024199999999996447,Y,187
8,4,20,5,3,0.0024610000000000465,0.00020699999999995722,Y,189
8,4,20,5,3,0.0025270000000000015,0.00024999999999997247,Y,194
8,4,20,5,3,0.0024639999999999662,0.0002750000000000252,Y,197
8,4,20,5,3,0.0024310000000000165,0.00019899999999994922,Y,188
8,4,20,5,3,0.0024460000000000037,0.00019000000000002348,Y,187
8,4,20,5,3,0.0024819999999999842,0.0002650000000000152,Y,189
4,4,20,5,3,0.002485000000000015,0.0002829999999999777,Y,152
4,4,20,5,3,0.0024179999999999757,0.000266000000000044,Y,140
4,4,20,5,3,0.002332999999999974,0.00023099999999998122,Y,150
4,4,20,5,3,0.0023320000000000007,0.0003110000000000057,Y,156
4,4,20,5,3,0.0023470000000000435,0.00030400000000002647,Y,158
4,4,20,5,3,0.0023290000000000255,0.00023699999999998722,Y,149
4,4,20,5,3,0.0024200000000000332,0.00021899999999996922,Y,164
4,4,20,5,3,0.0023039999999999727,0.0002610000000000112,Y,152
4,4,20,5,3,0.0023350000000000315,0.00019900000000000473,Y,148
4,4,20,5,3,0.0023350000000000315,0.0002770000000000272,Y,158
3,2,20,5,3,0.0013749999999999596,0.0004010000000000402,Y,68
3,2,20,5,3,0.0013739999999999863,0.0003690000000000082,Y,67
3,2,20,5,3,0.0013949999999999796,0.0003209999999999602,Y,65
3,2,20,5,3,0.0013820000000000499,0.00034200000000000896,Y,69
3,2,20,5,3,0.0014120000000000243,0.00027199999999999447,Y,71
3,2,20,5,3,0.001475000000000004,0.00040999999999991044,Y,72
3,2,20,5,3,0.0014490000000000336,0.00047599999999992093,Y,61
3,2,20,5,3,0.0015370000000000106,0.0003149999999999542,Y,76
3,2,20,5,3,0.0014449999999999186,0.00032799999999999496,Y,69
3,2,20,5,3,0.0013610000000000566,0.00043999999999999595,Y,64
2,3,20,5,3,0.001778999999999975,0.0004610000000000447,Y,79
2,3,20,5,3,0.0017779999999999463,0.0004250000000000087,Y,81
2,3,20,5,3,0.001758999999999955,0.00045600000000001195,Y,83
2,3,20,5,3,0.0017220000000000013,0.0005450000000000177,Y,76
2,3,20,5,3,0.001751000000000058,0.00036799999999992394,Y,82
2,3,20,5,3,0.0017380000000000173,0.0003420000000000645,Y,80
2,3,20,5,3,0.001738999999999935,0.00046800000000002395,Y,76
2,3,20,5,3,0.0017500000000000293,0.0005549999999999722,Y,77
2,3,20,5,3,0.0017700000000000493,0.00047600000000003195,Y,76
2,3,20,5,3,0.0017249999999999766,0.0005620000000000624,Y,78
2,2,20,5,3,0.001318999999999959,0.0006669999999999732,Y,51
2,2,20,5,3,0.0013379999999999503,0.0005009999999999737,Y,55
2,2,20,5,3,0.001350999999999991,0.0004109999999999392,Y,52
2,2,20,5,3,0.001415000000000055,0.0004210000000000047,Y,57
2,2,20,5,3,0.0013969999999999816,0.0006619999999999404,Y,49
2,2,20,5,3,0.0014570000000000416,0.0006649999999999157,Y,54
2,2,20,5,3,0.0013370000000000326,0.0006089999999999707,Y,51
2,2,20,5,3,0.0013130000000000086,0.00041600000000008297,Y,52
2,2,20,5,3,0.0013540000000000774,0.0005460000000000464,Y,53
2,2,20,5,3,0.001346999999999987,0.00046400000000001995,Y,54
2,1,20,5,3,0.0009190000000000031,0.00012299999999998423,N,29
2,1,20,5,3,0.0009230000000000071,0.0009669999999999401,N,25
2,1,20,5,3,0.0009319999999999329,0.00022800000000000598,N,26
2,1,20,5,3,0.0009570000000000967,0.0008330000000000837,N,28
2,1,20,5,3,0.0009629999999999361,0.00010299999999996423,N,29
2,1,20,5,3,0.0009180000000000854,0.00022900000000003473,N,26
2,1,20,5,3,0.0009730000000000016,0.00012299999999998423,N,24
2,1,20,5,3,0.0009329999999999616,0.00045400000000006546,N,28
2,1,20,5,3,0.0009319999999999329,3.2999999999949736e-05,N,24
2,1,20,5,3,0.0009230000000000071,4.100000000006876e-05,N,24
1,2,20,5,3,0.0012490000000000556,0.0015340000000000353,N,30
1,2,20,5,3,0.0012529999999999486,0.0009940000000000504,N,29
1,2,20,5,3,0.0012619999999999854,0.00034300000000009323,N,30
1,2,20,5,3,0.0012640000000000429,0.00026900000000007473,N,30
1,2,20,5,3,0.0012640000000000429,0.00042799999999998395,N,30
1,2,20,5,3,0.0012550000000000061,0.001314999999999955,N,29
1,2,20,5,3,0.0013699999999999823,0.002759000000000067,N,30
1,2,20,5,3,0.0013850000000000806,0.0038839999999999986,N,30
1,2,20,5,3,0.0012469999999999981,0.00013699999999994272,N,28
1,2,20,5,3,0.0012619999999999854,0.002566999999999986,N,30
1,1,20,5,3,0.0009460000000000024,6.900000000009676e-05,N,15
1,1,20,5,3,0.0008780000000000454,2.199999999996649e-05,N,14
1,1,20,5,3,0.0009019999999999584,6.300000000003525e-05,N,15
1,1,20,5,3,0.0008849999999999136,0.00017500000000003624,N,15
1,1,20,5,3,0.0008799999999999919,0.0003509999999999902,N,15
1,1,20,5,3,0.0009090000000000487,0.0010299999999999754,N,15
1,1,20,5,3,0.0009029999999999871,0.0001100000000000545,N,15
1,1,20,5,3,0.0009000000000000119,0.00026199999999998447,N,15
1,1,20,5,3,0.0008869999999999711,9.699999999990272e-05,N,15
1,1,20,5,3,0.0008870000000000822,0.00020900000000001473,N,15
12,12,30,6,3,0.03509899999999999,0.0007960000000000189,Y,986
12,12,30,6,3,0.03288100000000005,0.0008169999999999566,Y,1013
12,12,30,6,3,0.032870000000000066,0.0008319999999999439,Y,1000
12,12,30,6,3,0.03313999999999995,0.0008229999999999071,Y,1029
12,12,30,6,3,0.033027999999999946,0.0008559999999999679,Y,1022
12,12,30,6,3,0.032936999999999994,0.0008270000000000222,Y,1014
12,12,30,6,3,0.03299399999999997,0.0008079999999999199,Y,1021
12,12,30,6,3,0.03297400000000006,0.0011550000000000171,Y,1011
12,12,30,6,3,0.03278099999999995,0.0008459999999999024,Y,1009
12,12,30,6,3,0.033023000000000025,0.0008939999999999504,Y,1007
12,8,30,6,3,0.022998000000000074,0.0008809999999999096,Y,695
12,8,30,6,3,0.023451999999999917,0.0008380000000000054,Y,700
12,8,30,6,3,0.023029999999999884,0.0008320000000001659,Y,696
12,8,30,6,3,0.022914999999999797,0.0009410000000000807,Y,677
12,8,30,6,3,0.02296100000000001,0.0007719999999999949,Y,685
12,8,30,6,3,0.02287499999999998,0.000748000000000193,Y,685
12,8,30,6,3,0.023022000000000098,0.0007980000000000764,Y,703
12,8,30,6,3,0.02266199999999996,0.001132000000000133,Y,676
12,8,30,6,3,0.023093999999999948,0.0008449999999997626,Y,705
12,8,30,6,3,0.022912000000000043,0.0007260000000000044,Y,697
12,4,30,6,3,0.012264000000000053,0.0009149999999999991,Y,354
12,4,30,6,3,0.012039999999999829,0.0006970000000001697,Y,341
12,4,30,6,3,0.012426000000000048,0.0009770000000000056,Y,343
12,4,30,6,3,0.012126999999999999,0.0008859999999999424,Y,343
12,4,30,6,3,0.01202700000000001,0.0008989999999999831,Y,340
12,4,30,6,3,0.013898000000000188,0.0007500000000000284,Y,336
12,4,30,6,3,0.012083999999999762,0.0009130000000001637,Y,340
12,4,30,6,3,0.012083000000000066,0.0006370000000002207,Y,339
12,4,30,6,3,0.012113999999999958,0.0008770000000000167,Y,344
12,4,30,6,3,0.012359000000000009,0.000764000000000209,Y,347
8,8,30,6,3,0.022877000000000036,0.0008970000000001477,Y,635
8,8,30,6,3,0.02268200000000009,0.0007960000000000189,Y,635
8,8,30,6,3,0.02261600000000019,0.0008270000000001332,Y,631
8,8,30,6,3,0.022637999999999936,0.0010189999999998811,Y,636
8,8,30,6,3,0.02263499999999974,0.0012219999999998343,Y,634
8,8,30,6,3,0.022275000000000267,0.0008890000000001397,Y,623
8,8,30,6,3,0.022507999999999972,0.0008810000000001317,Y,634
8,8,30,6,3,0.02226700000000026,0.0012760000000000549,Y,618
8,8,30,6,3,0.022405000000000008,0.0008900000000000574,Y,623
8,8,30,6,3,0.022353000000000067,0.0011739999999997863,Y,613
8,4,30,6,3,0.012199000000000293,0.0010360000000000369,Y,316
8,4,30,6,3,0.012046999999999919,0.0008140000000000924,Y,309
8,4,30,6,3,0.012015000000000109,0.0009199999999998099,Y,320
8,4,30,6,3,0.011931000000000136,0.0009550000000000392,Y,304
8,4,30,6,3,0.011732999999999993,0.0012520000000000309,Y,303
8,4,30,6,3,0.01179600000000014,0.0009359999999998259,Y,308
8,4,30,6,3,0.011848999999999776,0.0008719999999997619,Y,316
8,4,30,6,3,0.012023000000000117,0.0006260000000000154,Y,330
8,4,30,6,3,0.011730000000000018,0.0009360000000000479,Y,309
8,4,30,6,3,0.011867000000000072,0.0008920000000001149,Y,319
4,4,30,6,3,0.010969000000000229,0.0008799999999999919,Y,240
4,4,30,6,3,0.010962999999999834,0.0013630000000002251,Y,241
4,4,30,6,3,0.011186999999999836,0.0009679999999998579,Y,240
4,4,30,6,3,0.011122999999999772,0.0008779999999997123,Y,244
4,4,30,6,3,0.011160999999999976,0.0010429999999999051,Y,249
4,4,30,6,3,0.011047999999999947,0.0014710000000002221,Y,241
4,4,30,6,3,0.011071000000000053,0.0014650000000000496,Y,247
4,4,30,6,3,0.011120000000000019,0.0009149999999997771,Y,248
4,4,30,6,3,0.011041000000000079,0.0013650000000000606,Y,238
4,4,30,6,3,0.010936999999999975,0.0009740000000002524,Y,237
3,2,30,6,3,0.006195999999999868,0.0021450000000000635,Y,103
3,2,30,6,3,0.006221000000000032,0.001611000000000029,Y,100
3,2,30,6,3,0.0063469999999998805,0.001770999999999967,Y,100
3,2,30,6,3,0.006403999999999854,0.0015639999999998988,Y,104
3,2,30,6,3,0.006203000000000181,0.0018220000000002123,Y,103
3,2,30,6,3,0.008021999999999974,0.0018050000000000566,Y,103
3,2,30,6,3,0.00629999999999975,0.0018059999999997522,Y,108
3,2,30,6,3,0.0062990000000000546,0.0016770000000001506,Y,99
3,2,30,6,3,0.006172000000000066,0.002202999999999955,Y,99
3,2,30,6,3,0.0061670000000000336,0.0019080000000002428,Y,97
2,3,30,6,3,0.008286000000000016,0.0034639999999999116,Y,119
2,3,30,6,3,0.008529000000000009,0.002913999999999861,Y,121
2,3,30,6,3,0.008310999999999957,0.0023290000000000255,Y,121
2,3,30,6,3,0.00838300000000003,0.0025410000000001265,Y,126
2,3,30,6,3,0.008242000000000083,0.002447000000000088,Y,120
2,3,30,6,3,0.008307999999999982,0.0028649999999994513,Y,120
2,3,30,6,3,0.008272999999999975,0.002918000000000198,Y,120
2,3,30,6,3,0.008219999999999672,0.003306999999999949,Y,119
2,3,30,6,3,0.008243999999999918,0.0023840000000001638,Y,121
2,3,30,6,3,0.008156000000000052,0.0032770000000001964,Y,115
2,2,30,6,3,0.005899000000000321,0.0025679999999996816,Y,79
2,2,30,6,3,0.0059389999999996945,0.0030889999999996753,Y,79
2,2,30,6,3,0.006114000000000175,0.0031580000000004382,Y,77
2,2,30,6,3,0.005989000000000022,0.003311000000000064,Y,78
2,2,30,6,3,0.005961999999999801,0.0033199999999995455,Y,76
2,2,30,6,3,0.005928999999999629,0.003110999999999642,Y,76
2,2,30,6,3,0.00603800000000021,0.003690999999999889,Y,76
2,2,30,6,3,0.005932999999999744,0.002778999999999421,Y,79
2,2,30,6,3,0.005972999999999562,0.003839000000000148,Y,79
2,2,30,6,3,0.005885999999999836,0.0041399999999995885,Y,72
2,1,30,6,3,0.004369000000000067,0.006715999999999944,Y,45
2,1,30,6,3,0.004231000000000318,0.006266000000000105,Y,45
2,1,30,6,3,0.0042360000000001286,0.004401000000000099,N,46
2,1,30,6,3,0.004205999999999932,0.005789000000000488,Y,45
2,1,30,6,3,0.004224999999999923,0.0060029999999993144,Y,46
2,1,30,6,3,0.004206000000000376,0.006254000000000204,Y,47
2,1,30,6,3,0.002131000000000327,0.0006919999999999149,N,42
2,1,30,6,3,0.0021100000000000563,0.0020919999999997607,N,43
2,1,30,6,3,0.002134999999999998,0.0001669999999998062,N,43
2,1,30,6,3,0.0021329999999997185,0.0012859999999998983,N,44
1,2,30,6,3,0.005635000000000279,0.0985870000000002,Y,42
1,2,30,6,3,0.002734999999999932,0.01406799999999997,N,42
1,2,30,6,3,0.002765999999999824,0.02606200000000003,N,42
1,2,30,6,3,0.0028239999999999377,0.011282000000000014,N,42
1,2,30,6,3,0.0027529999999997834,0.010909999999999975,N,42
1,2,30,6,3,0.0027800000000000047,0.005916999999999728,N,42
1,2,30,6,3,0.002802999999999667,0.004700999999999844,N,42
1,2,30,6,3,0.0028450000000002085,0.020856000000000208,N,42
1,2,30,6,3,0.0027840000000001197,0.022843999999999642,N,42
1,2,30,6,3,0.002801999999999971,0.001962999999999937,N,42
1,1,30,6,3,0.0020609999999998685,0.0006610000000000227,N,23
1,1,30,6,3,0.0020180000000000753,0.001475000000000115,N,24
1,1,30,6,3,0.0020039999999998948,0.0015260000000001384,N,24
1,1,30,6,3,0.002032000000000256,0.0012490000000000556,N,24
1,1,30,6,3,0.0020559999999996137,0.002742999999999718,N,24
1,1,30,6,3,0.001996000000000109,0.0002990000000000492,N,24
1,1,30,6,3,0.0020059999999997302,0.0014280000000002069,N,24
1,1,30,6,3,0.002028000000000141,0.001782999999999646,N,23
1,1,30,6,3,0.0021279999999999077,0.00043199999999998795,N,24
1,1,30,6,3,0.0021329999999997185,0.0010559999999997238,N,24
12,12,40,7,4,0.06309600000000026,0.0027170000000000805,Y,1429
12,12,40,7,4,0.06243699999999963,0.0021690000000003096,Y,1436
12,12,40,7,4,0.06271300000000002,0.0024090000000001055,Y,1447
12,12,40,7,4,0.06272599999999962,0.0022060000000001523,Y,1447
12,12,40,7,4,0.06445800000000013,0.002472000000000474,Y,1438
12,12,40,7,4,0.06271900000000041,0.0027380000000003513,Y,1438
12,12,40,7,4,0.0625960000000001,0.0021889999999999965,Y,1439
12,12,40,7,4,0.062355999999999856,0.002625999999999795,Y,1430
12,12,40,7,4,0.06242999999999954,0.0023300000000001653,Y,1426
12,12,40,7,4,0.06266900000000009,0.0034489999999998133,Y,1442
12,8,40,7,4,0.04260900000000012,0.002142999999999784,Y,950
12,8,40,7,4,0.04233900000000013,0.001923000000000119,Y,953
12,8,40,7,4,0.04234800000000005,0.002502999999999922,Y,946
12,8,40,7,4,0.042343000000000686,0.0022009999999998975,Y,962
12,8,40,7,4,0.04244199999999987,0.0027449999999999974,Y,971
12,8,40,7,4,0.04251899999999953,0.0026000000000001577,Y,964
12,8,40,7,4,0.04204400000000019,0.0022530000000005046,Y,930
12,8,40,7,4,0.042150000000000354,0.0029960000000004428,Y,943
12,8,40,7,4,0.04227399999999992,0.002775000000000638,Y,950
12,8,40,7,4,0.0422760000000002,0.0019860000000000433,Y,960
12,4,40,7,4,0.024189000000000238,0.002345999999999737,Y,482
12,4,40,7,4,0.022533000000000136,0.0024660000000005233,Y,470
12,4,40,7,4,0.022389999999999688,0.002774000000000054,Y,484
12,4,40,7,4,0.022377000000000535,0.002673999999999843,Y,475
12,4,40,7,4,0.02233799999999997,0.002254999999999896,Y,485
12,4,40,7,4,0.02242899999999981,0.0026760000000001227,Y,480
12,4,40,7,4,0.02220500000000003,0.002263000000000126,Y,474
12,4,40,7,4,0.022327000000000208,0.0029200000000000337,Y,470
12,4,40,7,4,0.022548999999999708,0.0020720000000000738,Y,490
12,4,40,7,4,0.022575000000000234,0.00264700000000051,Y,483
8,8,40,7,4,0.04166500000000051,0.002162999999999915,Y,875
8,8,40,7,4,0.04074800000000023,0.002645999999999926,Y,845
8,8,40,7,4,0.040834999999999955,0.0023370000000006996,Y,856
8,8,40,7,4,0.04080499999999976,0.0029890000000003525,Y,854
8,8,40,7,4,0.04089400000000065,0.0022890000000002075,Y,863
8,8,40,7,4,0.04095400000000016,0.002286999999999928,Y,862
8,8,40,7,4,0.041077999999999726,0.0031200000000000117,Y,865
8,8,40,7,4,0.0440359999999993,0.002545999999999715,Y,840
8,8,40,7,4,0.04581200000000063,0.0031100000000012784,Y,881
8,8,40,7,4,0.041409000000000695,0.0025209999999997734,Y,873
8,4,40,7,4,0.021602000000000565,0.0033309999999993067,Y,430
8,4,40,7,4,0.02180400000000038,0.003225999999998841,Y,426
8,4,40,7,4,0.02365200000000023,0.0030289999999997264,Y,431
8,4,40,7,4,0.02181999999999995,0.0033689999999992892,Y,438
8,4,40,7,4,0.021827999999999292,0.0023220000000003793,Y,447
8,4,40,7,4,0.021398000000000472,0.0032450000000006085,Y,415
8,4,40,7,4,0.021385999999999683,0.0024289999999993483,Y,417
8,4,40,7,4,0.021561000000000163,0.002615000000000478,Y,427
8,4,40,7,4,0.02165499999999909,0.002579000000000775,Y,432
8,4,40,7,4,0.02165900000000054,0.003017999999999965,Y,430
4,4,40,7,4,0.01998800000000056,0.0026580000000011594,Y,327
4,4,40,7,4,0.020336999999999605,0.002665999999999613,Y,329
4,4,40,7,4,0.020026999999999795,0.0039239999999995945,Y,323
4,4,40,7,4,0.01993699999999965,0.0035029999999993677,Y,321
4,4,40,7,4,0.02009199999999911,0.0035880000000005907,Y,329
4,4,40,7,4,0.019871000000000194,0.0041880000000000805,Y,313
4,4,40,7,4,0.01981599999999961,0.00432399999999955,Y,315
4,4,40,7,4,0.02011500000000055,0.0032909999999990447,Y,330
4,4,40,7,4,0.01982300000000059,0.003243000000000329,Y,319
4,4,40,7,4,0.020150000000000112,0.0033660000000006463,Y,329
3,2,40,7,4,0.011373999999999995,0.007293999999999912,Y,145
3,2,40,7,4,0.011572000000000138,0.006216000000000221,Y,145
3,2,40,7,4,0.011645999999999823,0.006084999999999674,Y,145
3,2,40,7,4,0.011692000000000036,0.00560600000000111,Y,147
3,2,40,7,4,0.01160799999999984,0.0054920000000002744,Y,146
3,2,40,7,4,0.011555999999999678,0.006843999999999184,Y,142
3,2,40,7,4,0.01143899999999931,0.011195999999999984,Y,137
3,2,40,7,4,0.011425000000000907,0.008118000000000514,Y,140
3,2,40,7,4,0.011527000000000065,0.009351000000000553,Y,142
3,2,40,7,4,0.011524999999999785,0.008272999999999087,Y,147
2,3,40,7,4,0.014779999999999127,0.015732999999999997,Y,158
2,3,40,7,4,0.017074000000000034,0.017369000000000412,Y,161
2,3,40,7,4,0.014840000000000408,0.014632000000000644,Y,160
2,3,40,7,4,0.014892999999999823,0.01747800000000055,Y,160
2,3,40,7,4,0.01485800000000026,0.012469000000001174,Y,157
2,3,40,7,4,0.014860999999998903,0.02179099999999945,Y,159
2,3,40,7,4,0.014718999999999482,0.01780999999999988,Y,153
2,3,40,7,4,0.014931000000000694,0.017900000000000915,Y,163
2,3,40,7,4,0.01481999999999939,0.011378999999999806,Y,159
2,3,40,7,4,0.014954000000000356,0.020482999999999585,Y,161
2,2,40,7,4,0.01113699999999973,0.031006999999999785,Y,106
2,2,40,7,4,0.010912999999999506,0.02293800000000079,Y,108
2,2,40,7,4,0.01083299999999987,0.029843000000000508,Y,105
2,2,40,7,4,0.010931000000000246,0.021374999999999922,Y,109
2,2,40,7,4,0.01085100000000061,0.030425000000001035,Y,105
2,2,40,7,4,0.010824000000000389,0.03126899999999999,Y,104
2,2,40,7,4,0.010890000000000732,0.02826999999999913,Y,107
2,2,40,7,4,0.010953999999999908,0.024413000000000018,Y,108
2,2,40,7,4,0.010763999999999108,0.02583300000000044,Y,107
2,2,40,7,4,0.010911000000000115,0.017274999999999707,Y,107
2,1,40,7,4,0.003346999999999767,0.01282799999999984,N,52
2,1,40,7,4,0.0034559999999999036,0.0023599999999994736,N,55
2,1,40,7,4,0.003505999999999787,0.01978999999999953,N,55
2,1,40,7,4,0.003409999999999691,0.006432999999999467,N,53
2,1,40,7,4,0.0034879999999999356,0.00665400000000016,N,53
2,1,40,7,4,0.0034330000000002414,0.001154999999999795,N,52
2,1,40,7,4,0.003591000000000122,0.01513799999999943,N,54
2,1,40,7,4,0.003467000000000553,0.0002149999999998542,N,54
2,1,40,7,4,0.0034489999999998133,0.000344000000000122,N,52
2,1,40,7,4,0.003446000000000282,0.0013799999999992707,N,54
1,2,40,7,4,0.005095000000000738,0.17193600000000053,N,56
1,2,40,7,4,0.005012999999999934,0.023737000000000563,N,56
1,2,40,7,4,0.004982000000000042,0.004960999999999771,N,56
1,2,40,7,4,0.0050840000000000884,0.031195000000000306,N,56
1,2,40,7,4,0.005011999999999794,0.11083400000000054,N,56
1,2,40,7,4,0.005021000000000164,0.016997000000000817,N,56
1,2,40,7,4,0.005119999999999791,0.10819400000000012,N,56
1,2,40,7,4,0.0050160000000003535,0.0005109999999994841,N,56
1,2,40,7,4,0.005040999999999407,0.03221400000000063,N,56
1,2,40,7,4,0.005039000000000016,0.09755199999999942,N,55
1,1,40,7,4,0.0032109999999994088,0.0007169999999998566,N,28
1,1,40,7,4,0.0032429999999994408,0.0012939999999996843,N,28
1,1,40,7,4,0.0033330000000004745,0.0005449999999997956,N,28
1,1,40,7,4,0.0032130000000005765,0.0006409999999998917,N,27
1,1,40,7,4,0.003223000000000198,0.0005589999999999762,N,28
1,1,40,7,4,0.0032249999999995893,0.00045800000000006946,N,28
1,1,40,7,4,0.0032800000000001717,0.0006349999999999412,N,27
1,1,40,7,4,0.0032410000000000494,0.0007349999999997081,N,28
1,1,40,7,4,0.003483000000000125,0.0005939999999995393,N,28
1,1,40,7,4,0.005239000000000438,0.0005099999999993443,N,28
12,12,50,8,4,0.10064700000000038,0.003485999999999656,Y,1830
12,12,50,8,4,0.10052000000000039,0.002845999999999904,Y,1837
12,12,50,8,4,0.10049200000000003,0.003326999999999636,Y,1835
12,12,50,8,4,0.10024500000000014,0.0031410000000002825,Y,1835
12,12,50,8,4,0.10055000000000014,0.0032760000000005007,Y,1845
12,12,50,8,4,0.10162400000000016,0.0033719999999997086,Y,1842
12,12,50,8,4,0.10168399999999966,0.003281999999999563,Y,1854
12,12,50,8,4,0.10115099999999977,0.003750000000000142,Y,1816
12,12,50,8,4,0.1012600000000008,0.002642999999999951,Y,1837
12,12,50,8,4,0.10318899999999953,0.0031880000000006348,Y,1861
12,8,50,8,4,0.06972000000000023,0.00278299999999998,Y,1245
12,8,50,8,4,0.06974500000000017,0.0033120000000002037,Y,1263
12,8,50,8,4,0.07220899999999997,0.002879000000000964,Y,1247
12,8,50,8,4,0.06957300000000011,0.003965999999999248,Y,1265
12,8,50,8,4,0.06919999999999948,0.0028050000000003905,Y,1239
12,8,50,8,4,0.06911100000000037,0.0033010000000004425,Y,1238
12,8,50,8,4,0.06940799999999925,0.003689999999998861,Y,1249
12,8,50,8,4,0.06976099999999974,0.0032229999999984216,Y,1263
12,8,50,8,4,0.06947400000000137,0.003264000000001488,Y,1262
12,8,50,8,4,0.06933100000000181,0.002534999999999954,Y,1254
12,4,50,8,4,0.03685899999999975,0.0029930000000000234,Y,630
12,4,50,8,4,0.036293999999999826,0.0025569999999994764,Y,612
12,4,50,8,4,0.03642900000000182,0.0029340000000015465,Y,622
12,4,50,8,4,0.03624900000000153,0.002908000000001465,Y,627
12,4,50,8,4,0.036100999999998606,0.002700999999998288,Y,619
12,4,50,8,4,0.036251999999999285,0.004056000000000282,Y,617
12,4,50,8,4,0.0360390000000006,0.0027480000000004168,Y,616
12,4,50,8,4,0.03657500000000091,0.003169999999999007,Y,637
12,4,50,8,4,0.03651599999999888,0.002804000000001139,Y,624
12,4,50,8,4,0.03657900000000147,0.0030879999999999797,Y,636
8,8,50,8,4,0.06709099999999957,0.002712000000000714,Y,1111
8,8,50,8,4,0.06659400000000026,0.0035349999999993997,Y,1094
8,8,50,8,4,0.06702899999999978,0.003515000000000157,Y,1123
8,8,50,8,4,0.06712300000000049,0.00353299999999912,Y,1127
8,8,50,8,4,0.06709400000000088,0.0032860000000010103,Y,1131
8,8,50,8,4,0.06735000000000113,0.0025289999999991153,Y,1136
8,8,50,8,4,0.06895799999999852,0.003137999999999863,Y,1119
8,8,50,8,4,0.06694500000000048,0.003909000000000162,Y,1128
8,8,50,8,4,0.06714899999999879,0.0034799999999997056,Y,1132
8,8,50,8,4,0.06699899999999914,0.003173000000002091,Y,1112
8,4,50,8,4,0.03558200000000156,0.0028690000000004545,Y,565
8,4,50,8,4,0.03543900000000022,0.002596000000000487,Y,568
8,4,50,8,4,0.03519199999999856,0.004141000000000616,Y,558
8,4,50,8,4,0.0351429999999997,0.0033080000000005327,Y,553
8,4,50,8,4,0.03513899999999914,0.004108999999999696,Y,557
8,4,50,8,4,0.03531500000000065,0.002966999999999942,Y,567
8,4,50,8,4,0.03515699999999988,0.003213999999999828,Y,557
8,4,50,8,4,0.03511799999999887,0.0035120000000006257,Y,558
8,4,50,8,4,0.03494500000000045,0.0035899999999973176,Y,550
8,4,50,8,4,0.035275999999997865,0.003340000000001453,Y,567
4,4,50,8,4,0.03233600000000081,0.004554999999998088,Y,406
4,4,50,8,4,0.03218500000000013,0.004268000000001493,Y,401
4,4,50,8,4,0.032277000000000555,0.005259000000000569,Y,401
4,4,50,8,4,0.032235000000000014,0.004811999999999372,Y,406
4,4,50,8,4,0.03388700000000178,0.005018000000001521,Y,397
4,4,50,8,4,0.032251000000000474,0.00448599999999999,Y,413
4,4,50,8,4,0.03232799999999969,0.004533000000000342,Y,412
4,4,50,8,4,0.03227799999999803,0.004619000000001705,Y,405
4,4,50,8,4,0.032293000000001015,0.0050179999999979685,Y,412
4,4,50,8,4,0.032249000000000194,0.004463000000001216,Y,412
3,2,50,8,4,0.01718900000000012,0.015566999999997222,Y,172
3,2,50,8,4,0.018945999999999685,0.026548000000001792,Y,165
3,2,50,8,4,0.017348999999999393,0.030067999999999984,Y,165
3,2,50,8,4,0.017181999999998254,0.013719999999997512,Y,164
3,2,50,8,4,0.01741400000000226,0.012867999999999213,Y,174
3,2,50,8,4,0.0171790000000005,0.01653199999999977,Y,167
3,2,50,8,4,0.01724800000000215,0.013666999999999874,Y,173
3,2,50,8,4,0.017180999999999003,0.014224000000000458,Y,171
3,2,50,8,4,0.017127000000002113,0.011061999999999017,Y,170
3,2,50,8,4,0.017135000000001455,0.019633000000000678,Y,170
2,3,50,8,4,0.022436999999998264,0.04273400000000116,Y,184
2,3,50,8,4,0.02243299999999948,0.045293000000000916,Y,187
2,3,50,8,4,0.022318999999999534,0.03274799999999978,Y,187
2,3,50,8,4,0.022327999999999903,0.04908600000000085,Y,185
2,3,50,8,4,0.02217000000000091,0.034257999999999456,Y,180
2,3,50,8,4,0.024373999999999896,0.03455100000000044,Y,185
2,3,50,8,4,0.0224069999999994,0.05155400000000121,Y,187
2,3,50,8,4,0.022402000000001365,0.05358100000000121,Y,186
2,3,50,8,4,0.02241599999999977,0.031168000000000973,Y,187
2,3,50,8,4,0.022300999999998794,0.03362599999999816,Y,186
2,2,50,8,4,0.016117999999998744,0.10748899999999928,Y,123
2,2,50,8,4,0.0164200000000001,0.06425600000000031,Y,126
2,2,50,8,4,0.016192000000000206,0.1017519999999994,Y,127
2,2,50,8,4,0.016263999999999612,0.10549900000000001,Y,125
2,2,50,8,4,0.01615700000000153,0.10323699999999825,Y,122
2,2,50,8,4,0.01621199999999945,0.09992399999999968,Y,122
2,2,50,8,4,0.016227000000000658,0.05696800000000124,Y,125
2,2,50,8,4,0.016218000000002064,0.09482400000000091,Y,123
2,2,50,8,4,0.016187999999999647,0.0877769999999991,Y,122
2,2,50,8,4,0.016319999999998558,0.10453299999999999,Y,120
2,1,50,8,4,0.005034000000000205,0.005974000000000146,N,61
2,1,50,8,4,0.005155000000000243,0.011662999999998647,N,61
2,1,50,8,4,0.005261000000000848,0.0007900000000002905,N,63
2,1,50,8,4,0.005435000000000301,0.016395000000001048,N,61
2,1,50,8,4,0.005062999999999818,0.06784500000000016,N,61
2,1,50,8,4,0.005000000000000782,0.0034759999999991464,N,62
2,1,50,8,4,0.005039000000000016,0.0932530000000007,N,60
2,1,50,8,4,0.004939000000000249,0.0274959999999993,N,61
2,1,50,8,4,0.005009000000001151,0.029905999999998656,N,61
2,1,50,8,4,0.004996999999999474,0.002168000000001058,N,61
1,2,50,8,4,0.007600000000000051,0.13691699999999862,N,64
1,2,50,8,4,0.007450000000000401,0.31659700000000157,N,64
1,2,50,8,4,0.007479000000000013,1.8960980000000003,N,64
1,2,50,8,4,0.007486000000000104,0.20749599999999901,N,64
1,2,50,8,4,0.0075070000000003745,2.5837020000000006,N,64
1,2,50,8,4,0.009311000000000291,0.14214199999999977,N,64
1,2,50,8,4,0.0074769999999979575,0.16063199999999966,N,64
1,2,50,8,4,0.0074380000000005,0.10419900000000126,N,64
1,2,50,8,4,0.00746300000000133,0.16838399999999965,N,64
1,2,50,8,4,0.0074299999999993815,0.36278099999999824,N,64
1,1,50,8,4,0.004763999999997992,0.0012650000000000716,N,32
1,1,50,8,4,0.004775999999999669,0.0011329999999993845,N,32
1,1,50,8,4,0.004809999999999093,0.002599000000000018,N,32
1,1,50,8,4,0.004735000000000156,0.002041000000001958,N,32
1,1,50,8,4,0.004820000000002267,0.0007140000000021018,N,32
1,1,50,8,4,0.005045000000002631,0.004773000000000138,N,32
1,1,50,8,4,0.004830000000001888,0.005479000000001122,N,32
1,1,50,8,4,0.004829999999998336,0.0019979999999968356,N,32
1,1,50,8,4,0.004740999999999218,0.0013170000000002346,N,32
1,1,50,8,4,0.004711000000000354,0.0011890000000001066,N,32
12,12,60,8,4,0.15061800000000147,0.007978000000001373,Y,2250
12,12,60,8,4,0.15075099999999964,0.007722000000001117,Y,2276
12,12,60,8,4,0.16056099999999418,0.008969999999997924,Y,2249
12,12,60,8,4,0.1512229999999981,0.006004999999998262,Y,2271
12,12,60,8,4,0.15291199999999705,0.00783299999999798,Y,2253
12,12,60,8,4,0.14957700000000074,0.005855999999997863,Y,2200
12,12,60,8,4,0.14998299999999887,0.007403999999997524,Y,2217
12,12,60,8,4,0.15004400000000118,0.005679000000000656,Y,2243
12,12,60,8,4,0.15173300000000367,0.006513999999999243,Y,2236
12,12,60,8,4,0.1493840000000013,0.00843500000000219,Y,2207
12,8,60,8,4,0.10166099999999645,0.006166000000000338,Y,1478
12,8,60,8,4,0.10160700000000134,0.006090000000000373,Y,1492
12,8,60,8,4,0.10185399999999944,0.005774999999999864,Y,1481
12,8,60,8,4,0.10325200000000123,0.005418999999999841,Y,1486
12,8,60,8,4,0.10138099999999994,0.006523000000001389,Y,1499
12,8,60,8,4,0.10198000000000107,0.006136999999998949,Y,1505
12,8,60,8,4,0.10166399999999953,0.0075059999999993465,Y,1492
12,8,60,8,4,0.10200999999999993,0.005903999999997467,Y,1490
12,8,60,8,4,0.10197000000000145,0.006514000000002795,Y,1460
12,8,60,8,4,0.10089199999999465,0.0066599999999965576,Y,1466
12,4,60,8,4,0.05503099999999961,0.006099999999999994,Y,754
12,4,60,8,4,0.05514100000000255,0.005109000000000918,Y,784
12,4,60,8,4,0.05438599999999738,0.006546999999997638,Y,765
12,4,60,8,4,0.056100000000000705,0.005307999999999424,Y,781
12,4,60,8,4,0.053260999999999115,0.005454000000000292,Y,741
12,4,60,8,4,0.05430899999999994,0.006386000000002667,Y,771
12,4,60,8,4,0.05451699999999704,0.007829000000000974,Y,767
12,4,60,8,4,0.05444699999999969,0.00577300000000136,Y,769
12,4,60,8,4,0.05443700000000007,0.006847999999997967,Y,758
12,4,60,8,4,0.05436500000000066,0.006059999999997956,Y,752
8,8,60,8,4,0.09761800000000065,0.0071040000000017756,Y,1295
8,8,60,8,4,0.09771299999999883,0.006980999999999682,Y,1296
8,8,60,8,4,0.09811999999999799,0.008976999999998014,Y,1286
8,8,60,8,4,0.09723000000000326,0.007998000000004168,Y,1277
8,8,60,8,4,0.09844400000000064,0.00605099999999581,Y,1322
8,8,60,8,4,0.09885699999999886,0.00906699999999816,Y,1267
8,8,60,8,4,0.09793399999999863,0.005117000000002037,Y,1295
8,8,60,8,4,0.09813599999999667,0.005583000000001448,Y,1292
8,8,60,8,4,0.0984499999999997,0.006505999999998124,Y,1304
8,8,60,8,4,0.0989059999999995,0.0054920000000002744,Y,1301
8,4,60,8,4,0.05288299999999779,0.005747000000003055,Y,662
8,4,60,8,4,0.052156999999997566,0.00596800000000286,Y,658
8,4,60,8,4,0.05231500000000011,0.006362000000002865,Y,671
8,4,60,8,4,0.052416000000000906,0.008207000000002296,Y,669
8,4,60,8,4,0.05227000000000004,0.0064109999999999445,Y,663
8,4,60,8,4,0.052057999999995275,0.0056429999999991765,Y,666
8,4,60,8,4,0.052778000000003544,0.008182999999998941,Y,683
8,4,60,8,4,0.05362699999999876,0.005527000000000726,Y,647
8,4,60,8,4,0.052252999999996774,0.005834000000000117,Y,660
8,4,60,8,4,0.05210699999999946,0.006872999999998797,Y,640
4,4,60,8,4,0.047663999999997486,0.012914999999999566,Y,474
4,4,60,8,4,0.04744099999999918,0.009789000000004933,Y,466
4,4,60,8,4,0.047348000000003054,0.011148999999999631,Y,471
4,4,60,8,4,0.04742300000000199,0.01535300000000106,Y,463
4,4,60,8,4,0.047722000000000264,0.008130000000001303,Y,461
4,4,60,8,4,0.047957999999997725,0.00735599999999792,Y,470
4,4,60,8,4,0.04714900000000455,0.011710000000000775,Y,458
4,4,60,8,4,0.047312000000001575,0.008127999999999247,Y,461
4,4,60,8,4,0.04740500000000125,0.010725999999998237,Y,474
4,4,60,8,4,0.046617999999998716,0.015803999999999263,Y,441
3,2,60,8,4,0.025650999999996316,0.04092299999999938,Y,199
3,2,60,8,4,0.025466000000001543,0.043576999999995536,Y,197
3,2,60,8,4,0.027485999999999677,0.02693100000000115,Y,203
3,2,60,8,4,0.025622999999999507,0.03147299999999831,Y,200
3,2,60,8,4,0.02550899999999956,0.03759799999999913,Y,200
3,2,60,8,4,0.025534999999997865,0.035239000000000686,Y,200
3,2,60,8,4,0.02536399999999972,0.05061899999999753,Y,198
3,2,60,8,4,0.025366000000001776,0.039418000000001285,Y,197
3,2,60,8,4,0.02549799999999891,0.03818099999999802,Y,202
3,2,60,8,4,0.025326999999997213,0.03485099999999974,Y,196
2,3,60,8,4,0.03243900000000366,0.14016600000000068,Y,202
2,3,60,8,4,0.03250799999999998,0.16208599999999507,Y,206
2,3,60,8,4,0.032516999999998575,0.13714499999999674,Y,205
2,3,60,8,4,0.03172400000000053,0.10616099999999662,Y,206
2,3,60,8,4,0.031613000000003666,0.14586900000000114,Y,204
2,3,60,8,4,0.03175300000000192,0.15601699999999852,Y,206
2,3,60,8,4,0.03169099999999858,0.1438329999999972,Y,206
2,3,60,8,4,0.03155299999999883,0.15856199999999987,Y,204
2,3,60,8,4,0.03346299999999758,0.12120800000000287,Y,201
2,3,60,8,4,0.03162300000000329,0.139718000000002,Y,204
2,2,60,8,4,0.023352000000002704,0.26137299999999897,Y,143
2,2,60,8,4,0.023310000000002162,0.2647330000000032,Y,141
2,2,60,8,4,0.023476999999999748,0.24361200000000238,Y,139
2,2,60,8,4,0.023661999999998073,0.17839200000000233,Y,143
2,2,60,8,4,0.02338900000000521,0.23095799999999755,Y,141
2,2,60,8,4,0.02368099999999629,0.2746130000000022,Y,138
2,2,60,8,4,0.024318999999998425,0.23816799999999816,Y,141
2,2,60,8,4,0.02381899999999959,0.2362060000000028,Y,139
2,2,60,8,4,0.02390500000000273,0.2066820000000007,Y,141
2,2,60,8,4,0.023893999999998528,0.25721100000000163,Y,142
2,1,60,8,4,0.007502999999999815,0.2057419999999972,N,77
2,1,60,8,4,0.008082999999999174,0.03237000000000023,N,80
2,1,60,8,4,0.015318000000000609,1.183596999999999,Y,78
2,1,60,8,4,0.007467999999999364,0.04312399999999883,N,77
2,1,60,8,4,0.007511000000000934,0.7715270000000025,N,79
2,1,60,8,4,0.0075080000000014024,0.5709850000000039,N,79
2,1,60,8,4,0.007518999999994946,0.014490999999999588,N,77
2,1,60,8,4,0.007634000000003027,1.184162999999998,N,79
2,1,60,8,4,0.015166999999998154,1.6993420000000015,Y,78
2,1,60,8,4,0.009452000000003125,0.032339999999997815,N,78
1,2,60,8,4,0.011063000000000045,0.20994300000000266,N,72
1,2,60,8,4,0.010898000000004515,3.402380000000001,N,72
1,2,60,8,4,0.011043999999998277,37.733295000000005,N,72
1,2,60,8,4,0.01135400000001141,3.3754239999999953,N,72
1,2,60,8,4,0.011200999999999794,1.9270850000000053,N,72
1,2,60,8,4,0.01111500000000376,3.221699000000001,N,72
1,2,60,8,4,0.011161999999998784,0.6299850000000049,N,72
1,2,60,8,4,0.011097999999989838,0.6129600000000011,N,72
1,2,60,8,4,0.011194999999986521,0.1425880000000035,N,72
1,2,60,8,4,0.01104999999999734,3.5121270000000067,N,72
1,1,60,8,4,0.007154999999997358,0.004612999999991985,N,40
1,1,60,8,4,0.007332000000005223,0.0014510000000029777,N,40
1,1,60,8,4,0.007282000000003563,0.0011229999999926576,N,40
1,1,60,8,4,0.007469000000000392,0.001138999999994894,N,40
1,1,60,8,4,0.00736299999999801,0.0018040000000070222,N,40
1,1,60,8,4,0.007423000000002844,0.0032620000000065374,N,40
1,1,60,8,4,0.007325000000008686,0.0024650000000008276,N,40
1,1,60,8,4,0.007431999999994332,0.00348499999999774,N,40
1,1,60,8,4,0.007289999999997576,0.004059999999995512,N,40
1,1,60,8,4,0.007388000000005945,0.001718999999994253,N,40
12,12,70,9,5,0.20615400000001216,0.015416999999999348,Y,2646
12,12,70,9,5,0.20461600000000146,0.016072000000008302,Y,2631
12,12,70,9,5,0.20849599999999668,0.014580000000009363,Y,2650
12,12,70,9,5,0.20610700000000293,0.014640000000014197,Y,2665
12,12,70,9,5,0.2045399999999944,0.016491999999999507,Y,2604
12,12,70,9,5,0.2051179999999988,0.01451099999998462,Y,2627
12,12,70,9,5,0.20583000000000595,0.014036000000004378,Y,2658
12,12,70,9,5,0.20441999999999894,0.019568999999989956,Y,2620
12,12,70,9,5,0.2073910000000012,0.017544999999984157,Y,2654
12,12,70,9,5,0.20693500000000142,0.013919000000001347,Y,2654
12,8,70,9,5,0.1392020000000116,0.01098500000000513,Y,1737
12,8,70,9,5,0.13809000000000538,0.012818999999993252,Y,1742
12,8,70,9,5,0.13808299999999463,0.01617000000000246,Y,1754
12,8,70,9,5,0.13891800000000387,0.012549999999990291,Y,1779
12,8,70,9,5,0.13889800000001173,0.014387999999996737,Y,1776
12,8,70,9,5,0.1388639999999981,0.013494999999991819,Y,1764
12,8,70,9,5,0.14109200000000044,0.013449999999991746,Y,1773
12,8,70,9,5,0.13880799999999738,0.013719999999992183,Y,1769
12,8,70,9,5,0.13873599999999442,0.011009999999998854,Y,1770
12,8,70,9,5,0.13833300000000293,0.020650000000003388,Y,1751
12,4,70,9,5,0.07200899999998,0.013786999999993554,Y,878
12,4,70,9,5,0.07747799999999927,0.01150599999999713,Y,868
12,4,70,9,5,0.07208999999998866,0.020740000000003533,Y,867
12,4,70,9,5,0.0712740000000025,0.013023000000004004,Y,849
12,4,70,9,5,0.0718649999999883,0.011914000000004421,Y,869
12,4,70,9,5,0.0747440000000239,0.014826999999996815,Y,903
12,4,70,9,5,0.07238799999998946,0.01534700000000555,Y,892
12,4,70,9,5,0.07270900000000324,0.010930000000001883,Y,899
12,4,70,9,5,0.07213900000000706,0.009754000000000929,Y,877
12,4,70,9,5,0.07205499999999176,0.01268100000001482,Y,875
8,8,70,9,5,0.13337400000000343,0.012617000000005874,Y,1533
8,8,70,9,5,0.1323809999999952,0.015937000000008084,Y,1518
8,8,70,9,5,0.13175300000000334,0.012580999999997289,Y,1498
8,8,70,9,5,0.1333540000000113,0.013512000000005742,Y,1541
8,8,70,9,5,0.13476200000000915,0.025007999999999697,Y,1504
8,8,70,9,5,0.13301400000000285,0.014899999999997249,Y,1526
8,8,70,9,5,0.13284600000000069,0.017600000000001614,Y,1523
8,8,70,9,5,0.1325480000000141,0.016542999999998642,Y,1518
8,8,70,9,5,0.13310099999999636,0.016721999999987247,Y,1540
8,8,70,9,5,0.13329799999999636,0.014886000000004174,Y,1538
8,4,70,9,5,0.06916400000000067,0.013750000000001705,Y,757
8,4,70,9,5,0.06911800000000312,0.020554999999987444,Y,764
8,4,70,9,5,0.07069400000000314,0.01483899999999494,Y,755
8,4,70,9,5,0.06912699999999461,0.011387000000013359,Y,763
8,4,70,9,5,0.06871499999999742,0.016124000000004912,Y,748
8,4,70,9,5,0.06933199999998862,0.0166370000000029,Y,774
8,4,70,9,5,0.0691929999999843,0.01889099999999644,Y,760
8,4,70,9,5,0.06904700000001185,0.016037000000011403,Y,762
8,4,70,9,5,0.0691410000000019,0.015501999999997906,Y,763
8,4,70,9,5,0.06926000000001409,0.014131000000006111,Y,771
4,4,70,9,5,0.062235999999998626,0.04172500000001378,Y,513
4,4,70,9,5,0.06248899999999935,0.04099500000000944,Y,525
4,4,70,9,5,0.062094999999999345,0.030594999999991046,Y,516
4,4,70,9,5,0.0646550000000019,0.047786000000016315,Y,536
4,4,70,9,5,0.06223099999999704,0.03985300000000791,Y,520
4,4,70,9,5,0.06249300000000346,0.027279999999990423,Y,526
4,4,70,9,5,0.0625389999999868,0.03405600000000675,Y,530
4,4,70,9,5,0.06262800000000368,0.025760000000005334,Y,528
4,4,70,9,5,0.0622330000000062,0.02929600000001642,Y,523
4,4,70,9,5,0.0631180000000029,0.018756999999993695,Y,543
3,2,70,9,5,0.03404199999998525,0.23407099999998593,Y,229
3,2,70,9,5,0.033951999999985105,0.2641279999999995,Y,228
3,2,70,9,5,0.034229999999993765,0.23079899999999043,Y,230
3,2,70,9,5,0.034052000000002636,0.25217999999999563,Y,226
3,2,70,9,5,0.033929999999983806,0.29940899999999715,Y,223
3,2,70,9,5,0.03592700000000093,0.3252880000000147,Y,226
3,2,70,9,5,0.03407300000000646,0.21641500000001201,Y,230
3,2,70,9,5,0.03407699999999636,0.204008999999985,Y,228
3,2,70,9,5,0.03408299999998121,0.1999309999999923,Y,225
3,2,70,9,5,0.03380300000000602,0.36223199999999167,Y,219
2,3,70,9,5,0.043524000000005,0.6777829999999909,Y,232
2,3,70,9,5,0.04351499999998509,0.744078000000016,Y,230
2,3,70,9,5,0.043503999999984444,0.8903660000000002,Y,229
2,3,70,9,5,0.04368099999999231,0.848786000000004,Y,230
2,3,70,9,5,0.0433969999999988,0.9506549999999976,Y,227
2,3,70,9,5,0.043643000000002985,1.1267649999999918,Y,230
2,3,70,9,5,0.04384200000001215,0.7745199999999954,Y,233
2,3,70,9,5,0.04553899999999089,0.753744999999995,Y,232
2,3,70,9,5,0.0435420000000164,0.8116169999999983,Y,232
2,3,70,9,5,0.04544900000000496,0.9074770000000143,Y,230
2,2,70,9,5,0.032139000000000806,2.4624849999999867,Y,158
2,2,70,9,5,0.03214899999998977,2.5330430000000064,Y,158
2,2,70,9,5,0.03228099999999756,2.626037999999994,Y,158
2,2,70,9,5,0.032022000000011985,2.355558000000002,Y,156
2,2,70,9,5,0.03207899999999597,2.1189130000000063,Y,159
2,2,70,9,5,0.032264999999995325,2.126570000000001,Y,158
2,2,70,9,5,0.03198800000001256,1.8314220000000034,Y,158
2,2,70,9,5,0.03205500000001393,2.755931000000004,Y,160
2,2,70,9,5,0.032225999999980104,2.252089000000012,Y,161
2,2,70,9,5,0.031982999999996764,2.2070970000000045,Y,161
2,1,70,9,5,0.010231000000004542,0.2373010000000022,N,89
2,1,70,9,5,0.01231999999998834,0.18595500000000698,N,88
2,1,70,9,5,0.010174999999975398,0.02385199999997667,N,87
2,1,70,9,5,0.010199999999997544,0.039740999999992255,N,89
2,1,70,9,5,0.010128000000008797,0.16642400000000634,N,86
2,1,70,9,5,0.010224000000022215,0.731207999999981,N,90
2,1,70,9,5,0.010413999999997259,0.18830700000000888,N,89
2,1,70,9,5,0.010252000000008366,0.17289700000000607,N,90
2,1,70,9,5,0.01030499999998824,3.205046999999979,N,90
2,1,70,9,5,0.010248000000018465,0.042059999999992215,N,88
1,2,70,9,5,0.014856999999977916,0.6689859999999896,N,81
1,2,70,9,5,0.01523199999999747,0.2701270000000022,N,81
1,2,70,9,5,0.01487400000002026,2.547606000000002,N,81
1,2,70,9,5,0.015360999999984415,0.006378000000012207,N,81
1,2,70,9,5,0.015061000000002878,0.08840000000000714,N,81
1,2,70,9,5,0.014995999999996457,0.18915100000000962,N,81
1,2,70,9,5,0.015084000000001652,0.04572699999999941,N,81
1,2,70,9,5,0.014962999999994508,0.9701670000000036,N,81
1,2,70,9,5,0.015021999999987656,0.6181540000000041,N,81
1,2,70,9,5,0.014975999999990108,0.20556200000001468,N,81
1,1,70,9,5,0.00961700000001997,0.0017359999999939646,N,45
1,1,70,9,5,0.009967999999986432,0.002983000000000402,N,45
1,1,70,9,5,0.00988200000000461,0.0017090000000052896,N,45
1,1,70,9,5,0.01000800000002755,0.0090849999999989,N,45
1,1,70,9,5,0.009790000000009513,0.011834999999990714,N,45
1,1,70,9,5,0.009849000000002661,0.001337000000006583,N,45
1,1,70,9,5,0.009750999999994292,0.0024140000000159034,N,45
1,1,70,9,5,0.009674000000018168,0.020016999999995733,N,45
1,1,70,9,5,0.011609000000021297,0.0036059999999906722,N,45
1,1,70,9,5,0.009738999999996167,0.002047000000004573,N,45
12,12,80,9,5,0.27344300000001454,0.014833000000010088,Y,3028
12,12,80,9,5,0.2732870000000105,0.02458399999997596,Y,3023
12,12,80,9,5,0.27333600000000047,0.014647999999994,Y,3019
12,12,80,9,5,0.2728710000000092,0.014940000000024156,Y,3004
12,12,80,9,5,0.27436599999998634,0.019484000000005608,Y,3000
12,12,80,9,5,0.2724460000000022,0.022852000000000317,Y,2999
12,12,80,9,5,0.2716430000000116,0.015619000000015149,Y,2975
12,12,80,9,5,0.273286000000013,0.016433999999975413,Y,3016
12,12,80,9,5,0.2734219999999823,0.011772000000007665,Y,3022
12,12,80,9,5,0.2743600000000015,0.017050000000011778,Y,2990
12,8,80,9,5,0.18827300000000946,0.014018999999990456,Y,2060
12,8,80,9,5,0.18797900000001277,0.016543999999981907,Y,2081
12,8,80,9,5,0.18706499999998982,0.014964999999989459,Y,2044
12,8,80,9,5,0.18768099999999777,0.02000900000001593,Y,2043
12,8,80,9,5,0.18768600000001356,0.0171410000000094,Y,2053
12,8,80,9,5,0.18676999999999566,0.01937499999999659,Y,2021
12,8,80,9,5,0.18887599999999338,0.012881999999990512,Y,2033
12,8,80,9,5,0.1876139999999964,0.018370999999973492,Y,2047
12,8,80,9,5,0.18749099999996588,0.019462999999973363,Y,2047
12,8,80,9,5,0.18779499999999416,0.014718999999985272,Y,2057
12,4,80,9,5,0.09708200000000033,0.01622399999999402,Y,1027
12,4,80,9,5,0.09672599999998965,0.019370000000009213,Y,1022
12,4,80,9,5,0.09665599999999586,0.017907999999977164,Y,1029
12,4,80,9,5,0.09897899999998572,0.014665999999976975,Y,1019
12,4,80,9,5,0.09608599999998546,0.015294999999980519,Y,1003
12,4,80,9,5,0.09709200000000351,0.01289800000000696,Y,1032
12,4,80,9,5,0.09611200000000508,0.012297999999987042,Y,993
12,4,80,9,5,0.09658699999997111,0.015998999999993657,Y,1022
12,4,80,9,5,0.09642000000002326,0.013931000000013682,Y,1012
12,4,80,9,5,0.09719900000001758,0.014358000000015636,Y,1029
8,8,80,9,5,0.17812000000000694,0.01827399999999102,Y,1704
8,8,80,9,5,0.18096700000000965,0.016011999999960835,Y,1760
8,8,80,9,5,0.1787249999999858,0.01732499999999959,Y,1741
8,8,80,9,5,0.1782440000000065,0.019923000000034108,Y,1746
8,8,80,9,5,0.17949099999998452,0.01397899999997776,Y,1765
8,8,80,9,5,0.17840300000000298,0.026653999999979305,Y,1734
8,8,80,9,5,0.17875299999997196,0.01659100000000535,Y,1750
8,8,80,9,5,0.17861899999999764,0.017957999999993035,Y,1742
8,8,80,9,5,0.18186500000001615,0.016268999999994094,Y,1756
8,8,80,9,5,0.1786560000000179,0.01646300000001588,Y,1747
8,4,80,9,5,0.09237100000001419,0.013959999999968886,Y,872
8,4,80,9,5,0.09260699999998678,0.01996600000001081,Y,879
8,4,80,9,5,0.0927289999999914,0.021472000000017033,Y,885
8,4,80,9,5,0.09155899999998951,0.016284000000013066,Y,856
8,4,80,9,5,0.09256899999996904,0.021465000000006285,Y,880
8,4,80,9,5,0.09232399999999075,0.025298000000020693,Y,872
8,4,80,9,5,0.09429900000000657,0.0166629999999941,Y,875
8,4,80,9,5,0.09274800000000027,0.01638699999998039,Y,894
8,4,80,9,5,0.09295599999998672,0.015820000000019263,Y,882
8,4,80,9,5,0.09251500000002011,0.01885799999999449,Y,881
4,4,80,9,5,0.08631900000000314,0.0625039999999899,Y,582
4,4,80,9,5,0.08434299999998984,0.062291000000016084,Y,586
4,4,80,9,5,0.08251399999997489,0.08580400000002442,Y,572
4,4,80,9,5,0.08271700000000237,0.07312900000002287,Y,580
4,4,80,9,5,0.08299199999999018,0.045796999999993204,Y,590
4,4,80,9,5,0.08477800000000002,0.06504900000001612,Y,580
4,4,80,9,5,0.08274200000002452,0.048863000000011425,Y,578
4,4,80,9,5,0.08309099999999603,0.07136499999998591,Y,590
4,4,80,9,5,0.08241999999998484,0.07006000000001222,Y,575
4,4,80,9,5,0.08274399999999105,0.03640799999996602,Y,589
3,2,80,9,5,0.04210199999999986,0.8352930000000072,Y,230
3,2,80,9,5,0.04250099999998724,0.8801279999999849,Y,236
3,2,80,9,5,0.04216899999997281,0.7956210000000112,Y,232
3,2,80,9,5,0.04246499999999287,0.740458000000018,Y,233
3,2,80,9,5,0.042302999999975555,0.8054210000000239,Y,234
3,2,80,9,5,0.04426700000001915,0.4948150000000169,Y,234
3,2,80,9,5,0.04216300000001638,0.6246510000000285,Y,231
3,2,80,9,5,0.04213500000000181,0.770040999999992,Y,229
3,2,80,9,5,0.0422020000000316,0.8149060000000077,Y,231
3,2,80,9,5,0.04222600000002785,0.7875480000000152,Y,232
2,3,80,9,5,0.05826099999998746,2.535119000000009,Y,250
2,3,80,9,5,0.05838600000001293,1.5746159999999918,Y,252
2,3,80,9,5,0.05824900000001776,2.6817609999999945,Y,249
2,3,80,9,5,0.05879600000000096,2.881678999999991,Y,250
2,3,80,9,5,0.058452000000016824,2.7162639999999953,Y,248
2,3,80,9,5,0.05838600000001293,2.704617999999982,Y,249
2,3,80,9,5,0.060213999999973566,3.207934999999992,Y,248
2,3,80,9,5,0.0589040000000125,2.586301999999989,Y,248
2,3,80,9,5,0.05849000000000615,2.5195679999999925,Y,250
2,3,80,9,5,0.058330000000012205,3.0244810000000086,Y,248
2,2,80,9,5,0.03992400000001339,6.590417000000002,Y,159
2,2,80,9,5,0.040284000000013975,4.740374000000003,Y,162
2,2,80,9,5,0.04001599999998007,8.519987999999984,Y,160
2,2,80,9,5,0.03990399999997862,8.341181000000006,Y,160
2,2,80,9,5,0.04015100000000871,5.107693999999981,Y,161
2,2,80,9,5,0.04006499999997004,7.598222000000021,Y,160
2,2,80,9,5,0.03985099999999875,7.246077999999983,Y,159
2,2,80,9,5,0.04198099999999272,5.464634999999987,Y,160
2,2,80,9,5,0.04028699999997798,6.976658000000015,Y,161
2,2,80,9,5,0.04036500000000842,10.907200999999986,Y,159
2,1,80,9,5,0.012613999999985026,0.2719600000000355,N,88
2,1,80,9,5,0.01263499999998885,0.0443180000000325,N,89
2,1,80,9,5,0.012710000000026866,0.6634859999999776,N,89
2,1,80,9,5,0.012660000000039418,0.2600170000000048,N,90
2,1,80,9,5,0.012720000000001619,0.45174700000001167,N,90
2,1,80,9,5,0.01264000000003307,0.23192699999998467,N,88
2,1,80,9,5,0.01267200000000912,0.6744659999999953,N,90
2,1,80,9,5,0.01276800000005096,0.04570400000000063,N,90
2,1,80,9,5,0.012653000000000247,0.04215799999997216,N,90
2,1,80,9,5,0.012718000000006668,0.04087999999995873,N,90
1,2,80,9,5,0.01868899999999485,0.2620870000000082,N,81
1,2,80,9,5,0.018973999999957414,0.7994830000000093,N,81
1,2,80,9,5,0.019006999999987784,1.8282230000000368,N,81
1,2,80,9,5,0.0191340000000082,0.2463769999999954,N,81
1,2,80,9,5,0.01897299999995994,0.43510099999997465,N,81
1,2,80,9,5,0.01912099999998418,3.165438999999992,N,81
1,2,80,9,5,0.01886700000000019,3.2505239999999844,N,81
1,2,80,9,5,0.0191820000000007,2.411502999999982,N,81
1,2,80,9,5,0.02082300000000714,0.7602529999999774,N,81
1,2,80,9,5,0.018970999999964988,3.0812099999999987,N,81
1,1,80,9,5,0.01197300000001178,0.002139999999997144,N,45
1,1,80,9,5,0.012111000000004424,0.002253000000052907,N,45
1,1,80,9,5,0.012346999999977015,0.013896999999985837,N,45
1,1,80,9,5,0.011994000000015603,0.01991099999997914,N,45
1,1,80,9,5,0.012240999999960422,0.002375000000029104,N,45
1,1,80,9,5,0.012104000000022097,0.046343999999976404,N,45
1,1,80,9,5,0.011954000000002907,0.0034919999999942775,N,45
1,1,80,9,5,0.012187000000039916,0.01713000000000875,N,45
1,1,80,9,5,0.012031000000035874,0.01580300000000534,N,45
1,1,80,9,5,0.01226099999996677,0.003966000000048098,N,45
12,12,90,10,5,0.5286689999999794,0.027830999999991946,Y,3465
12,12,90,10,5,0.5280099999999948,0.020368000000019038,Y,3411
12,12,90,10,5,0.5249600000000214,0.024360999999998967,Y,3422
12,12,90,10,5,0.525732000000005,0.03288399999996727,Y,3444
12,12,90,10,5,0.5328459999999495,0.033530999999982214,Y,3451
12,12,90,10,5,0.5276440000000093,0.027820000000019718,Y,3427
12,12,90,10,5,0.5295300000000225,0.022241000000065014,Y,3441
12,12,90,10,5,0.5283579999999688,0.0288389999999481,Y,3386
12,12,90,10,5,0.5259659999999826,0.0243399999999383,Y,3381
12,12,90,10,5,0.5282589999999914,0.024683999999922435,Y,3428
12,8,90,10,5,0.3593520000000012,0.033091999999953714,Y,2299
12,8,90,10,5,0.3554020000000264,0.026555999999914093,Y,2263
12,8,90,10,5,0.35607900000002246,0.0200640000000476,Y,2274
12,8,90,10,5,0.36046900000002324,0.024210999999922933,Y,2276
12,8,90,10,5,0.35996799999998075,0.02555699999999206,Y,2256
12,8,90,10,5,0.35710600000004433,0.02628799999996545,Y,2280
12,8,90,10,5,0.3573220000000106,0.029441999999960444,Y,2288
12,8,90,10,5,0.3568090000000552,0.023822999999993044,Y,2281
12,8,90,10,5,0.35850200000004406,0.022428999999988264,Y,2278
12,8,90,10,5,0.35618199999993294,0.021784000000025117,Y,2287
12,4,90,10,5,0.1841060000000425,0.03188599999998587,Y,1145
12,4,90,10,5,0.18290200000001278,0.029775999999969827,Y,1141
12,4,90,10,5,0.18284199999999373,0.020271999999977197,Y,1146
12,4,90,10,5,0.18446099999994203,0.029626000000064323,Y,1134
12,4,90,10,5,0.1820470000000114,0.027673000000049797,Y,1124
12,4,90,10,5,0.18346300000001747,0.022019000000057076,Y,1152
12,4,90,10,5,0.18342899999998963,0.027971999999977015,Y,1152
12,4,90,10,5,0.18230199999993602,0.017350000000021737,Y,1119
12,4,90,10,5,0.18631299999992734,0.023689999999987776,Y,1166
12,4,90,10,5,0.18379099999998516,0.020955999999898722,Y,1149
8,8,90,10,5,0.34012200000000803,0.034422999999947024,Y,1966
8,8,90,10,5,0.3397789999999645,0.030166000000065196,Y,1962
8,8,90,10,5,0.34045599999996057,0.03322599999995646,Y,1937
8,8,90,10,5,0.33986300000003666,0.03770000000002938,Y,1954
8,8,90,10,5,0.338250999999957,0.029970999999932246,Y,1933
8,8,90,10,5,0.3387149999999792,0.03058600000002798,Y,1938
8,8,90,10,5,0.3410690000000045,0.026707999999985077,Y,1938
8,8,90,10,5,0.34000499999996237,0.029432999999983167,Y,1958
8,8,90,10,5,0.3401689999999462,0.03234700000007251,Y,1968
8,8,90,10,5,0.33960199999995666,0.019969000000003234,Y,1946
8,4,90,10,5,0.17638099999999213,0.032845000000008895,Y,986
8,4,90,10,5,0.17774599999995644,0.026959000000033484,Y,986
8,4,90,10,5,0.17535900000001448,0.024725000000046293,Y,980
8,4,90,10,5,0.17498200000005681,0.04119899999994914,Y,973
8,4,90,10,5,0.17504500000001144,0.02716299999997318,Y,976
8,4,90,10,5,0.17533000000003085,0.026796999999987747,Y,981
8,4,90,10,5,0.17664700000011635,0.030692999999985204,Y,969
8,4,90,10,5,0.1749449999999797,0.032632999999918866,Y,970
8,4,90,10,5,0.17456499999997277,0.033191000000044824,Y,963
8,4,90,10,5,0.175754999999981,0.02954099999999471,Y,991
4,4,90,10,5,0.15753200000000334,0.09068100000001778,Y,658
4,4,90,10,5,0.15890500000006114,0.08394199999997909,Y,652
4,4,90,10,5,0.15527900000000727,0.1735219999999913,Y,632
4,4,90,10,5,0.15735999999998285,0.11133799999993244,Y,657
4,4,90,10,5,0.15621599999997215,0.0865500000000452,Y,643
4,4,90,10,5,0.15562499999992951,0.08344600000003766,Y,640
4,4,90,10,5,0.15786900000000514,0.10701299999999492,Y,647
4,4,90,10,5,0.1559780000000046,0.12850799999995388,Y,649
4,4,90,10,5,0.15580700000003844,0.11628600000005918,Y,646
4,4,90,10,5,0.1560089999999832,0.05593800000002602,Y,648
3,2,90,10,5,0.07926200000002837,1.305770999999993,Y,255
3,2,90,10,5,0.08187900000001491,0.8995739999999728,Y,261
3,2,90,10,5,0.08176699999995662,1.3857679999999846,Y,250
3,2,90,10,5,0.07947999999993272,0.9489200000000437,Y,257
3,2,90,10,5,0.0800649999999905,0.8695850000000291,Y,262
3,2,90,10,5,0.07945300000000088,1.0552079999999933,Y,260
3,2,90,10,5,0.07952899999992269,0.8937860000000342,Y,262
3,2,90,10,5,0.07927300000000059,1.1251209999999787,Y,257
3,2,90,10,5,0.08210800000000518,0.9384700000000521,Y,262
3,2,90,10,5,0.07935500000002094,0.8222830000000272,Y,254
2,3,90,10,5,0.11036800000005087,4.878978000000018,Y,279
2,3,90,10,5,0.11031199999996488,4.666827000000069,Y,278
2,3,90,10,5,0.11003700000003391,4.622560000000021,Y,276
2,3,90,10,5,0.10984100000001717,3.824108000000024,Y,276
2,3,90,10,5,0.11254999999994197,4.847202999999922,Y,279
2,3,90,10,5,0.11005399999993415,4.365967000000012,Y,275
2,3,90,10,5,0.11020899999994072,4.215048000000024,Y,278
2,3,90,10,5,0.11010200000004033,4.276508999999976,Y,278
2,3,90,10,5,0.11014599999998609,4.387900000000059,Y,275
2,3,90,10,5,0.11039799999997513,3.483189999999979,Y,276
2,2,90,10,5,0.0773049999999671,13.539899999999989,Y,179
2,2,90,10,5,0.07605200000000423,15.80151699999999,Y,177
2,2,90,10,5,0.07583200000004808,14.431353999999999,Y,180
2,2,90,10,5,0.07546199999990222,12.96238900000003,Y,180
2,2,90,10,5,0.07547599999992372,12.31587200000007,Y,180
2,2,90,10,5,0.07559100000003127,15.904436000000032,Y,179
2,2,90,10,5,0.07750199999998131,15.03983199999999,Y,179
2,2,90,10,5,0.07555799999994406,15.824223000000018,Y,180
2,2,90,10,5,0.07538899999997284,15.522582000000057,Y,179
2,2,90,10,5,0.07533599999993612,12.320859999999982,Y,179
2,1,90,10,5,0.01568800000001147,3.587105000000008,N,98
2,1,90,10,5,0.01585899999997764,3.7985689999999863,N,100
2,1,90,10,5,0.015847000000007938,0.46872200000001385,N,98
2,1,90,10,5,0.015984000000003107,0.6179539999999974,N,99
2,1,90,10,5,0.01574900000002799,4.3573319999999285,N,99
2,1,90,10,5,0.01588800000001811,0.9577739999999721,N,100
2,1,90,10,5,0.01587500000005093,0.8452939999999671,N,99
2,1,90,10,5,0.015790000000038162,0.04773199999999633,N,99
2,1,90,10,5,0.0178169999999227,9.894087999999897,N,99
2,1,90,10,5,0.01587799999992967,0.03801299999997809,N,99
1,2,90,10,5,0.023752000000058615,0.22017600000003767,N,90
1,2,90,10,5,0.02366800000004332,4.765934000000016,N,90
1,2,90,10,5,0.023943000000031134,6.646353999999974,N,90
1,2,90,10,5,0.02409900000009202,1.8339609999999311,N,90
1,2,90,10,5,0.023549000000002707,0.8466270000000122,N,90
1,2,90,10,5,0.023754000000053566,4.505313000000001,N,90
1,2,90,10,5,0.023609000000078595,0.6328199999999242,N,90
1,2,90,10,5,0.023768999999902007,3.900574000000006,N,90
1,2,90,10,5,0.023841000000061285,4.632601000000022,N,90
1,2,90,10,5,0.023858000000018365,0.2937739999999849,N,90
1,1,90,10,5,0.01504499999998643,0.06968900000003941,N,50
1,1,90,10,5,0.014877999999953317,0.005890000000022155,N,50
1,1,90,10,5,0.014980999999920641,0.002104000000031192,N,50
1,1,90,10,5,0.015015000000062173,0.016541999999958534,N,50
1,1,90,10,5,0.014846999999917898,0.020480000000020482,N,50
1,1,90,10,5,0.014984999999910542,0.012422000000015032,N,50
1,1,90,10,5,0.014921000000072127,0.04656199999999444,N,50
1,1,90,10,5,0.017125999999962005,0.08809900000005655,N,50
1,1,90,10,5,0.014979000000039377,0.017974999999978536,N,50
1,1,90,10,5,0.01495599999998376,0.004362000000014632,N,50
12,12,100,10,5,0.6703079999999773,0.03254500000002736,Y,3819
12,12,100,10,5,0.6704649999999219,0.04027399999995396,Y,3825
12,12,100,10,5,0.6724570000000085,0.027377999999885105,Y,3805
12,12,100,10,5,0.664908999999966,0.03173000000015236,Y,3766
12,12,100,10,5,0.6787649999998848,0.042867999999998574,Y,3826
12,12,100,10,5,0.6650620000000345,0.03131499999994958,Y,3780
12,12,100,10,5,0.6672760000000153,0.031584000000066226,Y,3846
12,12,100,10,5,0.6679060000000163,0.04200000000003001,Y,3818
12,12,100,10,5,0.6687729999998737,0.03307800000015959,Y,3827
12,12,100,10,5,0.6668310000001156,0.034499999999866304,Y,3818
12,8,100,10,5,0.44596200000000863,0.027721999999926084,Y,2515
12,8,100,10,5,0.44214499999998225,0.029925999999932174,Y,2482
12,8,100,10,5,0.44477500000004966,0.03386400000010781,Y,2529
12,8,100,10,5,0.4441310000001977,0.025589999999965585,Y,2487
12,8,100,10,5,0.4469260000000759,0.026221999999961554,Y,2560
12,8,100,10,5,0.4428730000000769,0.030700999999908163,Y,2508
12,8,100,10,5,0.44601300000010724,0.03258699999992132,Y,2537
12,8,100,10,5,0.442752000000155,0.034712999999896965,Y,2494
12,8,100,10,5,0.44307900000001155,0.03658599999994294,Y,2516
12,8,100,10,5,0.4424789999999348,0.036048000000050706,Y,2503
12,4,100,10,5,0.23670700000013767,0.04337599999996655,Y,1296
12,4,100,10,5,0.23439299999995455,0.037705999999957385,Y,1296
12,4,100,10,5,0.23475299999995514,0.033573000000046704,Y,1306
12,4,100,10,5,0.2347620000000461,0.027357000000051812,Y,1304
12,4,100,10,5,0.2357569999999214,0.031340000000000146,Y,1282
12,4,100,10,5,0.23339500000008684,0.02364399999987654,Y,1285
12,4,100,10,5,0.2353649999998879,0.026642999999921813,Y,1314
12,4,100,10,5,0.234442999999942,0.030391000000008717,Y,1302
12,4,100,10,5,0.23425599999995939,0.02880300000015268,Y,1278
12,4,100,10,5,0.2349859999999353,0.03535199999998895,Y,1307
8,8,100,10,5,0.4206340000000637,0.040951000000063686,Y,2097
8,8,100,10,5,0.41912999999999556,0.02964600000007067,Y,2092
8,8,100,10,5,0.42166499999996176,0.0350420000000895,Y,2088
8,8,100,10,5,0.4228170000000091,0.043236000000092645,Y,2110
8,8,100,10,5,0.42408399999999347,0.033355999999912456,Y,2136
8,8,100,10,5,0.42545700000005127,0.037328999999999724,Y,2128
8,8,100,10,5,0.4224499999999125,0.03257399999984045,Y,2108
8,8,100,10,5,0.42132600000002185,0.04403599999989183,Y,2104
8,8,100,10,5,0.4306890000000294,0.03774499999985892,Y,2109
8,8,100,10,5,0.42412500000000364,0.0364079999999376,Y,2126
8,4,100,10,5,0.223337000000015,0.0309789999998884,Y,1075
8,4,100,10,5,0.2241989999999987,0.03887199999985569,Y,1096
8,4,100,10,5,0.226530999999909,0.03126299999996718,Y,1094
8,4,100,10,5,0.2233969999999772,0.027641000000016902,Y,1079
8,4,100,10,5,0.22507599999994454,0.0322479999999814,Y,1108
8,4,100,10,5,0.2242230000000518,0.03471200000001318,Y,1086
8,4,100,10,5,0.2237950000001092,0.028377999999975145,Y,1088
8,4,100,10,5,0.22543100000007144,0.043294999999943684,Y,1091
8,4,100,10,5,0.22345900000004804,0.04306900000005953,Y,1096
8,4,100,10,5,0.22347999999999502,0.04279400000007172,Y,1083
4,4,100,10,5,0.19889599999999064,0.14860200000009627,Y,705
4,4,100,10,5,0.20061199999997825,0.21262300000000778,Y,702
4,4,100,10,5,0.19790799999998399,0.14594900000008693,Y,702
4,4,100,10,5,0.19847699999991164,0.23214600000005703,Y,702
4,4,100,10,5,0.1990010000000666,0.13724200000001474,Y,697
4,4,100,10,5,0.19918600000005426,0.21302800000012212,Y,702
4,4,100,10,5,0.19844399999988127,0.16126000000019758,Y,708
4,4,100,10,5,0.19743700000003628,0.1268889999998919,Y,701
4,4,100,10,5,0.19826199999999972,0.18132100000002538,Y,702
4,4,100,10,5,0.19792400000005728,0.13663099999996575,Y,707
3,2,100,10,5,0.10701799999992545,1.52733499999988,Y,292
3,2,100,10,5,0.1055389999999079,1.8560110000000805,Y,289
3,2,100,10,5,0.1050719999999501,1.4396940000000313,Y,291
3,2,100,10,5,0.10558799999989787,1.6855740000000878,Y,293
3,2,100,10,5,0.10513800000001083,2.1807420000000093,Y,284
3,2,100,10,5,0.10732200000006742,1.9390220000000227,Y,285
3,2,100,10,5,0.10532200000000103,1.47209399999997,Y,293
3,2,100,10,5,0.10544400000014775,1.8981400000000122,Y,293
3,2,100,10,5,0.1052270000000135,1.9755040000000008,Y,288
3,2,100,10,5,0.1069199999999455,1.8430789999999888,Y,286
2,3,100,10,5,0.13543800000002193,8.224582000000055,Y,279
2,3,100,10,5,0.1353560000000016,13.924457000000075,Y,279
2,3,100,10,5,0.13429500000006556,7.611709000000019,Y,278
2,3,100,10,5,0.1349480000000085,10.543484000000035,Y,278
2,3,100,10,5,0.13738199999988865,9.9973829999999,Y,279
2,3,100,10,5,0.13355699999999615,14.846885999999927,Y,279
2,3,100,10,5,0.1334909999999354,12.917794000000072,Y,276
2,3,100,10,5,0.13370199999997112,12.380828999999949,Y,279
2,3,100,10,5,0.13967000000002372,12.62926200000004,Y,278
2,3,100,10,5,0.13528999999994085,13.450259000000074,Y,278
2,2,100,10,5,0.10008200000004308,29.068654000000038,Y,199
2,2,100,10,5,0.09944099999995615,32.917753999999945,Y,199
2,2,100,10,5,0.10004700000001776,24.003091999999924,Y,199
2,2,100,10,5,0.09957300000007763,25.938648999999828,Y,199
2,2,100,10,5,0.10168999999996231,33.44166500000006,Y,197
2,2,100,10,5,0.09985400000005029,25.243739000000005,Y,199
2,2,100,10,5,0.1004360000001725,26.662447000000043,Y,199
2,2,100,10,5,0.0997060000000829,31.86024299999997,Y,199
2,2,100,10,5,0.10105299999997897,24.141748000000007,Y,200
2,2,100,10,5,0.10470899999995709,36.03100100000006,Y,199
2,1,100,10,5,0.01911700000005112,0.13874799999996412,N,100
2,1,100,10,5,0.019268000000010943,3.5668019999999387,N,99
2,1,100,10,5,0.018983000000048378,1.086033999999927,N,100
2,1,100,10,5,0.019067000000063672,0.8871719999999641,N,98
2,1,100,10,5,0.019292000000064036,4.399826999999959,N,100
2,1,100,10,5,0.019129000000020824,0.05596800000000712,N,100
2,1,100,10,5,0.01911799999993491,0.9766200000000254,N,100
2,1,100,10,5,0.01931600000000344,1.1524540000000343,N,99
2,1,100,10,5,0.0192419999999629,2.235689999999977,N,100
2,1,100,10,5,0.01926900000000842,1.0311619999998811,N,100
1,2,100,10,5,0.03259200000002238,21.190125999999964,N,100
1,2,100,10,5,0.03184200000009696,1.234994999999799,N,100
1,2,100,10,5,0.03168000000005122,479.52550599999995,N,100
1,2,100,10,5,0.032529000000067754,80.03495699999985,N,100
1,2,100,10,5,0.03482700000017758,98.74405700000011,N,100
1,2,100,10,5,0.03206999999997606,5.374622999999929,N,100
1,2,100,10,5,0.03153799999995499,24.252868000000035,N,100
1,2,100,10,5,0.031586999999944965,20.01823400000012,N,100
1,2,100,10,5,0.03242199999999684,28.22255300000006,N,100
1,2,100,10,5,0.03248200000007273,1.0125560000001315,N,100
1,1,100,10,5,0.018407999999908498,0.06327899999996589,N,50
1,1,100,10,5,0.01844200000005003,0.003032000000075641,N,50
1,1,100,10,5,0.018211999999948603,0.012294999999994616,N,50
1,1,100,10,5,0.018188000000009197,0.00881600000002436,N,50
1,1,100,10,5,0.01831399999991845,0.040398999999979424,N,50
1,1,100,10,5,0.018041999999923064,0.009475999999949636,N,50
1,1,100,10,5,0.018300999999837586,0.004088000000137981,N,50
1,1,100,10,5,0.018347000000176195,0.0775300000000243,N,50
1,1,100,10,5,0.018115999999963606,0.019066000000066197,N,50
1,1,100,10,5,0.01819700000010016,0.039667000000008557,N,50
12,12,200,15,8,3.0227450000002136,0.42578000000025895,Y,7689
12,12,200,15,8,3.047368000000006,0.4048779999995986,Y,7807
12,12,200,15,8,3.027362999999923,0.37120100000015555,Y,7765
12,12,200,15,8,3.026012000000037,0.3137979999999061,Y,7798
12,12,200,15,8,3.009099999999762,0.39582999999970525,Y,7678
12,12,200,15,8,3.041631999999936,0.27720700000008947,Y,7721
12,12,200,15,8,3.025381000000152,0.39361699999994926,Y,7738
12,12,200,15,8,3.026825999999801,0.33590499999968415,Y,7768
12,12,200,15,8,3.026410000000169,0.34543200000007346,Y,7762
12,12,200,15,8,3.0277860000001056,0.3257700000001478,Y,7764
12,8,200,15,8,2.05050899999992,0.292444999999816,Y,5177
12,8,200,15,8,2.03969700000016,0.3319369999999253,Y,5172
12,8,200,15,8,2.0383310000001984,0.3772780000001603,Y,5243
12,8,200,15,8,2.036297999999988,0.37522500000000036,Y,5205
12,8,200,15,8,2.028403000000253,0.39033999999992375,Y,5146
12,8,200,15,8,2.0297469999998157,0.40510199999994256,Y,5160
12,8,200,15,8,2.0578729999999723,0.4326370000001134,Y,5209
12,8,200,15,8,2.0323769999999968,0.2864600000000337,Y,5185
12,8,200,15,8,2.0424639999998817,0.44049100000006547,Y,5225
12,8,200,15,8,2.043233999999984,0.3611799999998766,Y,5268
12,4,200,15,8,1.0606309999998302,0.41199600000027203,Y,2648
12,4,200,15,8,1.0580360000001292,0.31526700000017627,Y,2661
12,4,200,15,8,1.0623450000002777,0.33456299999966177,Y,2682
12,4,200,15,8,1.0586040000000594,0.3234179999999469,Y,2658
12,4,200,15,8,1.0724400000001424,0.34491799999977957,Y,2687
12,4,200,15,8,1.0610439999998107,0.39069899999981317,Y,2659
12,4,200,15,8,1.0630169999999453,0.31809999999973115,Y,2680
12,4,200,15,8,1.061001000000033,0.3696890000001076,Y,2694
12,4,200,15,8,1.0625890000001164,0.38588199999981043,Y,2677
12,4,200,15,8,1.059844000000112,0.3897850000003018,Y,2688
8,8,200,15,8,1.9127560000001722,0.4515799999999217,Y,4152
8,8,200,15,8,1.917750999999953,0.31817300000034265,Y,4203
8,8,200,15,8,1.9147530000000188,0.4202350000000479,Y,4204
8,8,200,15,8,1.9269299999998566,0.33333699999980126,Y,4189
8,8,200,15,8,1.91412500000024,0.410785999999689,Y,4225
8,8,200,15,8,1.9156530000002476,0.4259380000003148,Y,4218
8,8,200,15,8,1.9121429999997872,0.4499940000000606,Y,4173
8,8,200,15,8,1.9131760000002487,0.3713239999999587,Y,4198
8,8,200,15,8,1.9128210000001218,0.44337099999984275,Y,4202
8,8,200,15,8,1.9316369999996823,0.36121700000012424,Y,4226
8,4,200,15,8,0.9990190000000894,0.40404899999975896,Y,2145
8,4,200,15,8,0.997787000000244,0.40065899999990506,Y,2146
8,4,200,15,8,0.9944239999999809,0.4304619999998067,Y,2151
8,4,200,15,8,0.9961570000002666,0.446474999999964,Y,2143
8,4,200,15,8,0.9935179999999946,0.37810499999977765,Y,2157
8,4,200,15,8,0.9886209999999664,0.5530900000001111,Y,2085
8,4,200,15,8,0.9986199999998462,0.4057269999998425,Y,2150
8,4,200,15,8,0.994867000000113,0.44424499999990985,Y,2149
8,4,200,15,8,0.9971590000002379,0.34428300000013223,Y,2169
8,4,200,15,8,0.9970190000001367,0.5607619999998406,Y,2156
12,12,300,18,9,9.433322999999746,0.8659340000003795,Y,11129
12,12,300,18,9,9.492097999999942,0.78392400000007,Y,11247
12,12,300,18,9,9.485603000000083,0.7533669999997983,Y,11263
12,12,300,18,9,9.478839999999991,0.9442659999999705,Y,11228
12,12,300,18,9,9.515440000000126,0.762023999999883,Y,11247
12,12,300,18,9,9.497096000000283,0.8195289999998749,Y,11272
12,12,300,18,9,9.470577999999932,0.8741230000000542,Y,11225
12,12,300,18,9,9.494816999999784,0.8576250000000982,Y,11192
12,12,300,18,9,9.472237000000177,0.8024199999999837,Y,11186
12,12,300,18,9,9.44904200000019,0.883628999999928,Y,11172
12,8,300,18,9,6.366777000000184,0.851654999999937,Y,7481
12,8,300,18,9,6.350698000000193,0.8168139999997948,Y,7481
12,8,300,18,9,6.345328000000109,0.8599699999999757,Y,7410
12,8,300,18,9,6.349926000000096,0.8494259999997666,Y,7474
12,8,300,18,9,6.368821999999909,0.8822079999999914,Y,7493
12,8,300,18,9,6.328144000000066,0.8306680000000597,Y,7411
12,8,300,18,9,6.35999599999991,0.8498809999996411,Y,7440
12,8,300,18,9,6.367404000000079,0.8656210000003739,Y,7515
12,8,300,18,9,6.345681999999215,0.7557240000001002,Y,7443
12,8,300,18,9,6.3461419999998725,0.9233460000000377,Y,7428
12,4,300,18,9,3.214140000000498,0.7919059999999263,Y,3733
12,4,300,18,9,3.2097169999997277,0.8722999999995409,Y,3723
12,4,300,18,9,3.2046339999997144,0.89419000000089,Y,3746
12,4,300,18,9,3.196317000000363,0.8902030000003833,Y,3748
12,4,300,18,9,3.227342000000135,0.8377420000006168,Y,3758
12,4,300,18,9,3.205883999999969,0.9549269999997705,Y,3759
12,4,300,18,9,3.200721000000158,0.8476639999998952,Y,3746
12,4,300,18,9,3.1905900000001566,0.8995010000003276,Y,3711
12,4,300,18,9,3.236142999999629,0.8175609999998414,Y,3743
12,4,300,18,9,3.212322999999742,0.8860629999999219,Y,3761
8,8,300,18,9,5.913507999999638,0.9123849999991762,Y,5801
8,8,300,18,9,5.918012999999519,0.9406260000000657,Y,5772
8,8,300,18,9,5.941867000000457,0.9543770000000222,Y,5842
8,8,300,18,9,5.94967699999961,1.0060370000001058,Y,5840
8,8,300,18,9,5.911450999999488,1.0610539999997854,Y,5801
8,8,300,18,9,5.898075000000063,1.1072609999991982,Y,5803
8,8,300,18,9,5.901682000000164,0.8394090000001597,Y,5824
8,8,300,18,9,5.925508999999693,0.8409930000002532,Y,5782
8,8,300,18,9,5.922966000000088,0.9268310000002202,Y,5795
8,8,300,18,9,5.948932999999215,0.8965000000002874,Y,5834
8,4,300,18,9,3.01204000000007,1.3691149999995105,Y,2920
8,4,300,18,9,2.9943600000001425,1.5608360000005632,Y,2910
8,4,300,18,9,2.9824849999990874,1.7965570000001208,Y,2899
8,4,300,18,9,2.998829000000569,1.5221699999997327,Y,2897
8,4,300,18,9,3.0001369999995404,2.079619999999977,Y,2885
8,4,300,18,9,3.0088889999997264,1.9434760000003735,Y,2893
8,4,300,18,9,2.994079999999485,1.4978869999995368,Y,2915
8,4,300,18,9,2.9874840000002223,1.162112000000434,Y,2911
8,4,300,18,9,2.9775660000000244,1.7411299999994299,Y,2893
8,4,300,18,9,3.0000580000005357,1.2717240000001766,Y,2929
12,12,400,20,10,21.291482000000087,1.8437530000001061,Y,14076
12,12,400,20,10,21.335711999999603,1.7937079999996968,Y,14025
12,12,400,20,10,21.346385000000737,1.780695999999807,Y,14099
12,12,400,20,10,21.290751999999884,1.909374000000298,Y,14079
12,12,400,20,10,21.295004000000063,1.791309000000183,Y,14056
12,12,400,20,10,21.230545999999777,1.668051999999534,Y,13922
12,12,400,20,10,21.222272000000885,1.6141499999998814,Y,13998
12,12,400,20,10,21.290183999999954,1.690009999999802,Y,14019
12,12,400,20,10,21.299004000000423,1.5140080000001035,Y,14016
12,12,400,20,10,21.257540999999947,1.6340970000001107,Y,14092
12,8,400,20,10,14.200514999999541,1.6751989999988837,Y,9353
12,8,400,20,10,14.23109999999997,1.7663439999992079,Y,9363
12,8,400,20,10,14.186706999999842,1.6162780000004204,Y,9353
12,8,400,20,10,14.165034000000105,1.6489780000001701,Y,9350
12,8,400,20,10,14.231049999999868,1.6252560000002632,Y,9398
12,8,400,20,10,14.1671580000002,1.7010159999999814,Y,9330
12,8,400,20,10,14.190377999999782,1.6940309999999954,Y,9324
12,8,400,20,10,14.169181999999637,1.7163199999995413,Y,9367
12,8,400,20,10,14.218288999999459,1.8087049999994633,Y,9375
12,8,400,20,10,14.231752000000142,1.7627169999991565,Y,9323
12,4,400,20,10,7.158095999999659,1.994259000000966,Y,4683
12,4,400,20,10,7.15655900000047,1.8406430000004548,Y,4643
12,4,400,20,10,7.20661999999993,2.160962999999356,Y,4683
12,4,400,20,10,7.16789800000015,1.6773999999991247,Y,4663
12,4,400,20,10,7.18037299999969,1.9449210000002495,Y,4725
12,4,400,20,10,7.142251999999644,2.139387999999599,Y,4660
12,4,400,20,10,7.151556999999684,2.2074520000005577,Y,4641
12,4,400,20,10,7.1577280000005885,1.9928479999998672,Y,4688
12,4,400,20,10,7.178252999999586,1.7524030000004132,Y,4685
12,4,400,20,10,7.179053999999724,1.73795599999994,Y,4705
8,8,400,20,10,13.148409000000356,2.381294999999227,Y,7079
8,8,400,20,10,13.167541000000256,2.734041000000161,Y,7085
8,8,400,20,10,13.123404000000392,2.306149000000005,Y,7077
8,8,400,20,10,13.10513200000014,2.2974700000004304,Y,7019
8,8,400,20,10,13.108079999999973,3.232709000000341,Y,7068
8,8,400,20,10,13.109268000001066,2.4416559999999663,Y,7048
8,8,400,20,10,13.108515999999781,2.049760000000333,Y,7020
8,8,400,20,10,13.140559999999823,2.1009920000005877,Y,7094
8,8,400,20,10,13.133514999999989,2.762130999999954,Y,7061
8,8,400,20,10,13.098865999999362,2.5505920000000515,Y,7034
8,4,400,20,10,6.639004000000114,7.28206900000032,Y,3533
8,4,400,20,10,6.655510000000049,8.115200000000186,Y,3548
8,4,400,20,10,6.638231999999334,7.600351000000046,Y,3532
8,4,400,20,10,6.650916999999936,6.381969000000026,Y,3526
8,4,400,20,10,6.647164999999859,6.8812480000001415,Y,3517
8,4,400,20,10,6.62842800000044,7.943088999999873,Y,3538
8,4,400,20,10,6.654046999999991,7.110423000000537,Y,3510
8,4,400,20,10,6.657453999999689,8.157762000000275,Y,3541
8,4,400,20,10,6.662738999999874,8.387398999999732,Y,3552
8,4,400,20,10,6.6370789999996305,5.998184999999921,Y,3538
12,12,500,23,12,33.89013100000011,2.9656989999998586,Y,17286
12,12,500,23,12,34.03078400000004,2.9915530000002946,Y,17271
12,12,500,23,12,33.91806499999984,3.24125499999991,Y,17315
12,12,500,23,12,34.10144500000024,2.955603999999312,Y,17300
12,12,500,23,12,33.99130100000002,3.3200660000002244,Y,17370
12,12,500,23,12,33.948493000000326,3.2766859999996996,Y,17333
12,12,500,23,12,33.94432899999947,3.257095000000845,Y,17338
12,12,500,23,12,33.89755899999909,3.366569000000254,Y,17270
12,12,500,23,12,33.982348999998976,3.4420099999997547,Y,17391
12,12,500,23,12,33.87268300000005,2.8978909999996176,Y,17286
12,8,500,23,12,22.73641199999929,3.251795000000129,Y,11515
12,8,500,23,12,22.825043999999707,3.247103999999581,Y,11584
12,8,500,23,12,22.753012999999555,2.9054889999997613,Y,11594
12,8,500,23,12,22.684428000000025,2.989531999999599,Y,11560
12,8,500,23,12,22.72763199999963,3.2072269999994205,Y,11598
12,8,500,23,12,22.729733999999553,3.0968769999999495,Y,11531
12,8,500,23,12,22.744030000000294,3.29457500000035,Y,11565
12,8,500,23,12,22.794650000000274,3.066193999999996,Y,11529
12,8,500,23,12,22.810517999999774,3.2586150000001908,Y,11570
12,8,500,23,12,22.576122999999825,2.883546000000024,Y,11525
12,4,500,23,12,11.443594999999732,3.9825580000001537,Y,5764
12,4,500,23,12,11.427682999999888,3.896032999999534,Y,5759
12,4,500,23,12,11.484432000000197,4.1154439999991155,Y,5811
12,4,500,23,12,11.443418999999722,4.499262000000272,Y,5812
12,4,500,23,12,11.498913000000357,3.5882940000005874,Y,5808
12,4,500,23,12,11.477546999999959,3.913915999999972,Y,5772
12,4,500,23,12,11.488619000000199,4.473494000000301,Y,5789
12,4,500,23,12,11.472815000000082,4.433643999999731,Y,5822
12,4,500,23,12,11.457606999999825,4.516120999999657,Y,5770
12,4,500,23,12,11.452735000000303,3.587123999999676,Y,5756
8,8,500,23,12,20.919842999999673,5.526983999999629,Y,8631
8,8,500,23,12,20.986625999999433,5.464354000000185,Y,8594
8,8,500,23,12,21.080695000000105,5.456514999999854,Y,8607
8,8,500,23,12,21.304719000000205,5.551211000000421,Y,8567
8,8,500,23,12,20.941804000000502,5.292531999999483,Y,8612
8,8,500,23,12,20.932639999999537,5.240960000000086,Y,8576
8,8,500,23,12,20.921969000000445,5.882131999999729,Y,8581
8,8,500,23,12,20.959658000000218,5.387896999999612,Y,8577
8,8,500,23,12,21.009427999999843,5.516343999999208,Y,8591
8,8,500,23,12,20.96603899999991,5.753983000000062,Y,8579
8,4,500,23,12,10.63085799999999,24.045846999999867,Y,4292
8,4,500,23,12,10.642035000000305,26.455928000000313,Y,4281
8,4,500,23,12,10.66036499999882,26.37563399999908,Y,4313
8,4,500,23,12,10.597165000001041,23.60801000000083,Y,4308
8,4,500,23,12,10.607034999999087,23.865669999999227,Y,4329
8,4,500,23,12,10.592638999999508,23.515490000000682,Y,4298
8,4,500,23,12,10.586942999999337,21.272189999999682,Y,4278
8,4,500,23,12,10.566889000000629,24.28009000000111,Y,4289
8,4,500,23,12,10.544819000001553,23.990992999999435,Y,4298
8,4,500,23,12,10.673526999999922,25.1071350000002,Y,4306
