c,d,n,k,r,gen_time,solve_time,valid,sel_len
12,12,10,4,2,0.0020560000000000023,0.00013299999999999423,Y,250
12,12,10,4,2,0.0015399999999999997,4.300000000000137e-05,Y,258
12,12,10,4,2,0.001334999999999989,3.799999999999637e-05,Y,254
12,12,10,4,2,0.0013210000000000027,3.200000000000425e-05,Y,256
12,12,10,4,2,0.0013140000000000096,3.200000000000425e-05,Y,250
12,12,10,4,2,0.0013190000000000146,2.8000000000000247e-05,Y,252
12,12,10,4,2,0.0013219999999999898,2.8000000000000247e-05,Y,254
12,12,10,4,2,0.0013350000000000029,2.5999999999998247e-05,Y,253
12,12,10,4,2,0.0013460000000000139,2.4999999999997247e-05,Y,263
12,12,10,4,2,0.00136,2.4999999999997247e-05,Y,250
12,8,10,4,2,0.0010290000000000021,2.8000000000000247e-05,Y,176
12,8,10,4,2,0.0009799999999999809,2.4999999999997247e-05,Y,168
12,8,10,4,2,0.0009919999999999929,2.5999999999998247e-05,Y,173
12,8,10,4,2,0.0010010000000000019,2.4999999999997247e-05,Y,172
12,8,10,4,2,0.0010020000000000029,2.3999999999996247e-05,Y,176
12,8,10,4,2,0.0009799999999999809,2.4999999999997247e-05,Y,170
12,8,10,4,2,0.0009959999999999969,2.5999999999998247e-05,Y,171
12,8,10,4,2,0.0009889999999999899,2.3999999999996247e-05,Y,175
12,8,10,4,2,0.0009810000000000096,2.2999999999995246e-05,Y,170
12,8,10,4,2,0.0009910000000000196,2.899999999997349e-05,Y,174
12,4,10,4,2,0.0006499999999999839,2.5999999999998247e-05,Y,95
12,4,10,4,2,0.0007310000000000094,4.300000000001525e-05,Y,86
12,4,10,4,2,0.0006960000000000022,2.9000000000001247e-05,Y,96
12,4,10,4,2,0.0006720000000000059,2.8000000000000247e-05,Y,87
12,4,10,4,2,0.0006619999999999959,2.3999999999996247e-05,Y,95
12,4,10,4,2,0.0006550000000000167,2.4999999999997247e-05,Y,92
12,4,10,4,2,0.0006489999999999829,2.5999999999998247e-05,Y,87
12,4,10,4,2,0.0006489999999999829,2.3999999999996247e-05,Y,94
12,4,10,4,2,0.0006210000000000104,2.3000000000023002e-05,Y,91
12,4,10,4,2,0.0006149999999999767,2.1000000000021002e-05,Y,90
8,8,10,4,2,0.0009740000000000026,2.3999999999996247e-05,Y,160
8,8,10,4,2,0.0009869999999999879,2.4999999999997247e-05,Y,161
8,8,10,4,2,0.0009759999999999769,2.3999999999996247e-05,Y,162
8,8,10,4,2,0.0009819999999999829,2.5999999999998247e-05,Y,168
8,8,10,4,2,0.0009689999999999976,2.6999999999999247e-05,Y,160
8,8,10,4,2,0.0009909999999999919,3.300000000000525e-05,Y,170
8,8,10,4,2,0.0009840000000000126,2.4999999999997247e-05,Y,166
8,8,10,4,2,0.0009809999999999819,2.4999999999997247e-05,Y,164
8,8,10,4,2,0.0009950000000000236,3.599999999998049e-05,Y,161
8,8,10,4,2,0.0010060000000000069,2.8000000000000247e-05,Y,171
8,4,10,4,2,0.0006280000000000174,2.5999999999998247e-05,Y,83
8,4,10,4,2,0.0006279999999999897,2.4000000000024002e-05,Y,88
8,4,10,4,2,0.0006110000000000004,2.3999999999996247e-05,Y,86
8,4,10,4,2,0.0006169999999999787,2.4000000000024002e-05,Y,88
8,4,10,4,2,0.0006259999999999877,2.2999999999995246e-05,Y,89
8,4,10,4,2,0.0006009999999999904,2.3999999999996247e-05,Y,81
8,4,10,4,2,0.0006199999999999817,2.6000000000026002e-05,Y,86
8,4,10,4,2,0.0006319999999999937,2.2999999999995246e-05,Y,94
8,4,10,4,2,0.0006140000000000034,2.2999999999995246e-05,Y,86
8,4,10,4,2,0.0006099999999999994,2.1999999999994246e-05,Y,89
4,4,10,4,2,0.0005959999999999854,2.2000000000022002e-05,Y,75
4,4,10,4,2,0.0005870000000000042,2.5999999999998247e-05,Y,67
4,4,10,4,2,0.0006150000000000044,2.6000000000026002e-05,Y,75
4,4,10,4,2,0.0006029999999999924,2.5999999999998247e-05,Y,79
4,4,10,4,2,0.0006049999999999944,2.3999999999996247e-05,Y,78
4,4,10,4,2,0.0005840000000000012,2.4999999999997247e-05,Y,70
4,4,10,4,2,0.0005970000000000142,2.4999999999997247e-05,Y,78
4,4,10,4,2,0.0005979999999999874,2.3999999999996247e-05,Y,78
4,4,10,4,2,0.0005929999999999824,2.3999999999996247e-05,Y,72
4,4,10,4,2,0.0006349999999999967,2.4999999999997247e-05,Y,75
3,2,10,4,2,0.0003870000000000262,3.499999999997949e-05,Y,32
3,2,10,4,2,0.0003979999999999817,2.5000000000025002e-05,Y,38
3,2,10,4,2,0.00039000000000000146,4.100000000001325e-05,Y,33
3,2,10,4,2,0.0004059999999999897,2.8000000000000247e-05,Y,33
3,2,10,4,2,0.0004009999999999847,2.3999999999996247e-05,Y,37
3,2,10,4,2,0.0004079999999999917,2.8000000000000247e-05,Y,36
3,2,10,4,2,0.0004069999999999907,2.5999999999998247e-05,Y,36
3,2,10,4,2,0.0004159999999999997,2.8000000000000247e-05,Y,34
3,2,10,4,2,0.0004679999999999962,4.000000000001225e-05,Y,33
3,2,10,4,2,0.00043999999999999595,2.6999999999999247e-05,Y,36
2,3,10,4,2,0.00048199999999998244,3.300000000000525e-05,Y,39
2,3,10,4,2,0.0005080000000000084,3.0000000000002247e-05,Y,40
2,3,10,4,2,0.0004840000000000122,3.100000000000325e-05,Y,38
2,3,10,4,2,0.0005069999999999797,2.8000000000000247e-05,Y,45
2,3,10,4,2,0.0004889999999999894,3.0000000000002247e-05,Y,39
2,3,10,4,2,0.00048699999999998744,3.600000000000825e-05,Y,41
2,3,10,4,2,0.00047899999999997944,4.600000000001825e-05,Y,39
2,3,10,4,2,0.0004629999999999912,3.100000000000325e-05,Y,40
2,3,10,4,2,0.0004709999999999992,3.999999999998449e-05,Y,40
2,3,10,4,2,0.0004629999999999912,2.8000000000000247e-05,Y,41
2,2,10,4,2,0.0003800000000000192,3.299999999997749e-05,Y,26
2,2,10,4,2,0.00038599999999999746,3.0000000000002247e-05,Y,31
2,2,10,4,2,0.00039000000000000146,3.499999999997949e-05,Y,33
2,2,10,4,2,0.00038599999999999746,5.3999999999998494e-05,Y,25
2,2,10,4,2,0.00039300000000000446,3.999999999998449e-05,Y,27
2,2,10,4,2,0.00039000000000000146,2.9000000000001247e-05,Y,34
2,2,10,4,2,0.0003969999999999807,2.8000000000000247e-05,Y,29
2,2,10,4,2,0.00039700000000000846,3.799999999998249e-05,Y,28
2,2,10,4,2,0.0004089999999999927,2.9000000000001247e-05,Y,27
2,2,10,4,2,0.0004039999999999877,2.8000000000000247e-05,Y,30
2,1,10,4,2,0.0003130000000000077,3.499999999997949e-05,Y,17
2,1,10,4,2,0.00032999999999999696,4.499999999998949e-05,Y,18
2,1,10,4,2,0.0003080000000000027,5.3999999999998494e-05,Y,14
2,1,10,4,2,0.00033900000000000596,5.2999999999997494e-05,Y,18
2,1,10,4,2,0.0003170000000000117,3.400000000000625e-05,Y,20
2,1,10,4,2,0.0003100000000000047,3.399999999997849e-05,Y,18
2,1,10,4,2,0.00031699999999998396,4.999999999999449e-05,Y,16
2,1,10,4,2,0.00031699999999998396,3.900000000001125e-05,Y,21
2,1,10,4,2,0.00031499999999998196,5.8000000000002494e-05,Y,18
2,1,10,4,2,0.0003160000000000107,6.40000000000085e-05,Y,16
1,2,10,4,2,0.0003780000000000172,6.1000000000005494e-05,Y,19
1,2,10,4,2,0.0003680000000000072,4.199999999998649e-05,Y,20
1,2,10,4,2,0.0003670000000000062,5.4999999999999494e-05,Y,19
1,2,10,4,2,0.00037499999999998646,4.800000000002025e-05,Y,20
1,2,10,4,2,0.0003720000000000112,8.999999999997899e-05,Y,19
1,2,10,4,2,0.0003650000000000042,5.7000000000001494e-05,Y,19
1,2,10,4,2,0.0003640000000000032,4.399999999998849e-05,Y,19
1,2,10,4,2,0.0003650000000000042,4.799999999999249e-05,Y,19
1,2,10,4,2,0.00038299999999999446,7.399999999999074e-05,Y,19
1,2,10,4,2,0.00037499999999998646,5.100000000002325e-05,Y,19
1,1,10,4,2,0.0003019999999999967,6.0000000000004494e-05,N,11
1,1,10,4,2,0.0003080000000000027,3.999999999998449e-05,N,11
1,1,10,4,2,0.0003160000000000107,4.899999999999349e-05,N,11
1,1,10,4,2,0.0003210000000000157,4.699999999999149e-05,N,9
1,1,10,4,2,0.0003170000000000117,8.700000000000374e-05,N,12
1,1,10,4,2,0.0003180000000000127,4.899999999999349e-05,N,11
1,1,10,4,2,0.0003220000000000167,3.400000000000625e-05,N,12
1,1,10,4,2,0.0003160000000000107,7.899999999999574e-05,N,12
1,1,10,4,2,0.0003190000000000137,8.500000000000174e-05,N,11
1,1,10,4,2,0.0003100000000000047,4.199999999998649e-05,N,10
12,12,20,5,3,0.006403999999999993,0.00023899999999998922,Y,605
12,12,20,5,3,0.006404999999999994,0.0003120000000000067,Y,611
12,12,20,5,3,0.006501000000000007,0.0002829999999999777,Y,633
12,12,20,5,3,0.006430000000000019,0.00022600000000000398,Y,628
12,12,20,5,3,0.0063710000000000155,0.0002530000000000032,Y,610
12,12,20,5,3,0.0063850000000000295,0.00025599999999997847,Y,623
12,12,20,5,3,0.006299999999999972,0.0002510000000000012,Y,608
12,12,20,5,3,0.006496000000000002,0.00025999999999998247,Y,613
12,12,20,5,3,0.0063870000000000315,0.00023600000000001398,Y,623
12,12,20,5,3,0.006352000000000024,0.00023200000000000998,Y,610
12,8,20,5,3,0.004388999999999976,0.00016899999999997473,Y,408
12,8,20,5,3,0.004418000000000033,0.00025599999999997847,Y,425
12,8,20,5,3,0.004361999999999977,0.00020200000000003548,Y,412
12,8,20,5,3,0.004475000000000007,0.00019299999999999873,Y,414
12,8,20,5,3,0.004510000000000014,0.00021300000000001873,Y,415
12,8,20,5,3,0.0044420000000000015,0.00021799999999999597,Y,415
12,8,20,5,3,0.004392000000000007,0.00018499999999999073,Y,420
12,8,20,5,3,0.0043620000000000325,0.00020999999999998797,Y,413
12,8,20,5,3,0.004415000000000002,0.00022499999999997522,Y,415
12,8,20,5,3,0.00437700000000002,0.00024299999999999322,Y,408
12,4,20,5,3,0.002344999999999986,0.0002550000000000052,Y,202
12,4,20,5,3,0.0023759999999999892,0.00022199999999999998,Y,206
12,4,20,5,3,0.0024059999999999637,0.00019600000000002948,Y,208
12,4,20,5,3,0.002483000000000013,0.00021700000000002273,Y,208
12,4,20,5,3,0.0025099999999999567,0.00021599999999999397,Y,204
12,4,20,5,3,0.002359,0.00019900000000000473,Y,199
12,4,20,5,3,0.0023949999999999805,0.00021999999999999797,Y,211
12,4,20,5,3,0.0023909999999999765,0.00018999999999996797,Y,204
12,4,20,5,3,0.0024129999999999985,0.00019700000000000273,Y,205
12,4,20,5,3,0.002377000000000018,0.00020799999999998597,Y,204
8,8,20,5,3,0.004334999999999978,0.00021599999999999397,Y,397
8,8,20,5,3,0.0042979999999999685,0.00026199999999998447,Y,395
8,8,20,5,3,0.0042360000000000175,0.00017599999999995397,Y,372
8,8,20,5,3,0.0043139999999999845,0.00023800000000001598,Y,389
8,8,20,5,3,0.0044359999999999955,0.00023200000000000998,Y,382
8,8,20,5,3,0.004242999999999997,0.00025399999999997647,Y,371
8,8,20,5,3,0.0043259999999999965,0.00021399999999999197,Y,391
8,8,20,5,3,0.004276000000000002,0.00033600000000000296,Y,382
8,8,20,5,3,0.004255000000000009,0.0002630000000000132,Y,379
8,8,20,5,3,0.00425399999999998,0.0002609999999999557,Y,376
8,4,20,5,3,0.0023420000000000107,0.00019500000000000073,Y,193
8,4,20,5,3,0.0023159999999999847,0.0002530000000000032,Y,191
8,4,20,5,3,0.0023450000000000415,0.0002809999999999757,Y,194
8,4,20,5,3,0.002336999999999978,0.00025399999999997647,Y,195
8,4,20,5,3,0.002477000000000007,0.00023200000000000998,Y,191
8,4,20,5,3,0.0024129999999999985,0.00024799999999997047,Y,194
8,4,20,5,3,0.0024199999999999777,0.00019999999999997797,Y,184
8,4,20,5,3,0.0023340000000000027,0.00023800000000001598,Y,195
8,4,20,5,3,0.0023039999999999727,0.00024999999999997247,Y,188
8,4,20,5,3,0.0023320000000000007,0.00024299999999999322,Y,188
4,4,20,5,3,0.0021950000000000025,0.00022700000000003273,Y,148
4,4,20,5,3,0.0021919999999999717,0.0003110000000000057,Y,145
4,4,20,5,3,0.0022559999999999802,0.00023299999999998322,Y,159
4,4,20,5,3,0.002230999999999983,0.00021499999999996522,Y,160
4,4,20,5,3,0.0022070000000000145,0.00023499999999998522,Y,151
4,4,20,5,3,0.0023159999999999847,0.00028000000000000247,Y,153
4,4,20,5,3,0.002464999999999995,0.0003330000000000277,Y,157
4,4,20,5,3,0.0022439999999999682,0.00031400000000003647,Y,157
4,4,20,5,3,0.0022580000000000378,0.00022300000000002873,Y,165
4,4,20,5,3,0.00217700000000004,0.0003250000000000197,Y,142
3,2,20,5,3,0.0012980000000000214,0.00032000000000004247,Y,62
3,2,20,5,3,0.0013179999999999858,0.0003129999999999522,Y,65
3,2,20,5,3,0.001320999999999961,0.0003130000000000077,Y,68
3,2,20,5,3,0.001373000000000013,0.0003029999999999977,Y,70
3,2,20,5,3,0.0013250000000000206,0.00025200000000003,Y,65
3,2,20,5,3,0.0013219999999999898,0.0003429999999999822,Y,66
3,2,20,5,3,0.0013120000000000354,0.00030799999999997496,Y,64
3,2,20,5,3,0.0013259999999999939,0.00036999999999998145,Y,71
3,2,20,5,3,0.0013079999999999758,0.0003850000000000242,Y,63
3,2,20,5,3,0.0013199999999999878,0.0003170000000000117,Y,66
2,3,20,5,3,0.001654999999999962,0.00043799999999993844,Y,76
2,3,20,5,3,0.0016659999999999453,0.0004770000000000607,Y,79
2,3,20,5,3,0.0017319999999999558,0.00041999999999997595,Y,80
2,3,20,5,3,0.0016960000000000308,0.00048199999999998244,Y,76
2,3,20,5,3,0.0017449999999999966,0.00033199999999999896,Y,80
2,3,20,5,3,0.001747000000000054,0.0006249999999999867,Y,74
2,3,20,5,3,0.0016649999999999165,0.0004850000000000687,Y,75
2,3,20,5,3,0.0016770000000000396,0.00050400000000006,Y,80
2,3,20,5,3,0.0016809999999999325,0.00037999999999993594,Y,79
2,3,20,5,3,0.0016690000000000316,0.00045399999999995444,Y,79
2,2,20,5,3,0.0012689999999999646,0.0005420000000000424,Y,53
2,2,20,5,3,0.0012999999999999678,0.0003609999999999447,Y,57
2,2,20,5,3,0.0012780000000000014,0.0006199999999999539,Y,52
2,2,20,5,3,0.0013330000000000286,0.0003890000000000837,Y,53
2,2,20,5,3,0.0012800000000000589,0.0005830000000000002,Y,55
2,2,20,5,3,0.0012569999999999526,0.0007519999999999749,Y,50
2,2,20,5,3,0.0012820000000000054,0.0004650000000000487,Y,54
2,2,20,5,3,0.0012820000000000054,0.0005579999999999474,Y,53
2,2,20,5,3,0.0012900000000000134,0.0004129999999999967,Y,53
2,2,20,5,3,0.0012950000000000461,0.0006190000000000362,Y,52
2,1,20,5,3,0.0008610000000000007,0.00021499999999996522,N,22
2,1,20,5,3,0.0009009999999999296,0.00034999999999996145,N,27
2,1,20,5,3,0.0008839999999999959,8.599999999991947e-05,N,25
2,1,20,5,3,0.0009870000000000712,0.00014900000000006575,N,27
2,1,20,5,3,0.0009569999999999856,0.0003750000000000142,N,27
2,1,20,5,3,0.0010120000000000129,0.00046199999999996244,N,28
2,1,20,5,3,0.0009689999999999976,0.0002829999999999222,N,23
2,1,20,5,3,0.0009550000000000392,9.499999999995623e-05,N,25
2,1,20,5,3,0.0009789999999999521,6.299999999992423e-05,N,26
2,1,20,5,3,0.0009080000000000199,0.000124000000000013,N,28
1,2,20,5,3,0.00121899999999997,0.0005500000000000504,N,29
1,2,20,5,3,0.0012040000000000939,0.000168000000000057,N,30
1,2,20,5,3,0.0011939999999999173,0.0005899999999999794,N,29
1,2,20,5,3,0.0012210000000000276,0.0015859999999999763,N,30
1,2,20,5,3,0.0012389999999999901,0.0005939999999999834,N,30
1,2,20,5,3,0.0012070000000000691,0.0016660000000000563,N,30
1,2,20,5,3,0.0012550000000000061,8.499999999989072e-05,N,30
1,2,20,5,3,0.0012280000000000069,0.001647000000000065,N,29
1,2,20,5,3,0.0012119999999999909,0.0018249999999999655,N,29
1,2,20,5,3,0.0012090000000000156,0.0022129999999999095,N,30
1,1,20,5,3,0.0008719999999999839,0.00010599999999993948,N,15
1,1,20,5,3,0.0008569999999999967,7.599999999996498e-05,N,14
1,1,20,5,3,0.0008679999999999799,0.00021999999999999797,N,15
1,1,20,5,3,0.0008690000000000087,6.700000000003925e-05,N,15
1,1,20,5,3,0.0008590000000000542,0.00015699999999996272,N,15
1,1,20,5,3,0.0008539999999999104,0.00010399999999999299,N,15
1,1,20,5,3,0.0008649999999998936,0.00021300000000001873,N,15
1,1,20,5,3,0.0009219999999999784,3.6000000000036e-05,N,15
1,1,20,5,3,0.0009090000000000487,0.00017000000000000348,N,14
1,1,20,5,3,0.0009320000000000439,9.00000000000345e-05,N,15
12,12,30,6,3,0.033704999999999985,0.0009359999999999369,Y,1006
12,12,30,6,3,0.03147700000000009,0.000696000000000141,Y,1031
12,12,30,6,3,0.03117800000000004,0.0009109999999999951,Y,1016
12,12,30,6,3,0.031237999999999988,0.0009660000000001334,Y,1019
12,12,30,6,3,0.03108999999999995,0.0010910000000000641,Y,1011
12,12,30,6,3,0.031444999999999945,0.001226999999999978,Y,1015
12,12,30,6,3,0.031131999999999938,0.0008549999999999391,Y,994
12,12,30,6,3,0.03128500000000001,0.0007820000000000604,Y,999
12,12,30,6,3,0.03136099999999997,0.0011050000000000226,Y,1013
12,12,30,6,3,0.031364999999999976,0.0008320000000000549,Y,1024
12,8,30,6,3,0.021567000000000003,0.0008869999999998601,Y,684
12,8,30,6,3,0.022187999999999986,0.0008169999999999566,Y,712
12,8,30,6,3,0.02146199999999998,0.0009109999999999951,Y,672
12,8,30,6,3,0.02194600000000002,0.0009439999999998339,Y,697
12,8,30,6,3,0.02160699999999971,0.0007609999999997896,Y,688
12,8,30,6,3,0.021545999999999843,0.0010259999999999714,Y,683
12,8,30,6,3,0.021684000000000037,0.0012199999999999989,Y,694
12,8,30,6,3,0.02172200000000002,0.0008860000000001644,Y,697
12,8,30,6,3,0.0217069999999997,0.0008850000000000247,Y,685
12,8,30,6,3,0.021783000000000108,0.0007970000000001587,Y,704
12,4,30,6,3,0.011648000000000103,0.0011490000000000666,Y,346
12,4,30,6,3,0.01176200000000005,0.0008010000000002737,Y,356
12,4,30,6,3,0.011784999999999712,0.0007859999999999534,Y,338
12,4,30,6,3,0.011646000000000045,0.0008340000000002235,Y,349
12,4,30,6,3,0.011567000000000105,0.0010900000000000354,Y,353
12,4,30,6,3,0.011641000000000012,0.0008190000000001252,Y,343
12,4,30,6,3,0.011557000000000262,0.0008919999999998929,Y,344
12,4,30,6,3,0.01164400000000021,0.0009520000000000639,Y,355
12,4,30,6,3,0.011502999999999819,0.0010119999999997908,Y,340
12,4,30,6,3,0.011542999999999859,0.0008540000000001324,Y,342
8,8,30,6,3,0.020803999999999823,0.001022999999999774,Y,610
8,8,30,6,3,0.02117100000000005,0.0010319999999999219,Y,631
8,8,30,6,3,0.021060999999999996,0.001072000000000184,Y,634
8,8,30,6,3,0.021042000000000005,0.0011229999999999851,Y,637
8,8,30,6,3,0.021227000000000107,0.0009520000000000639,Y,643
8,8,30,6,3,0.020723000000000047,0.0009149999999999991,Y,612
8,8,30,6,3,0.020970000000000155,0.0007970000000001587,Y,620
8,8,30,6,3,0.021028999999999964,0.0010069999999999801,Y,628
8,8,30,6,3,0.021012000000000253,0.0010260000000001934,Y,631
8,8,30,6,3,0.021233000000000057,0.0011980000000000324,Y,639
8,4,30,6,3,0.01141100000000006,0.0010180000000001854,Y,327
8,4,30,6,3,0.011282999999999932,0.0014050000000001006,Y,309
8,4,30,6,3,0.011304999999999898,0.0009850000000000136,Y,316
8,4,30,6,3,0.011254000000000097,0.0009120000000000239,Y,318
8,4,30,6,3,0.011176000000000075,0.0009850000000000136,Y,303
8,4,30,6,3,0.011140999999999845,0.0008899999999998354,Y,306
8,4,30,6,3,0.011176000000000075,0.0008690000000002307,Y,303
8,4,30,6,3,0.011154000000000108,0.0009319999999999329,Y,303
8,4,30,6,3,0.011227000000000098,0.0008140000000000924,Y,314
8,4,30,6,3,0.01117099999999982,0.0009719999999999729,Y,308
4,4,30,6,3,0.010388000000000064,0.001495000000000024,Y,237
4,4,30,6,3,0.010575000000000001,0.0018370000000000886,Y,252
4,4,30,6,3,0.010687000000000113,0.0011570000000000746,Y,253
4,4,30,6,3,0.0105630000000001,0.001434999999999631,Y,242
4,4,30,6,3,0.010504000000000069,0.0013559999999999128,Y,245
4,4,30,6,3,0.010635999999999868,0.0011569999999998526,Y,257
4,4,30,6,3,0.01060099999999986,0.0016599999999999948,Y,249
4,4,30,6,3,0.010448000000000235,0.0019000000000000128,Y,235
4,4,30,6,3,0.010447000000000095,0.0012980000000000214,Y,236
4,4,30,6,3,0.010527000000000175,0.0015849999999999476,Y,248
3,2,30,6,3,0.005929000000000073,0.0019769999999998955,Y,102
3,2,30,6,3,0.005984000000000211,0.0016800000000001258,Y,103
3,2,30,6,3,0.006126000000000076,0.001190999999999942,Y,109
3,2,30,6,3,0.006017000000000161,0.0022540000000002003,Y,97
3,2,30,6,3,0.005919000000000008,0.0014539999999998443,Y,102
3,2,30,6,3,0.005949000000000204,0.0017530000000001156,Y,104
3,2,30,6,3,0.007935999999999943,0.0018400000000000638,Y,105
3,2,30,6,3,0.006051999999999946,0.002064000000000288,Y,101
3,2,30,6,3,0.005919999999999925,0.002259000000000011,Y,102
3,2,30,6,3,0.006025000000000169,0.0018540000000000223,Y,109
2,3,30,6,3,0.007869000000000126,0.0032480000000001397,Y,120
2,3,30,6,3,0.007986999999999966,0.002825999999999995,Y,121
2,3,30,6,3,0.007890000000000175,0.002877999999999936,Y,119
2,3,30,6,3,0.00789799999999996,0.0030639999999999556,Y,118
2,3,30,6,3,0.00791900000000001,0.0030319999999999236,Y,122
2,3,30,6,3,0.007913000000000059,0.002950999999999926,Y,123
2,3,30,6,3,0.007951999999999959,0.0023969999999999825,Y,124
2,3,30,6,3,0.007878000000000052,0.002723000000000031,Y,120
2,3,30,6,3,0.007859999999999756,0.0028449999999997644,Y,118
2,3,30,6,3,0.00796600000000014,0.0020580000000001153,Y,124
2,2,30,6,3,0.005672000000000121,0.003349999999999742,Y,75
2,2,30,6,3,0.005646999999999958,0.0031010000000000204,Y,75
2,2,30,6,3,0.005692999999999948,0.0032840000000000646,Y,80
2,2,30,6,3,0.005794999999999995,0.002994000000000163,Y,79
2,2,30,6,3,0.005745999999999807,0.003063000000000038,Y,78
2,2,30,6,3,0.005688999999999389,0.003722999999999921,Y,76
2,2,30,6,3,0.005652999999999686,0.003162000000000109,Y,78
2,2,30,6,3,0.005596999999999852,0.003543000000000074,Y,75
2,2,30,6,3,0.005724000000000284,0.0031000000000003247,Y,78
2,2,30,6,3,0.005635999999999974,0.003538999999999959,Y,77
2,1,30,6,3,0.0020089999999997055,0.004520999999999997,N,43
2,1,30,6,3,0.002014999999999656,8.60000000000305e-05,N,42
2,1,30,6,3,0.00402300000000011,0.009670999999999985,N,43
2,1,30,6,3,0.002113999999999727,0.0028410000000000935,N,46
2,1,30,6,3,0.004163000000000139,0.0048479999999999634,Y,47
2,1,30,6,3,0.004074000000000133,0.0067189999999999195,Y,46
2,1,30,6,3,0.0039639999999998565,0.01098800000000022,N,40
2,1,30,6,3,0.004165000000000418,0.007718000000000558,N,46
2,1,30,6,3,0.004001999999999839,0.011540000000000106,Y,41
2,1,30,6,3,0.004055000000000142,0.006240999999999719,Y,48
1,2,30,6,3,0.0026120000000000587,0.020201000000000136,N,42
1,2,30,6,3,0.0026730000000001475,0.03528899999999968,N,42
1,2,30,6,3,0.0029810000000001224,0.016402999999999945,N,42
1,2,30,6,3,0.00571599999999961,0.08981899999999987,N,42
1,2,30,6,3,0.002870999999999846,0.024773000000000156,N,42
1,2,30,6,3,0.002985999999999933,0.002762999999999849,N,42
1,2,30,6,3,0.0027930000000000454,0.011896000000000129,N,42
1,2,30,6,3,0.002854000000000134,0.03332399999999991,N,42
1,2,30,6,3,0.0029209999999997294,0.019400000000000084,N,42
1,2,30,6,3,0.002815000000000012,0.00036699999999978417,N,42
1,1,30,6,3,0.0019780000000002573,0.0019260000000000943,N,24
1,1,30,6,3,0.0020340000000000913,0.00044800000000000395,N,24
1,1,30,6,3,0.0020259999999998612,0.0016560000000001018,N,24
1,1,30,6,3,0.002027000000000001,4.8000000000048004e-05,N,24
1,1,30,6,3,0.0022009999999998975,0.0002369999999998207,N,24
1,1,30,6,3,0.001955000000000151,0.00036300000000011323,N,24
1,1,30,6,3,0.0019609999999996575,0.0002300000000001745,N,24
1,1,30,6,3,0.001911000000000218,0.0008989999999999831,N,24
1,1,30,6,3,0.0019400000000002748,0.0010530000000001927,N,24
1,1,30,6,3,0.001983000000000068,0.0002839999999997289,N,24
12,12,40,7,4,0.0598390000000002,0.002909999999999524,Y,1430
12,12,40,7,4,0.0593189999999999,0.002182999999999602,Y,1431
12,12,40,7,4,0.06265999999999972,0.002527000000000168,Y,1431
12,12,40,7,4,0.06074400000000013,0.0019179999999998643,Y,1448
12,12,40,7,4,0.06368300000000016,0.0024730000000001695,Y,1432
12,12,40,7,4,0.059692999999999774,0.0026009999999998534,Y,1443
12,12,40,7,4,0.060271000000000186,0.0023729999999999585,Y,1436
12,12,40,7,4,0.05945,0.003302000000000138,Y,1442
12,12,40,7,4,0.061503000000000085,0.003786999999999985,Y,1456
12,12,40,7,4,0.059336000000000055,0.003121999999999847,Y,1432
12,8,40,7,4,0.04073500000000019,0.0024159999999997517,Y,979
12,8,40,7,4,0.04003800000000002,0.00331799999999971,Y,947
12,8,40,7,4,0.04028500000000035,0.0022860000000002323,Y,959
12,8,40,7,4,0.040599000000000274,0.001972000000000307,Y,980
12,8,40,7,4,0.04018900000000025,0.002489999999999881,Y,951
12,8,40,7,4,0.04023999999999983,0.0031680000000000597,Y,955
12,8,40,7,4,0.04028099999999979,0.002734999999999932,Y,964
12,8,40,7,4,0.0407390000000003,0.0025240000000001928,Y,986
12,8,40,7,4,0.04048499999999988,0.002419000000000171,Y,963
12,8,40,7,4,0.04040599999999994,0.002505999999999897,Y,971
12,4,40,7,4,0.023566999999999894,0.0023559999999998027,Y,492
12,4,40,7,4,0.021399000000000612,0.002383000000000024,Y,468
12,4,40,7,4,0.02127800000000013,0.0025330000000001185,Y,478
12,4,40,7,4,0.021300999999999792,0.0022799999999998377,Y,477
12,4,40,7,4,0.0211380000000001,0.002091000000000065,Y,478
12,4,40,7,4,0.021158999999999928,0.002102999999999966,Y,472
12,4,40,7,4,0.021149000000000306,0.0030040000000002287,Y,477
12,4,40,7,4,0.021333999999999964,0.0028250000000000774,Y,489
12,4,40,7,4,0.021199999999999886,0.0018839999999999968,Y,483
12,4,40,7,4,0.021214999999999762,0.002079000000000164,Y,484
8,8,40,7,4,0.0391729999999999,0.002646999999999622,Y,877
8,8,40,7,4,0.038774000000000086,0.002388000000000279,Y,855
8,8,40,7,4,0.0389339999999998,0.002734999999999932,Y,870
8,8,40,7,4,0.038811999999999625,0.0026690000000000325,Y,867
8,8,40,7,4,0.03910400000000047,0.0021539999999999893,Y,859
8,8,40,7,4,0.03853499999999954,0.0021199999999996777,Y,838
8,8,40,7,4,0.03919700000000059,0.002599000000000018,Y,872
8,8,40,7,4,0.038763000000000325,0.0026250000000000995,Y,853
8,8,40,7,4,0.03869099999999914,0.0025440000000003238,Y,831
8,8,40,7,4,0.03881999999999941,0.0023300000000006094,Y,856
8,4,40,7,4,0.02054899999999904,0.0024839999999999307,Y,429
8,4,40,7,4,0.020694000000000656,0.0022570000000001755,Y,432
8,4,40,7,4,0.022734000000000698,0.003275000000000361,Y,449
8,4,40,7,4,0.020544000000000118,0.002746999999999389,Y,428
8,4,40,7,4,0.020317000000000363,0.0023089999999994504,Y,422
8,4,40,7,4,0.02044900000000016,0.002698999999999785,Y,432
8,4,40,7,4,0.020633999999999375,0.0026010000000002975,Y,434
8,4,40,7,4,0.020474999999999355,0.0027809999999997004,Y,431
8,4,40,7,4,0.020154999999999035,0.0025679999999992376,Y,414
8,4,40,7,4,0.020508000000000415,0.002499000000000251,Y,428
4,4,40,7,4,0.01906600000000047,0.003294000000000352,Y,325
4,4,40,7,4,0.01914999999999978,0.003377999999999659,Y,323
4,4,40,7,4,0.018762999999999863,0.0030940000000008183,Y,311
4,4,40,7,4,0.018781000000000603,0.005073000000000327,Y,314
4,4,40,7,4,0.018947999999999077,0.003589999999999982,Y,324
4,4,40,7,4,0.019753999999999827,0.0034320000000001016,Y,324
4,4,40,7,4,0.020773000000000152,0.0048159999999999314,Y,321
4,4,40,7,4,0.020067000000000057,0.003859000000000279,Y,322
4,4,40,7,4,0.020020000000000593,0.003992999999999469,Y,315
4,4,40,7,4,0.02026099999999964,0.0041839999999995214,Y,326
3,2,40,7,4,0.011287000000000269,0.008931000000000466,Y,145
3,2,40,7,4,0.010746000000000144,0.011292999999999331,Y,137
3,2,40,7,4,0.011077000000000226,0.007352000000000025,Y,141
3,2,40,7,4,0.01099700000000059,0.005234999999999879,Y,149
3,2,40,7,4,0.010871999999999105,0.007962000000000025,Y,142
3,2,40,7,4,0.010900999999999605,0.007674999999999876,Y,139
3,2,40,7,4,0.010943000000000147,0.007823000000000135,Y,146
3,2,40,7,4,0.01099800000000073,0.007304000000000421,Y,148
3,2,40,7,4,0.010990999999999751,0.007964000000000304,Y,148
3,2,40,7,4,0.010888999999998816,0.00898600000000016,Y,143
2,3,40,7,4,0.014118999999999993,0.016192999999999458,Y,158
2,3,40,7,4,0.016193999999999598,0.016024000000000704,Y,158
2,3,40,7,4,0.014172000000000295,0.01917200000000019,Y,159
2,3,40,7,4,0.014092999999999911,0.013840999999999326,Y,160
2,3,40,7,4,0.01407999999999987,0.018863000000000518,Y,158
2,3,40,7,4,0.014146999999999466,0.017441999999999958,Y,164
2,3,40,7,4,0.014038999999999469,0.021483000000000807,Y,158
2,3,40,7,4,0.01409600000000033,0.022069000000000116,Y,160
2,3,40,7,4,0.013988000000000334,0.021615999999999858,Y,155
2,3,40,7,4,0.014254999999999463,0.014194999999999958,Y,159
2,2,40,7,4,0.010383000000000031,0.03602099999999986,Y,105
2,2,40,7,4,0.010407000000000721,0.020970999999999407,Y,108
2,2,40,7,4,0.010326000000000057,0.02662700000000129,Y,107
2,2,40,7,4,0.010371999999999382,0.04284300000000041,Y,107
2,2,40,7,4,0.010326000000000057,0.02660700000000027,Y,108
2,2,40,7,4,0.010314999999999408,0.037842000000000375,Y,105
2,2,40,7,4,0.010458999999999108,0.032264000000000514,Y,105
2,2,40,7,4,0.01037100000000013,0.02876700000000021,Y,108
2,2,40,7,4,0.010365999999999431,0.01906600000000047,Y,108
2,2,40,7,4,0.010380999999999752,0.02833100000000055,Y,107
2,1,40,7,4,0.003350000000000186,0.008801000000000059,N,56
2,1,40,7,4,0.003382000000000218,0.03262099999999979,N,54
2,1,40,7,4,0.0032929999999993242,0.0005940000000004275,N,52
2,1,40,7,4,0.0033409999999998163,0.014428999999999803,N,55
2,1,40,7,4,0.0034970000000003054,0.001974999999999838,N,53
2,1,40,7,4,0.0033320000000003347,0.015963999999999423,N,54
2,1,40,7,4,0.0032800000000001717,0.00030200000000046856,N,53
2,1,40,7,4,0.0033570000000002764,0.0011049999999999116,N,54
2,1,40,7,4,0.0033690000000001774,0.009437999999999391,N,54
2,1,40,7,4,0.0032559999999994815,0.0021199999999996777,N,52
1,2,40,7,4,0.004907999999999468,0.02627999999999986,N,56
1,2,40,7,4,0.004821999999999882,0.024413000000000018,N,56
1,2,40,7,4,0.004809999999999981,0.02535799999999977,N,56
1,2,40,7,4,0.004827999999999832,0.1339510000000006,N,55
1,2,40,7,4,0.004885999999999946,0.18943400000000032,N,56
1,2,40,7,4,0.004842000000000013,0.014170000000000016,N,56
1,2,40,7,4,0.004893000000000036,0.028101000000000376,N,55
1,2,40,7,4,0.004896999999999707,0.014339999999999797,N,56
1,2,40,7,4,0.004809999999999981,0.04640000000000022,N,56
1,2,40,7,4,0.004872000000000654,0.02819000000000038,N,56
1,1,40,7,4,0.0032969999999998834,0.0006940000000001945,N,28
1,1,40,7,4,0.0032559999999994815,0.0010899999999995913,N,28
1,1,40,7,4,0.0032209999999999184,0.00016899999999964166,N,28
1,1,40,7,4,0.0031030000000003,0.00017000000000066962,N,28
1,1,40,7,4,0.003125999999999962,0.000428000000000317,N,28
1,1,40,7,4,0.003141999999999534,0.001018999999999437,N,28
1,1,40,7,4,0.003123000000000431,0.0006209999999997606,N,28
1,1,40,7,4,0.0031489999999996243,0.0025810000000001665,N,28
1,1,40,7,4,0.0032169999999993593,0.0005030000000001422,N,28
1,1,40,7,4,0.005257000000000289,0.0006879999999993558,N,28
12,12,50,8,4,0.09513000000000016,0.0027689999999997994,Y,1829
12,12,50,8,4,0.09457100000000018,0.0032439999999995806,Y,1834
12,12,50,8,4,0.09442299999999992,0.0028300000000003322,Y,1817
12,12,50,8,4,0.09453499999999959,0.0028199999999998226,Y,1836
12,12,50,8,4,0.09470100000000059,0.003903000000000212,Y,1841
12,12,50,8,4,0.0943839999999998,0.0025839999999996976,Y,1826
12,12,50,8,4,0.0947830000000005,0.003897999999999513,Y,1827
12,12,50,8,4,0.09382699999999922,0.003762000000000043,Y,1791
12,12,50,8,4,0.0952920000000006,0.0036759999999995685,Y,1869
12,12,50,8,4,0.09738199999999964,0.003623000000000154,Y,1861
12,8,50,8,4,0.06551799999999997,0.0037189999999993617,Y,1241
12,8,50,8,4,0.06565099999999902,0.003143000000000562,Y,1253
12,8,50,8,4,0.06559600000000021,0.003814000000000206,Y,1251
12,8,50,8,4,0.06766699999999926,0.0026359999999998607,Y,1260
12,8,50,8,4,0.06542500000000029,0.004001999999999839,Y,1250
12,8,50,8,4,0.06570199999999993,0.002353999999999523,Y,1251
12,8,50,8,4,0.06548400000000054,0.003447000000000422,Y,1241
12,8,50,8,4,0.06552500000000006,0.002517999999999354,Y,1242
12,8,50,8,4,0.06504299999999841,0.0034320000000001016,Y,1236
12,8,50,8,4,0.06542099999999884,0.0030479999999979412,Y,1246
12,4,50,8,4,0.03471799999999803,0.00305399999999878,Y,626
12,4,50,8,4,0.03488500000000094,0.002214999999999634,Y,635
12,4,50,8,4,0.0342090000000006,0.003061999999999898,Y,608
12,4,50,8,4,0.03458800000000117,0.0024020000000000152,Y,630
12,4,50,8,4,0.03442000000000078,0.0031160000000003407,Y,623
12,4,50,8,4,0.034375999999998186,0.0024900000000016576,Y,614
12,4,50,8,4,0.03463200000000022,0.003042999999999907,Y,623
12,4,50,8,4,0.03447099999999992,0.0028150000000017883,Y,624
12,4,50,8,4,0.03480900000000098,0.00275899999999929,Y,627
12,4,50,8,4,0.034897000000000844,0.0019850000000012358,Y,638
8,8,50,8,4,0.06371799999999794,0.003351000000000326,Y,1113
8,8,50,8,4,0.06383100000000042,0.00241399999999814,Y,1128
8,8,50,8,4,0.06319099999999978,0.00391000000000119,Y,1103
8,8,50,8,4,0.06385299999999816,0.0042389999999983274,Y,1141
8,8,50,8,4,0.06907100000000099,0.003213999999999828,Y,1133
8,8,50,8,4,0.06560200000000194,0.003921000000000063,Y,1097
8,8,50,8,4,0.06604200000000127,0.0027020000000010924,Y,1115
8,8,50,8,4,0.06468199999999946,0.003708999999998852,Y,1108
8,8,50,8,4,0.06294999999999895,0.0030369999999990682,Y,1104
8,8,50,8,4,0.06349800000000094,0.004108999999999696,Y,1125
8,4,50,8,4,0.03366699999999945,0.0033740000000008763,Y,562
8,4,50,8,4,0.03355499999999978,0.002750999999999948,Y,564
8,4,50,8,4,0.03356599999999865,0.004429000000000016,Y,559
8,4,50,8,4,0.03317899999999874,0.0034469999999995338,Y,540
8,4,50,8,4,0.033481000000000094,0.0027969999999992723,Y,559
8,4,50,8,4,0.033368000000001174,0.003588999999998066,Y,554
8,4,50,8,4,0.033163999999999305,0.00318099999999788,Y,546
8,4,50,8,4,0.03323699999999974,0.002911000000000996,Y,551
8,4,50,8,4,0.033087000000001865,0.0023020000000002483,Y,552
8,4,50,8,4,0.033264999999998324,0.00397999999999854,Y,558
4,4,50,8,4,0.030746000000000606,0.0043839999999999435,Y,413
4,4,50,8,4,0.030730999999999398,0.005162000000000333,Y,412
4,4,50,8,4,0.030551000000000883,0.003967999999998639,Y,400
4,4,50,8,4,0.03061499999999917,0.003309999999999036,Y,416
4,4,50,8,4,0.03279900000000069,0.0049720000000004205,Y,404
4,4,50,8,4,0.03063799999999972,0.004605999999999,Y,414
4,4,50,8,4,0.030617000000001227,0.004289999999999239,Y,415
4,4,50,8,4,0.03050400000000053,0.004190000000001248,Y,403
4,4,50,8,4,0.030599000000000487,0.004026999999998893,Y,414
4,4,50,8,4,0.030905000000000626,0.004108000000000445,Y,415
3,2,50,8,4,0.01636599999999966,0.014340000000000686,Y,170
3,2,50,8,4,0.016760999999998916,0.013913000000000508,Y,172
3,2,50,8,4,0.016456999999999056,0.01294699999999871,Y,173
3,2,50,8,4,0.016702999999997914,0.009667999999999566,Y,179
3,2,50,8,4,0.016509000000000995,0.013371000000001132,Y,176
3,2,50,8,4,0.01639400000000002,0.013555999999999457,Y,169
3,2,50,8,4,0.01638999999999946,0.020093000000001027,Y,171
3,2,50,8,4,0.016435999999998785,0.015055999999999514,Y,174
3,2,50,8,4,0.016272999999999982,0.018046000000000006,Y,169
3,2,50,8,4,0.016325000000000145,0.017124000000000805,Y,167
2,3,50,8,4,0.02135600000000082,0.04422899999999963,Y,183
2,3,50,8,4,0.021360999999998853,0.03316800000000164,Y,188
2,3,50,8,4,0.021244999999998626,0.04312700000000014,Y,187
2,3,50,8,4,0.021174000000000248,0.04819099999999921,Y,182
2,3,50,8,4,0.02109800000000206,0.042566000000002546,Y,182
2,3,50,8,4,0.023356999999998962,0.04801100000000069,Y,183
2,3,50,8,4,0.021152999999999977,0.037898000000001986,Y,181
2,3,50,8,4,0.02132899999999971,0.03048599999999979,Y,188
2,3,50,8,4,0.02112400000000214,0.046333000000000624,Y,184
2,3,50,8,4,0.02145599999999881,0.039054000000000144,Y,189
2,2,50,8,4,0.015378999999999365,0.11365900000000018,Y,119
2,2,50,8,4,0.015549999999999287,0.05673799999999929,Y,128
2,2,50,8,4,0.015418000000002152,0.09818300000000058,Y,123
2,2,50,8,4,0.015513000000002108,0.09291400000000039,Y,124
2,2,50,8,4,0.015369999999998996,0.10220399999999863,Y,120
2,2,50,8,4,0.015503999999999962,0.08952099999999952,Y,124
2,2,50,8,4,0.015432000000000556,0.10044300000000028,Y,121
2,2,50,8,4,0.015545000000001252,0.09841300000000075,Y,124
2,2,50,8,4,0.01527499999999904,0.11895999999999951,Y,119
2,2,50,8,4,0.015423999999999438,0.11809900000000084,Y,121
2,1,50,8,4,0.00480600000000031,0.07157300000000077,N,62
2,1,50,8,4,0.00478999999999985,0.014949999999998909,N,60
2,1,50,8,4,0.004863000000000284,0.016671999999999798,N,62
2,1,50,8,4,0.0048560000000001935,0.029413999999999163,N,63
2,1,50,8,4,0.0048040000000000305,0.02166200000000096,N,62
2,1,50,8,4,0.004792999999999381,0.02966799999999914,N,60
2,1,50,8,4,0.004855000000000942,0.0007089999999987384,N,60
2,1,50,8,4,0.004903000000000546,0.01142699999999941,N,61
2,1,50,8,4,0.00481500000000068,0.0022660000000005454,N,63
2,1,50,8,4,0.004936999999999969,0.029184000000000765,N,60
1,2,50,8,4,0.0072379999999991895,0.21168800000000054,N,64
1,2,50,8,4,0.007119000000001208,0.9943489999999997,N,63
1,2,50,8,4,0.00710699999999953,0.6376219999999986,N,64
1,2,50,8,4,0.007077999999999918,0.15653499999999987,N,64
1,2,50,8,4,0.007206000000000046,0.028648999999999702,N,63
1,2,50,8,4,0.00923699999999883,1.121067,N,64
1,2,50,8,4,0.007170999999999594,0.18445099999999925,N,64
1,2,50,8,4,0.0071339999999988635,3.2667289999999998,N,64
1,2,50,8,4,0.007179999999998188,0.12517500000000226,N,64
1,2,50,8,4,0.007144000000000261,0.9144159999999992,N,64
1,1,50,8,4,0.004531000000000063,0.0016010000000008517,N,32
1,1,50,8,4,0.00453600000000165,0.0010289999999990584,N,32
1,1,50,8,4,0.0045290000000015596,0.005960999999999217,N,32
1,1,50,8,4,0.0045479999999997744,0.001637000000002331,N,32
1,1,50,8,4,0.004585999999999757,0.001885999999998944,N,32
1,1,50,8,4,0.004740000000001743,0.0009019999999999584,N,32
1,1,50,8,4,0.004531000000000063,0.0026919999999996946,N,31
1,1,50,8,4,0.004535999999998097,0.0013389999999979807,N,32
1,1,50,8,4,0.004591000000001344,0.0009179999999986421,N,32
1,1,50,8,4,0.0045290000000015596,0.0020699999999997942,N,32
12,12,60,8,4,0.14195000000000135,0.006278000000001782,Y,2233
12,12,60,8,4,0.14212400000000258,0.006627000000001715,Y,2269
12,12,60,8,4,0.142355000000002,0.007394000000001455,Y,2279
12,12,60,8,4,0.1412210000000016,0.008102999999998417,Y,2229
12,12,60,8,4,0.14192800000000005,0.006997000000005471,Y,2252
12,12,60,8,4,0.14125800000000055,0.00667800000000085,Y,2232
12,12,60,8,4,0.1414439999999999,0.006320000000002324,Y,2249
12,12,60,8,4,0.14101800000000253,0.007630999999999943,Y,2220
12,12,60,8,4,0.14180899999999852,0.007474999999999454,Y,2263
12,12,60,8,4,0.14078999999999908,0.00819399999999959,Y,2221
12,8,60,8,4,0.09491700000000236,0.005117999999999512,Y,1487
12,8,60,8,4,0.09545699999999968,0.005494999999999806,Y,1508
12,8,60,8,4,0.09470100000000414,0.006581000000000614,Y,1475
12,8,60,8,4,0.09770899999999827,0.0062400000000018,Y,1518
12,8,60,8,4,0.09457700000000102,0.006258999999996462,Y,1466
12,8,60,8,4,0.0949039999999961,0.00577899999999687,Y,1479
12,8,60,8,4,0.09469099999999742,0.006306000000002143,Y,1477
12,8,60,8,4,0.09480900000000148,0.006055999999997397,Y,1488
12,8,60,8,4,0.09520299999999793,0.00829299999999833,Y,1494
12,8,60,8,4,0.09486099999999809,0.00592500000000129,Y,1481
12,4,60,8,4,0.051140000000000185,0.007729999999998682,Y,769
12,4,60,8,4,0.0506290000000007,0.006498999999998034,Y,752
12,4,60,8,4,0.05084099999999836,0.006834000000001339,Y,769
12,4,60,8,4,0.05274999999999963,0.005865000000000009,Y,750
12,4,60,8,4,0.05058400000000418,0.0056790000000042085,Y,745
12,4,60,8,4,0.050489999999999924,0.0064859999999988815,Y,747
12,4,60,8,4,0.051148000000001304,0.006897999999999627,Y,778
12,4,60,8,4,0.05106299999999919,0.006425000000000125,Y,775
12,4,60,8,4,0.051374000000002695,0.006086999999997289,Y,775
12,4,60,8,4,0.05158000000000129,0.005681000000002712,Y,780
8,8,60,8,4,0.0916669999999975,0.007268999999997305,Y,1283
8,8,60,8,4,0.09154300000000148,0.008174000000000348,Y,1294
8,8,60,8,4,0.09108799999999917,0.005037999999998988,Y,1290
8,8,60,8,4,0.09090699999999785,0.006406999999999385,Y,1295
8,8,60,8,4,0.09541799999999867,0.007130000000000081,Y,1302
8,8,60,8,4,0.09861599999999981,0.008153000000000077,Y,1302
8,8,60,8,4,0.0916709999999945,0.008319000000000187,Y,1291
8,8,60,8,4,0.09177000000000035,0.00606300000000104,Y,1323
8,8,60,8,4,0.09083599999999947,0.007367999999999597,Y,1282
8,8,60,8,4,0.09043399999999835,0.007318999999998965,Y,1274
8,4,60,8,4,0.04911900000000102,0.005320000000001102,Y,670
8,4,60,8,4,0.049095999999998696,0.006686999999999443,Y,680
8,4,60,8,4,0.048867000000001326,0.00606300000000104,Y,673
8,4,60,8,4,0.04841300000000004,0.007576000000000249,Y,653
8,4,60,8,4,0.04890100000000075,0.007393000000000427,Y,664
8,4,60,8,4,0.04885699999999815,0.006910000000001304,Y,664
8,4,60,8,4,0.04867499999999936,0.006799000000000888,Y,665
8,4,60,8,4,0.05061899999999753,0.00656399999999735,Y,656
8,4,60,8,4,0.04860100000000145,0.006589000000001732,Y,664
8,4,60,8,4,0.04892700000000261,0.006485000000001406,Y,673
4,4,60,8,4,0.04440400000000366,0.00962499999999622,Y,461
4,4,60,8,4,0.04372900000000257,0.01121000000000194,Y,441
4,4,60,8,4,0.04400699999999702,0.011503000000001151,Y,457
4,4,60,8,4,0.04420599999999908,0.011793000000004383,Y,459
4,4,60,8,4,0.04442900000000094,0.011125999999997305,Y,471
4,4,60,8,4,0.04415300000000144,0.009371999999999048,Y,460
4,4,60,8,4,0.04417499999999919,0.010449000000001263,Y,464
4,4,60,8,4,0.04442799999999991,0.009012000000002018,Y,466
4,4,60,8,4,0.04402299999999926,0.015226999999999435,Y,457
4,4,60,8,4,0.04433900000000435,0.008936999999999529,Y,466
3,2,60,8,4,0.024369000000000085,0.04782499999999956,Y,200
3,2,60,8,4,0.02449900000000227,0.03700100000000006,Y,203
3,2,60,8,4,0.026420000000001664,0.037898000000001986,Y,200
3,2,60,8,4,0.02440299999999951,0.03726299999999938,Y,200
3,2,60,8,4,0.024222000000001742,0.04151200000000088,Y,199
3,2,60,8,4,0.02414399999999972,0.03637200000000007,Y,198
3,2,60,8,4,0.024207000000000534,0.041331000000003115,Y,200
3,2,60,8,4,0.024152999999998315,0.041428999999997274,Y,200
3,2,60,8,4,0.024128999999998513,0.0315480000000008,Y,196
3,2,60,8,4,0.024550999999995327,0.04403700000000299,Y,205
2,3,60,8,4,0.03080900000000142,0.1554420000000043,Y,203
2,3,60,8,4,0.030800000000002825,0.11989999999999768,Y,203
2,3,60,8,4,0.03042300000000253,0.1938379999999995,Y,205
2,3,60,8,4,0.02994899999999845,0.14808499999999825,Y,205
2,3,60,8,4,0.029855000000001297,0.17193500000000128,Y,202
2,3,60,8,4,0.030108000000002022,0.11719899999999939,Y,207
2,3,60,8,4,0.029825999999999908,0.16203700000000154,Y,204
2,3,60,8,4,0.029944000000000415,0.14787099999999853,Y,205
2,3,60,8,4,0.032222999999998336,0.1295199999999994,Y,205
2,3,60,8,4,0.030076999999998577,0.1434219999999975,Y,205
2,2,60,8,4,0.02233799999999775,0.2513340000000035,Y,141
2,2,60,8,4,0.022254000000000218,0.22571000000000296,Y,143
2,2,60,8,4,0.02219299999999791,0.19743199999999916,Y,142
2,2,60,8,4,0.022106999999998322,0.29042400000000157,Y,139
2,2,60,8,4,0.022189999999998378,0.22085899999999725,Y,141
2,2,60,8,4,0.022162999999999045,0.22727000000000075,Y,141
2,2,60,8,4,0.02205300000000321,0.25140700000000393,Y,138
2,2,60,8,4,0.022171000000000163,0.2725849999999994,Y,143
2,2,60,8,4,0.022008000000003136,0.19636099999999956,Y,140
2,2,60,8,4,0.02219700000000202,0.22120299999999915,Y,141
2,1,60,8,4,0.007134999999998115,0.7705200000000012,N,78
2,1,60,8,4,0.007214999999998639,0.919830000000001,N,78
2,1,60,8,4,0.007157000000006519,1.1743069999999989,N,79
2,1,60,8,4,0.007199999999997431,0.047077999999999065,N,77
2,1,60,8,4,0.007222999999996205,0.9261169999999979,N,77
2,1,60,8,4,0.007168000000000063,0.8346760000000017,N,80
2,1,60,8,4,0.007211999999995555,0.2202920000000006,N,80
2,1,60,8,4,0.007265000000003852,0.23771399999999687,N,77
2,1,60,8,4,0.007218999999999198,0.1762990000000002,N,78
2,1,60,8,4,0.007127000000004102,0.27145399999999853,N,76
1,2,60,8,4,0.012895000000000323,0.2723020000000034,N,72
1,2,60,8,4,0.01048099999999863,0.1716650000000044,N,72
1,2,60,8,4,0.010421000000000902,0.17584300000000042,N,72
1,2,60,8,4,0.010501000000004979,0.7706429999999997,N,72
1,2,60,8,4,0.01049499999999881,0.19818200000000274,N,72
1,2,60,8,4,0.010494000000001336,13.652248999999998,N,72
1,2,60,8,4,0.010576999999997838,3.8132400000000004,N,72
1,2,60,8,4,0.010491000000001804,3.0007190000000037,N,72
1,2,60,8,4,0.010484000000005267,4.643135000000001,N,72
1,2,60,8,4,0.01061899999999838,3.4874359999999953,N,72
1,1,60,8,4,0.006778999999994539,0.0014159999999918682,N,40
1,1,60,8,4,0.006837999999987687,0.0032949999999942747,N,40
1,1,60,8,4,0.006815000000003124,0.010092000000000212,N,40
1,1,60,8,4,0.007122999999992885,0.05109099999999955,N,40
1,1,60,8,4,0.006784999999993602,0.0008409999999940965,N,40
1,1,60,8,4,0.006788000000000238,0.0015789999999924476,N,40
1,1,60,8,4,0.006834000000011997,0.0019390000000072405,N,40
1,1,60,8,4,0.006991999999996779,0.002974000000008914,N,40
1,1,60,8,4,0.0069000000000016826,0.00599300000000369,N,40
1,1,60,8,4,0.006799000000000888,0.006675999999998794,N,40
12,12,70,9,5,0.19035900000001504,0.015137000000009948,Y,2663
12,12,70,9,5,0.18960299999999108,0.021285000000005994,Y,2638
12,12,70,9,5,0.18975700000000018,0.022897999999997865,Y,2654
12,12,70,9,5,0.18931199999998682,0.012321000000000026,Y,2638
12,12,70,9,5,0.18916699999999764,0.011122999999997774,Y,2648
12,12,70,9,5,0.1895280000000099,0.013844000000005963,Y,2642
12,12,70,9,5,0.18885100000001387,0.011206000000001382,Y,2643
12,12,70,9,5,0.1897650000000084,0.016403999999994312,Y,2654
12,12,70,9,5,0.18957900000000905,0.016174999999989836,Y,2653
12,12,70,9,5,0.1894190000000151,0.015555000000006203,Y,2653
12,8,70,9,5,0.12880099999999572,0.014618000000012898,Y,1770
12,8,70,9,5,0.13224800000000414,0.01771599999999296,Y,1726
12,8,70,9,5,0.1273869999999988,0.015911999999985937,Y,1732
12,8,70,9,5,0.1279830000000004,0.01951600000001008,Y,1763
12,8,70,9,5,0.12737599999998395,0.010549999999994952,Y,1740
12,8,70,9,5,0.12798900000001368,0.01702299999999468,Y,1773
12,8,70,9,5,0.1309349999999938,0.011393999999995685,Y,1772
12,8,70,9,5,0.12744299999999953,0.013858000000013249,Y,1742
12,8,70,9,5,0.12811600000001988,0.01756199999999808,Y,1773
12,8,70,9,5,0.12884500000001253,0.01449599999999407,Y,1797
12,4,70,9,5,0.066276000000002,0.010905999999991423,Y,874
12,4,70,9,5,0.06685699999998462,0.014752999999998906,Y,883
12,4,70,9,5,0.06647799999998938,0.013341999999994414,Y,873
12,4,70,9,5,0.06731899999999769,0.013903999999996586,Y,898
12,4,70,9,5,0.06770000000000209,0.017785000000017703,Y,908
12,4,70,9,5,0.06891199999999742,0.01597000000001003,Y,870
12,4,70,9,5,0.06650699999998722,0.012036999999992304,Y,868
12,4,70,9,5,0.06652400000000114,0.011168000000012057,Y,865
12,4,70,9,5,0.0669369999999958,0.014835000000005039,Y,880
12,4,70,9,5,0.06682200000000194,0.014353999999997313,Y,873
8,8,70,9,5,0.12324200000000474,0.018966000000020244,Y,1518
8,8,70,9,5,0.12327299999999752,0.015757000000007793,Y,1535
8,8,70,9,5,0.1228580000000079,0.016734999999997058,Y,1529
8,8,70,9,5,0.12235499999998467,0.018046999999995705,Y,1518
8,8,70,9,5,0.12492600000000209,0.012712000000007606,Y,1552
8,8,70,9,5,0.12246200000001295,0.014805000000009727,Y,1533
8,8,70,9,5,0.1228139999999911,0.015513999999996031,Y,1548
8,8,70,9,5,0.12267300000002024,0.013880000000014547,Y,1538
8,8,70,9,5,0.12198899999998503,0.012627999999992312,Y,1512
8,8,70,9,5,0.12225300000001482,0.020853999999999928,Y,1521
8,4,70,9,5,0.06328200000000095,0.01425699999998642,Y,734
8,4,70,9,5,0.06439799999999707,0.01723600000001113,Y,782
8,4,70,9,5,0.06360499999999547,0.01822799999997926,Y,758
8,4,70,9,5,0.06631800000000965,0.018183999999990874,Y,778
8,4,70,9,5,0.06382800000000088,0.019330999999993992,Y,772
8,4,70,9,5,0.06422799999999995,0.019290999999995506,Y,779
8,4,70,9,5,0.06392900000001589,0.012793999999985317,Y,769
8,4,70,9,5,0.06375899999999035,0.01583800000001645,Y,761
8,4,70,9,5,0.0640589999999861,0.012118999999998437,Y,774
8,4,70,9,5,0.06346100000000376,0.015698000000000434,Y,752
4,4,70,9,5,0.05767900000000736,0.021565000000009604,Y,527
4,4,70,9,5,0.05787100000000578,0.041058999999989965,Y,529
4,4,70,9,5,0.057785000000009745,0.025758999999993648,Y,529
4,4,70,9,5,0.059904000000003066,0.02733700000000283,Y,526
4,4,70,9,5,0.05805100000000607,0.021058999999993944,Y,535
4,4,70,9,5,0.05739699999999459,0.04648199999999747,Y,512
4,4,70,9,5,0.05763000000000318,0.0374750000000148,Y,523
4,4,70,9,5,0.057889000000002966,0.025780999999994947,Y,530
4,4,70,9,5,0.05780200000000946,0.027396999999993454,Y,533
4,4,70,9,5,0.057850000000001955,0.024124999999997954,Y,529
3,2,70,9,5,0.03152599999998529,0.28659700000000043,Y,226
3,2,70,9,5,0.031191000000006852,0.30793799999999294,Y,222
3,2,70,9,5,0.031179999999991992,0.2778339999999986,Y,223
3,2,70,9,5,0.031397000000012554,0.2601939999999985,Y,224
3,2,70,9,5,0.03152100000001212,0.24946900000000483,Y,228
3,2,70,9,5,0.03353799999999296,0.33001000000000147,Y,227
3,2,70,9,5,0.03127299999998456,0.2981279999999913,Y,222
3,2,70,9,5,0.03111499999999978,0.25118100000000254,Y,222
3,2,70,9,5,0.0315259999999995,0.1910000000000025,Y,232
3,2,70,9,5,0.031336000000010245,0.2430180000000064,Y,221
2,3,70,9,5,0.04004199999999969,1.023083999999983,Y,229
2,3,70,9,5,0.04018700000000308,0.7118070000000074,Y,228
2,3,70,9,5,0.040143000000000484,0.8778439999999961,Y,230
2,3,70,9,5,0.0400979999999862,0.8406580000000048,Y,230
2,3,70,9,5,0.0400900000000064,0.9432170000000184,Y,226
2,3,70,9,5,0.03997200000000589,0.9047019999999861,Y,231
2,3,70,9,5,0.0398230000000126,1.1145099999999957,Y,226
2,3,70,9,5,0.04178600000000188,0.9329229999999882,Y,228
2,3,70,9,5,0.04270599999999547,0.8923370000000119,Y,231
2,3,70,9,5,0.040357999999997674,0.8350659999999976,Y,233
2,2,70,9,5,0.029540000000011446,2.582909000000015,Y,159
2,2,70,9,5,0.029636999999993918,2.2288819999999987,Y,160
2,2,70,9,5,0.029690000000002215,2.8059319999999985,Y,162
2,2,70,9,5,0.029627000000019166,1.4195760000000064,Y,160
2,2,70,9,5,0.030113000000000056,2.2711069999999864,Y,158
2,2,70,9,5,0.029803000000001134,1.7338689999999843,Y,160
2,2,70,9,5,0.029634999999984757,2.2983839999999987,Y,158
2,2,70,9,5,0.029621000000005893,1.4811229999999966,Y,160
2,2,70,9,5,0.02983399999999392,2.7497849999999886,Y,160
2,2,70,9,5,0.029505999999997812,2.1855800000000016,Y,158
2,1,70,9,5,0.009422999999998183,0.05275699999999972,N,88
2,1,70,9,5,0.009449999999986858,0.043286999999992304,N,88
2,1,70,9,5,0.009509999999991692,0.22223499999999774,N,89
2,1,70,9,5,0.009456999999997606,0.04404200000000458,N,88
2,1,70,9,5,0.010083000000008724,0.32925800000001004,N,90
2,1,70,9,5,0.00950399999999263,0.15916600000001324,N,89
2,1,70,9,5,0.009423999999995658,0.20276400000000194,N,89
2,1,70,9,5,0.009512999999998328,0.05197300000000382,N,88
2,1,70,9,5,0.009456000000000131,0.03384900000000357,N,89
2,1,70,9,5,0.00946500000000583,0.044274999999998954,N,90
1,2,70,9,5,0.01370099999999752,0.37264600000000314,N,81
1,2,70,9,5,0.013704999999987422,0.6415549999999968,N,81
1,2,70,9,5,0.01382499999999709,0.2696249999999907,N,81
1,2,70,9,5,0.014462999999992121,0.2083470000000034,N,81
1,2,70,9,5,0.01443699999998671,2.4640349999999955,N,81
1,2,70,9,5,0.013928000000007046,0.17793100000000095,N,81
1,2,70,9,5,0.01377300000000048,0.22187399999999968,N,81
1,2,70,9,5,0.014538999999999191,1.5892099999999942,N,81
1,2,70,9,5,0.014094000000000051,0.7566830000000095,N,81
1,2,70,9,5,0.013956999999990671,0.42157000000000266,N,81
1,1,70,9,5,0.00903500000001145,0.0020530000000036353,N,45
1,1,70,9,5,0.009105000000005248,0.0011310000000008813,N,45
1,1,70,9,5,0.009202999999999406,0.0028429999999985966,N,45
1,1,70,9,5,0.00936699999999746,0.0013989999999921565,N,45
1,1,70,9,5,0.009233000000008929,0.00549999999999784,N,45
1,1,70,9,5,0.009035999999994715,0.0032250000000004775,N,45
1,1,70,9,5,0.009221999999994068,0.004697000000007279,N,45
1,1,70,9,5,0.009068999999996663,0.006550000000004275,N,45
1,1,70,9,5,0.008998999999988655,0.0017959999999987986,N,45
1,1,70,9,5,0.011498000000003117,0.0009790000000009513,N,45
12,12,80,9,5,0.25300699999999665,0.017925000000005298,Y,2988
12,12,80,9,5,0.2531969999999859,0.015436999999991485,Y,3036
12,12,80,9,5,0.2536529999999999,0.021569000000013716,Y,3001
12,12,80,9,5,0.2547879999999907,0.017343999999994253,Y,3008
12,12,80,9,5,0.2536230000000046,0.017591000000010126,Y,3029
12,12,80,9,5,0.253508999999994,0.024171000000009712,Y,3005
12,12,80,9,5,0.2515300000000025,0.021962000000002035,Y,2962
12,12,80,9,5,0.2538669999999996,0.015494000000003894,Y,2998
12,12,80,9,5,0.25278800000000956,0.01882299999999759,Y,2994
12,12,80,9,5,0.2534429999999901,0.014996999999979721,Y,3016
12,8,80,9,5,0.176107000000016,0.011992999999989706,Y,2049
12,8,80,9,5,0.17395700000001568,0.01542299999999841,Y,2060
12,8,80,9,5,0.17341899999999555,0.01279600000000869,Y,2060
12,8,80,9,5,0.17327099999999973,0.014086000000006038,Y,2065
12,8,80,9,5,0.1733870000000053,0.014304000000009864,Y,2057
12,8,80,9,5,0.17355399999999577,0.015126999999992563,Y,2065
12,8,80,9,5,0.17624000000000706,0.012850999999997725,Y,2047
12,8,80,9,5,0.1741569999999939,0.02026500000000908,Y,2053
12,8,80,9,5,0.17339300000000435,0.01105000000001155,Y,2040
12,8,80,9,5,0.17298599999999453,0.017037000000001967,Y,2036
12,4,80,9,5,0.09158100000000502,0.019232999999999834,Y,1038
12,4,80,9,5,0.0896720000000073,0.014361000000008062,Y,1006
12,4,80,9,5,0.08931099999999503,0.01670000000000016,Y,1019
12,4,80,9,5,0.0915600000000012,0.015882000000004837,Y,1014
12,4,80,9,5,0.08975600000000838,0.019647000000020398,Y,1020
12,4,80,9,5,0.08947200000000066,0.011336000000000013,Y,1017
12,4,80,9,5,0.08996000000000492,0.022051000000004706,Y,1037
12,4,80,9,5,0.08954600000001278,0.011864000000016972,Y,1016
12,4,80,9,5,0.08952499999999475,0.016542000000001167,Y,1018
12,4,80,9,5,0.09023999999999432,0.01667999999999381,Y,1052
8,8,80,9,5,0.16566900000000828,0.02524400000000071,Y,1747
8,8,80,9,5,0.16568900000000042,0.01271299999999087,Y,1749
8,8,80,9,5,0.17290099999999597,0.01348400000000538,Y,1759
8,8,80,9,5,0.1687350000000123,0.01580300000000534,Y,1770
8,8,80,9,5,0.16528999999999883,0.015860000000003538,Y,1748
8,8,80,9,5,0.16404599999998482,0.017674999999997,Y,1719
8,8,80,9,5,0.16499100000000055,0.015294000000011465,Y,1743
8,8,80,9,5,0.1647699999999901,0.019837000000009652,Y,1736
8,8,80,9,5,0.16751299999998537,0.024262999999990598,Y,1749
8,8,80,9,5,0.16601300000000663,0.023497000000020307,Y,1773
8,4,80,9,5,0.0861629999999991,0.015214000000000283,Y,887
8,4,80,9,5,0.08494300000000976,0.02532199999998852,Y,863
8,4,80,9,5,0.0856679999999983,0.028061000000008107,Y,883
8,4,80,9,5,0.08557299999999657,0.017562999999995554,Y,873
8,4,80,9,5,0.08519099999999469,0.021828000000013503,Y,868
8,4,80,9,5,0.08559999999999945,0.017929999999992674,Y,880
8,4,80,9,5,0.08569400000000371,0.025694999999998913,Y,880
8,4,80,9,5,0.0872929999999883,0.02107300000000123,Y,868
8,4,80,9,5,0.08581600000000833,0.020029999999991333,Y,885
8,4,80,9,5,0.08499600000000385,0.018974000000000046,Y,865
4,4,80,9,5,0.07736200000000792,0.05218399999998269,Y,600
4,4,80,9,5,0.07619100000000856,0.04620400000001723,Y,576
4,4,80,9,5,0.07658900000001267,0.040046999999987065,Y,581
4,4,80,9,5,0.07665299999997899,0.05943799999998589,Y,586
4,4,80,9,5,0.07649599999999168,0.07232199999998556,Y,579
4,4,80,9,5,0.07645500000000993,0.04633700000000829,Y,579
4,4,80,9,5,0.07831099999999935,0.0852739999999983,Y,578
4,4,80,9,5,0.07648800000001188,0.08296199999999487,Y,584
4,4,80,9,5,0.07676999999999623,0.05366200000000276,Y,586
4,4,80,9,5,0.07615700000002334,0.04699900000001378,Y,575
3,2,80,9,5,0.03867400000000032,1.0845279999999917,Y,225
3,2,80,9,5,0.039272000000011076,0.6757770000000107,Y,230
3,2,80,9,5,0.03965900000000033,0.6941659999999956,Y,229
3,2,80,9,5,0.038994000000002416,0.872399999999999,Y,228
3,2,80,9,5,0.039006999999998015,0.7081209999999771,Y,227
3,2,80,9,5,0.03898499999999672,0.7243229999999699,Y,235
3,2,80,9,5,0.041140999999953465,0.8072629999999776,Y,228
3,2,80,9,5,0.03919899999999643,0.6886610000000246,Y,232
3,2,80,9,5,0.03922800000000848,0.6661479999999926,Y,229
3,2,80,9,5,0.039090000000015834,0.7173320000000274,Y,229
2,3,80,9,5,0.053618000000000166,2.4993829999999946,Y,248
2,3,80,9,5,0.05357000000000767,2.7591759999999965,Y,249
2,3,80,9,5,0.053769999999985885,3.0330909999999847,Y,251
2,3,80,9,5,0.05381299999999101,2.7519089999999835,Y,249
2,3,80,9,5,0.05383000000000493,2.195255000000003,Y,250
2,3,80,9,5,0.05386400000000435,2.432877000000019,Y,249
2,3,80,9,5,0.055979999999976826,2.8217620000000068,Y,248
2,3,80,9,5,0.05379699999997456,2.620371000000006,Y,252
2,3,80,9,5,0.05367400000000089,2.1997539999999844,Y,250
2,3,80,9,5,0.05368599999999901,2.5784240000000125,Y,250
2,2,80,9,5,0.037021999999950594,5.883498999999972,Y,160
2,2,80,9,5,0.03682800000001407,9.59600100000003,Y,159
2,2,80,9,5,0.03768599999997946,7.552639999999997,Y,160
2,2,80,9,5,0.036958999999967546,6.049882000000025,Y,157
2,2,80,9,5,0.03702000000001249,7.696614000000011,Y,160
2,2,80,9,5,0.03751099999996654,7.00729400000003,Y,162
2,2,80,9,5,0.03701900000001501,8.545142999999996,Y,161
2,2,80,9,5,0.039331000000004224,9.059472000000028,Y,160
2,2,80,9,5,0.03698300000002064,6.9856670000000065,Y,159
2,2,80,9,5,0.03763299999999958,11.081198000000029,Y,160
2,1,80,9,5,0.01175600000001964,0.32604699999998843,N,89
2,1,80,9,5,0.012490000000013879,0.04316199999999526,N,90
2,1,80,9,5,0.012264999999985093,0.29982499999999845,N,88
2,1,80,9,5,0.012259000000000242,0.02961700000000178,N,90
2,1,80,9,5,0.012071999999989202,0.04596300000000042,N,90
2,1,80,9,5,0.011734000000018341,0.8920909999999935,N,88
2,1,80,9,5,0.011786999999998216,0.17242299999998068,N,90
2,1,80,9,5,0.011697999999995545,0.04187600000000202,N,90
2,1,80,9,5,0.01186000000001286,0.4047909999999888,N,88
2,1,80,9,5,0.011836000000016611,0.9341660000000047,N,88
1,2,80,9,5,0.017633000000017773,4.291410000000013,N,81
1,2,80,9,5,0.017480000000006157,1.6982179999999971,N,81
1,2,80,9,5,0.017737999999980048,0.20778699999999617,N,81
1,2,80,9,5,0.017437000000001035,0.8304719999999861,N,81
1,2,80,9,5,0.017596999999994978,0.28178700000000845,N,81
1,2,80,9,5,0.017418999999989637,1.2256710000000055,N,81
1,2,80,9,5,0.01759199999997918,0.3107949999999846,N,81
1,2,80,9,5,0.01725600000000327,0.2879400000000203,N,81
1,2,80,9,5,0.017496999999991658,0.223953999999992,N,81
1,2,80,9,5,0.020419000000003962,0.25274399999997854,N,81
1,1,80,9,5,0.012038999999987254,0.005961999999982481,N,45
1,1,80,9,5,0.011641999999994823,0.05836600000000658,N,45
1,1,80,9,5,0.011536000000006652,0.01734900000002426,N,45
1,1,80,9,5,0.01170999999999367,0.0073879999999917345,N,45
1,1,80,9,5,0.011789999999990641,0.007625999999987698,N,45
1,1,80,9,5,0.01158000000000925,0.008853000000016209,N,45
1,1,80,9,5,0.011551999999994678,0.009212000000019316,N,45
1,1,80,9,5,0.011510000000015452,0.05167499999998881,N,45
1,1,80,9,5,0.011185000000011769,0.00695899999999483,N,45
1,1,80,9,5,0.011104999999986376,0.005565999999987525,N,45
12,12,90,10,5,0.49359199999997827,0.02138499999998089,Y,3430
12,12,90,10,5,0.49530000000004293,0.02114199999999755,Y,3415
12,12,90,10,5,0.48254899999994905,0.023472000000026583,Y,3372
12,12,90,10,5,0.4861150000000407,0.02878099999998085,Y,3445
12,12,90,10,5,0.4945160000000328,0.02846900000002961,Y,3434
12,12,90,10,5,0.4907869999999548,0.030796999999950003,Y,3427
12,12,90,10,5,0.4870099999999411,0.025784000000044216,Y,3373
12,12,90,10,5,0.48874799999998686,0.02738899999997102,Y,3426
12,12,90,10,5,0.48296499999992193,0.030280000000004748,Y,3396
12,12,90,10,5,0.4869709999999827,0.0336950000000229,Y,3432
12,8,90,10,5,0.32843699999995124,0.025731000000007498,Y,2306
12,8,90,10,5,0.3279759999999783,0.021910000000048058,Y,2310
12,8,90,10,5,0.32813600000002907,0.024401999999952295,Y,2286
12,8,90,10,5,0.3312930000000165,0.033512000000030184,Y,2313
12,8,90,10,5,0.3269639999999754,0.022671999999943182,Y,2285
12,8,90,10,5,0.3272489999999948,0.023911000000055083,Y,2256
12,8,90,10,5,0.32638500000001613,0.028073999999946864,Y,2280
12,8,90,10,5,0.32878900000002886,0.023076000000003205,Y,2307
12,8,90,10,5,0.33235400000000936,0.022192000000018197,Y,2318
12,8,90,10,5,0.33602999999999383,0.027786999999989348,Y,2298
12,4,90,10,5,0.16826700000001438,0.02721400000001495,Y,1121
12,4,90,10,5,0.17008800000007795,0.025441000000057556,Y,1146
12,4,90,10,5,0.16944300000000112,0.027031999999962864,Y,1140
12,4,90,10,5,0.17258499999996957,0.02818900000005442,Y,1146
12,4,90,10,5,0.17242200000004004,0.021674000000018623,Y,1158
12,4,90,10,5,0.16969800000003943,0.022399999999947795,Y,1139
12,4,90,10,5,0.16942399999999225,0.02241199999997434,Y,1152
12,4,90,10,5,0.17188399999997728,0.029853000000002794,Y,1150
12,4,90,10,5,0.17136600000003455,0.024427000000002863,Y,1142
12,4,90,10,5,0.17083500000001095,0.018762000000037915,Y,1164
8,8,90,10,5,0.3139080000000831,0.027283999999951902,Y,1955
8,8,90,10,5,0.31512099999997645,0.02446199999997134,Y,1968
8,8,90,10,5,0.3139120000000162,0.03312499999992724,Y,1953
8,8,90,10,5,0.315057999999965,0.032857000000092285,Y,1946
8,8,90,10,5,0.31364200000001574,0.025904000000025462,Y,1950
8,8,90,10,5,0.3139600000000087,0.03420699999992394,Y,1954
8,8,90,10,5,0.31446899999997413,0.033318000000008396,Y,1954
8,8,90,10,5,0.3168799999999692,0.027309999999943102,Y,1950
8,8,90,10,5,0.3122229999999604,0.028553999999985535,Y,1936
8,8,90,10,5,0.31136199999997416,0.036522999999988315,Y,1930
8,4,90,10,5,0.16270699999995486,0.033443999999974494,Y,991
8,4,90,10,5,0.16400899999996454,0.024466000000074928,Y,981
8,4,90,10,5,0.162213999999949,0.02775500000007014,Y,967
8,4,90,10,5,0.16172500000004675,0.030971999999962918,Y,972
8,4,90,10,5,0.1618530000000078,0.03916399999997111,Y,983
8,4,90,10,5,0.16171800000000758,0.019446000000016284,Y,987
8,4,90,10,5,0.16366500000003725,0.022680999999977303,Y,980
8,4,90,10,5,0.16184600000002547,0.03776199999998653,Y,963
8,4,90,10,5,0.16199200000005476,0.02640299999995932,Y,972
8,4,90,10,5,0.1627990000000068,0.024219000000016422,Y,978
4,4,90,10,5,0.1455490000000168,0.10817500000001701,Y,644
4,4,90,10,5,0.14682399999998097,0.07384600000006003,Y,649
4,4,90,10,5,0.14451800000000503,0.10942500000004429,Y,650
4,4,90,10,5,0.14621300000004567,0.10752800000000207,Y,653
4,4,90,10,5,0.14921400000002905,0.07935399999996662,Y,647
4,4,90,10,5,0.14870300000006864,0.07456099999996013,Y,642
4,4,90,10,5,0.1454219999999964,0.12251399999996693,Y,659
4,4,90,10,5,0.14660999999995283,0.06319900000005418,Y,648
4,4,90,10,5,0.1438100000000304,0.10075199999999995,Y,641
4,4,90,10,5,0.14475099999992835,0.10196099999996022,Y,649
3,2,90,10,5,0.07516800000007606,0.9625829999999951,Y,259
3,2,90,10,5,0.07413600000000997,1.025720999999919,Y,257
3,2,90,10,5,0.07694800000001578,1.1472469999999362,Y,258
3,2,90,10,5,0.07390800000001718,1.052201000000025,Y,256
3,2,90,10,5,0.0731670000000122,1.030849000000046,Y,253
3,2,90,10,5,0.07318600000007791,1.1582089999999994,Y,256
3,2,90,10,5,0.07376299999998537,0.9172479999999723,Y,263
3,2,90,10,5,0.07313599999997678,1.2237700000000018,Y,258
3,2,90,10,5,0.07340099999993299,1.198694000000046,Y,258
3,2,90,10,5,0.07631099999997559,1.1059839999999213,Y,258
2,3,90,10,5,0.10181400000004714,3.9774100000000203,Y,280
2,3,90,10,5,0.10179399999998395,4.133580999999992,Y,277
2,3,90,10,5,0.10230500000005804,4.667419999999993,Y,275
2,3,90,10,5,0.10133800000005522,4.409950999999978,Y,275
2,3,90,10,5,0.10399300000000267,4.271885000000054,Y,279
2,3,90,10,5,0.1022570000000087,4.805813000000001,Y,277
2,3,90,10,5,0.10262399999999161,4.271352000000093,Y,277
2,3,90,10,5,0.10169899999999643,5.051264000000003,Y,280
2,3,90,10,5,0.10168500000003178,4.424722000000031,Y,278
2,3,90,10,5,0.10140599999994038,5.0145480000000475,Y,278
2,2,90,10,5,0.07181100000002516,17.760104000000013,Y,178
2,2,90,10,5,0.06953499999997348,15.674991999999975,Y,176
2,2,90,10,5,0.06957500000004302,12.590715000000046,Y,180
2,2,90,10,5,0.06937799999997196,13.098567000000003,Y,179
2,2,90,10,5,0.06963099999995848,14.038474000000008,Y,179
2,2,90,10,5,0.0701230000000237,11.756378999999924,Y,180
2,2,90,10,5,0.07292100000006485,18.36353200000002,Y,179
2,2,90,10,5,0.06926299999997809,17.412409999999966,Y,178
2,2,90,10,5,0.06929599999995162,19.158208999999943,Y,178
2,2,90,10,5,0.06955799999991541,15.709093000000053,Y,177
2,1,90,10,5,0.014788000000010015,1.1005320000000438,N,100
2,1,90,10,5,0.014660999999989599,1.0317489999999907,N,99
2,1,90,10,5,0.014777000000037788,0.7859050000000138,N,100
2,1,90,10,5,0.014568999999994503,0.6942210000000273,N,99
2,1,90,10,5,0.014563999999950283,1.938588999999979,N,100
2,1,90,10,5,0.01501300000001038,0.9483640000000264,N,100
2,1,90,10,5,0.015269999999986794,0.28917699999999513,N,99
2,1,90,10,5,0.014839999999992415,0.33949000000001206,N,99
2,1,90,10,5,0.01464099999998325,4.386486999999988,N,100
2,1,90,10,5,0.01751000000001568,1.0481690000000299,N,99
1,2,90,10,5,0.02170300000000225,3.4819519999999784,N,90
1,2,90,10,5,0.02183100000002014,0.8875959999999736,N,90
1,2,90,10,5,0.022039999999947213,11.143745000000024,N,90
1,2,90,10,5,0.021876000000020213,0.28182599999991,N,90
1,2,90,10,5,0.02178100000003269,25.810674000000063,N,90
1,2,90,10,5,0.021740999999906307,0.30681300000003375,N,90
1,2,90,10,5,0.021832000000017615,3.407670000000053,N,90
1,2,90,10,5,0.02193699999997989,4.319356999999968,N,90
1,2,90,10,5,0.02179799999998977,17.001956999999948,N,90
1,2,90,10,5,0.021997999999939566,4.654991999999993,N,90
1,1,90,10,5,0.013930999999956839,0.013733999999999469,N,50
1,1,90,10,5,0.014269000000012966,0.008353999999940243,N,50
1,1,90,10,5,0.013944000000037704,0.0019720000000233995,N,50
1,1,90,10,5,0.014012000000093394,0.0016630000000077416,N,50
1,1,90,10,5,0.014360000000010587,0.0033730000000105065,N,50
1,1,90,10,5,0.013995000000022628,0.0025019999999358333,N,50
1,1,90,10,5,0.013998000000015054,0.012180999999941378,N,50
1,1,90,10,5,0.013875999999982014,0.06124699999998029,N,50
1,1,90,10,5,0.01623800000004394,0.001740000000040709,N,50
1,1,90,10,5,0.013939999999934116,0.0456810000000587,N,50
12,12,100,10,5,0.6141360000000304,0.0283479999999372,Y,3791
12,12,100,10,5,0.6109750000000531,0.03291999999987638,Y,3765
12,12,100,10,5,0.621445999999878,0.029989000000000487,Y,3775
12,12,100,10,5,0.6164959999999837,0.027980999999954292,Y,3832
12,12,100,10,5,0.6124020000000883,0.029672999999888816,Y,3799
12,12,100,10,5,0.6110590000000684,0.028042000000027656,Y,3792
12,12,100,10,5,0.6128889999999956,0.02939200000002984,Y,3824
12,12,100,10,5,0.6154299999999466,0.0320080000001326,Y,3817
12,12,100,10,5,0.6156460000000834,0.0322879999999941,Y,3834
12,12,100,10,5,0.6206429999999727,0.03500199999996312,Y,3819
12,8,100,10,5,0.41059899999993377,0.029434000000037486,Y,2485
12,8,100,10,5,0.4082939999999553,0.02780999999993128,Y,2503
12,8,100,10,5,0.40973699999995006,0.028088000000025204,Y,2532
12,8,100,10,5,0.41202399999997397,0.04735700000003362,Y,2531
12,8,100,10,5,0.4087140000000318,0.03748399999994945,Y,2516
12,8,100,10,5,0.40732600000001185,0.029124000000024353,Y,2490
12,8,100,10,5,0.4110800000000836,0.029181999999877917,Y,2509
12,8,100,10,5,0.4074799999999641,0.03233700000009776,Y,2495
12,8,100,10,5,0.4102420000000393,0.025163999999904263,Y,2527
12,8,100,10,5,0.4108450000001085,0.029940000000010514,Y,2548
12,4,100,10,5,0.2180119999999306,0.028953000000115026,Y,1278
12,4,100,10,5,0.21639200000015535,0.02661399999999503,Y,1282
12,4,100,10,5,0.2169370000001436,0.02495099999998729,Y,1292
12,4,100,10,5,0.21605299999998806,0.026708999999868865,Y,1292
12,4,100,10,5,0.21815400000002683,0.02870600000005652,Y,1293
12,4,100,10,5,0.2153569999999263,0.029625000000010004,Y,1264
12,4,100,10,5,0.21670900000003712,0.03212399999995341,Y,1302
12,4,100,10,5,0.21636899999987236,0.02723300000013751,Y,1300
12,4,100,10,5,0.21791699999994307,0.034906999999975596,Y,1267
12,4,100,10,5,0.21523000000013326,0.02901899999994839,Y,1279
8,8,100,10,5,0.3895190000000639,0.03737399999988611,Y,2133
8,8,100,10,5,0.39064600000006067,0.0266950000000179,Y,2131
8,8,100,10,5,0.3910170000000335,0.04196200000001227,Y,2111
8,8,100,10,5,0.3885089999999991,0.025108999999929438,Y,2117
8,8,100,10,5,0.3889370000000554,0.028911999999991167,Y,2124
8,8,100,10,5,0.3896599999999353,0.039963000000057036,Y,2116
8,8,100,10,5,0.38951799999995274,0.031066000000123495,Y,2113
8,8,100,10,5,0.3902689999999893,0.03877200000022185,Y,2150
8,8,100,10,5,0.3867489999998952,0.03984300000001895,Y,2085
8,8,100,10,5,0.39125300000000607,0.03154899999992722,Y,2138
8,4,100,10,5,0.20604299999990872,0.038469999999961146,Y,1089
8,4,100,10,5,0.20628599999997732,0.03145199999983106,Y,1091
8,4,100,10,5,0.20519199999989723,0.03378299999997125,Y,1063
8,4,100,10,5,0.20853499999998348,0.03889399999991383,Y,1090
8,4,100,10,5,0.2060439999999062,0.03389500000014323,Y,1086
8,4,100,10,5,0.20490400000005593,0.036943000000064785,Y,1071
8,4,100,10,5,0.20651299999997264,0.03268500000001495,Y,1096
8,4,100,10,5,0.20831199999986438,0.03706299999998919,Y,1100
8,4,100,10,5,0.20526599999993778,0.028987999999912972,Y,1071
8,4,100,10,5,0.2062069999999494,0.04098799999997027,Y,1101
4,4,100,10,5,0.1830120000001898,0.1492249999998876,Y,695
4,4,100,10,5,0.18494999999995798,0.23010200000010173,Y,702
4,4,100,10,5,0.1827260000000024,0.19351699999992888,Y,700
4,4,100,10,5,0.1873160000000098,0.15019599999993716,Y,711
4,4,100,10,5,0.18304199999988668,0.16033900000002177,Y,698
4,4,100,10,5,0.1840469999999641,0.22334299999999985,Y,692
4,4,100,10,5,0.18275800000003528,0.17687799999998788,Y,700
4,4,100,10,5,0.18217600000002676,0.20521099999996295,Y,691
4,4,100,10,5,0.18190500000002885,0.22283300000003692,Y,689
4,4,100,10,5,0.18222199999991062,0.09754899999995814,Y,690
3,2,100,10,5,0.09917800000005172,1.8034940000000006,Y,290
3,2,100,10,5,0.09668300000009822,2.267292999999995,Y,286
3,2,100,10,5,0.09707700000001296,1.483520999999996,Y,287
3,2,100,10,5,0.09713500000020758,1.550623999999857,Y,293
3,2,100,10,5,0.0975420000000895,2.0831379999999626,Y,291
3,2,100,10,5,0.09966499999995904,2.2200699999999642,Y,292
3,2,100,10,5,0.09695899999996982,2.18047700000011,Y,286
3,2,100,10,5,0.09771199999988767,1.4204180000000406,Y,295
3,2,100,10,5,0.09744199999988723,1.605372999999986,Y,294
3,2,100,10,5,0.09737399999994523,2.007380000000012,Y,290
2,3,100,10,5,0.12612300000000687,13.216554999999971,Y,277
2,3,100,10,5,0.12364499999989675,14.70711700000004,Y,279
2,3,100,10,5,0.12267400000007456,10.657847999999944,Y,280
2,3,100,10,5,0.12282700000002933,13.419826000000057,Y,278
2,3,100,10,5,0.1229759999999942,7.667762999999923,Y,278
2,3,100,10,5,0.12524899999993977,13.522772000000032,Y,279
2,3,100,10,5,0.1231950000001234,13.446990000000028,Y,278
2,3,100,10,5,0.1225769999999784,13.744986999999924,Y,278
2,3,100,10,5,0.12310299999990093,9.27335800000003,Y,280
2,3,100,10,5,0.12273799999991297,14.395189999999957,Y,279
2,2,100,10,5,0.09428600000001097,33.216252000000054,Y,197
2,2,100,10,5,0.09200400000008813,23.535611000000017,Y,199
2,2,100,10,5,0.09212300000012874,31.466160999999943,Y,198
2,2,100,10,5,0.0918939999999111,39.73265300000003,Y,197
2,2,100,10,5,0.09590300000013485,31.595677000000137,Y,197
2,2,100,10,5,0.09225100000003295,19.300632999999948,Y,200
2,2,100,10,5,0.09196299999996427,34.354549999999904,Y,199
2,2,100,10,5,0.09251300000005358,34.30864599999995,Y,199
2,2,100,10,5,0.09211800000002768,35.64225899999997,Y,199
2,2,100,10,5,0.0944849999998496,23.697271,Y,200
2,1,100,10,5,0.01766799999995783,0.7806049999999232,N,100
2,1,100,10,5,0.017696999999998297,0.6843940000001112,N,99
2,1,100,10,5,0.017792999999983294,2.0080659999998716,N,99
2,1,100,10,5,0.017761000000064087,0.8996210000000247,N,98
2,1,100,10,5,0.017745000000104483,0.2535060000000158,N,100
2,1,100,10,5,0.01791800000000876,1.0297060000000329,N,100
2,1,100,10,5,0.017749000000094384,0.9514859999999317,N,99
2,1,100,10,5,0.017844999999852007,0.8205030000001443,N,100
2,1,100,10,5,0.017873000000008687,4.63781199999994,N,100
2,1,100,10,5,0.017734000000018568,3.927748000000065,N,100
1,2,100,10,5,0.02959699999996701,456.9800480000001,N,100
1,2,100,10,5,0.029376999999840336,29.167658000000074,N,100
1,2,100,10,5,0.02941499999997177,18.48882300000014,N,100
1,2,100,10,5,0.02977499999997235,496.6329539999999,N,100
1,2,100,10,5,0.029447999999774765,15.022838999999749,N,100
1,2,100,10,5,0.03190200000017285,3.9073739999998907,N,100
1,2,100,10,5,0.02968700000019453,1.4133890000002793,N,100
1,2,100,10,5,0.029074000000036904,119.31379100000004,N,100
1,2,100,10,5,0.030518000000029133,25.724009000000024,N,100
1,2,100,10,5,0.029773000000204775,20.12785100000019,N,100
1,1,100,10,5,0.017000999999709165,0.10715200000004188,N,50
1,1,100,10,5,0.016679000000294764,0.017467000000124244,N,50
1,1,100,10,5,0.016955999999936466,0.0753909999998541,N,50
1,1,100,10,5,0.01671100000021397,0.01052700000036566,N,50
1,1,100,10,5,0.016798999999991793,0.01183900000023641,N,50
1,1,100,10,5,0.016841999999996915,0.003940999999940686,N,50
1,1,100,10,5,0.016741999999794643,0.06803899999977148,N,50
1,1,100,10,5,0.01672999999982494,0.04120199999988472,N,50
1,1,100,10,5,0.016862999999830208,0.005669000000125379,N,50
1,1,100,10,5,0.01677300000028481,0.0036150000000816362,N,50
12,12,200,15,8,2.806598000000122,0.3247540000002118,Y,7755
12,12,200,15,8,2.8177709999999934,0.30131099999925937,Y,7764
12,12,200,15,8,2.8083550000001196,0.4000420000002123,Y,7724
12,12,200,15,8,2.794564000000264,0.4660920000005717,Y,7748
12,12,200,15,8,2.807033999999476,0.356619000000137,Y,7742
12,12,200,15,8,2.7893169999997554,0.4719190000000708,Y,7694
12,12,200,15,8,2.8120230000008632,0.40062699999998586,Y,7751
12,12,200,15,8,2.808524000000034,0.3676279999990584,Y,7805
12,12,200,15,8,2.8132590000000164,0.3469399999999041,Y,7719
12,12,200,15,8,2.807286000000204,0.36386600000059843,Y,7726
12,8,200,15,8,1.8998529999998937,0.3604349999995975,Y,5185
12,8,200,15,8,1.9147949999996854,0.39053599999988364,Y,5195
12,8,200,15,8,1.899384000000282,0.33539299999983996,Y,5224
12,8,200,15,8,1.901527999999871,0.3728609999998298,Y,5203
12,8,200,15,8,1.9027809999997771,0.26529100000016115,Y,5248
12,8,200,15,8,1.8953670000000784,0.42972199999985605,Y,5248
12,8,200,15,8,1.8901480000004085,0.37379799999962415,Y,5172
12,8,200,15,8,1.8908500000002277,0.4032290000000103,Y,5189
12,8,200,15,8,1.9207210000004125,0.31916999999975815,Y,5192
12,8,200,15,8,1.9035079999998743,0.2913560000006328,Y,5225
12,4,200,15,8,0.9855249999995976,0.4028290000001107,Y,2655
12,4,200,15,8,0.9847639999993589,0.430960000000141,Y,2650
12,4,200,15,8,0.9851709999998093,0.3326609999999164,Y,2661
12,4,200,15,8,0.9801699999998164,0.36810700000023644,Y,2661
12,4,200,15,8,0.9743309999998928,0.28764000000001033,Y,2646
12,4,200,15,8,0.9778280000004997,0.39586099999996804,Y,2653
12,4,200,15,8,0.9728390000000218,0.35905200000024706,Y,2674
12,4,200,15,8,0.9762990000003811,0.39473599999973885,Y,2670
12,4,200,15,8,0.9914010000002236,0.39674299999978757,Y,2691
12,4,200,15,8,0.9727800000005118,0.34121900000036476,Y,2666
8,8,200,15,8,1.7540640000001986,0.3882720000005975,Y,4205
8,8,200,15,8,1.7584160000001248,0.3230830000002243,Y,4221
8,8,200,15,8,1.752067000000352,0.349666999999954,Y,4162
8,8,200,15,8,1.7581210000003011,0.4263260000002447,Y,4213
8,8,200,15,8,1.7483539999998357,0.39118800000051124,Y,4196
8,8,200,15,8,1.7533100000005106,0.4637870000001385,Y,4182
8,8,200,15,8,1.7629430000001776,0.4006870000002891,Y,4177
8,8,200,15,8,1.7569079999998394,0.41072100000064893,Y,4174
8,8,200,15,8,1.7612750000002961,0.41967399999975896,Y,4199
8,8,200,15,8,1.7629430000006323,0.3396910000005846,Y,4224
8,4,200,15,8,0.9218269999996664,0.5397570000004634,Y,2147
8,4,200,15,8,0.9196670000005724,0.5880580000007285,Y,2146
8,4,200,15,8,0.9152920000005906,0.30637199999955556,Y,2138
8,4,200,15,8,0.9186429999999746,0.4747960000004241,Y,2139
8,4,200,15,8,0.9243819999996958,0.4873939999997674,Y,2147
8,4,200,15,8,0.9269929999995838,0.5555770000000848,Y,2175
8,4,200,15,8,0.9241179999999076,0.44010900000012043,Y,2153
8,4,200,15,8,0.9202420000001439,0.36634300000014264,Y,2143
8,4,200,15,8,0.9145330000001195,0.3228249999997388,Y,2132
8,4,200,15,8,0.9211200000004283,0.42424099999971077,Y,2167
12,12,300,18,9,8.722035000000687,0.823174999999992,Y,11218
12,12,300,18,9,8.733247000000574,0.869817000000694,Y,11225
12,12,300,18,9,8.750613000000158,0.8875949999992372,Y,11259
12,12,300,18,9,8.734440000000177,0.8323529999997845,Y,11092
12,12,300,18,9,8.72761599999967,0.7635399999999208,Y,11163
12,12,300,18,9,8.699686999999813,0.8536440000002585,Y,11171
12,12,300,18,9,8.678480999999465,0.8628880000001118,Y,11207
12,12,300,18,9,8.704322000000502,0.8894289999998364,Y,11175
12,12,300,18,9,8.720802000000276,0.7248290000002271,Y,11130
12,12,300,18,9,8.711643000000095,0.8027069999998275,Y,11230
12,8,300,18,9,5.824978000000101,0.8526840000004086,Y,7441
12,8,300,18,9,5.8192269999995005,0.8535440000000563,Y,7437
12,8,300,18,9,5.847791999999572,0.7584420000002865,Y,7481
12,8,300,18,9,5.849251000000095,0.7113930000004984,Y,7493
12,8,300,18,9,5.837411000000429,0.8360880000000179,Y,7493
12,8,300,18,9,5.828139000000647,0.8046229999999923,Y,7420
12,8,300,18,9,5.953197999999702,0.841066999999839,Y,7519
12,8,300,18,9,5.8167940000003,0.7955139999999119,Y,7466
12,8,300,18,9,5.775132000000212,0.8550860000000284,Y,7429
12,8,300,18,9,5.787403999999242,0.896394999999302,Y,7469
12,4,300,18,9,2.955792000000656,0.8763040000003457,Y,3779
12,4,300,18,9,2.942152000000533,0.8699940000001334,Y,3726
12,4,300,18,9,2.956561999999394,0.8962889999997969,Y,3735
12,4,300,18,9,2.9474790000008397,0.8419310000003861,Y,3732
12,4,300,18,9,3.082984999999553,0.8704970000003414,Y,3745
12,4,300,18,9,3.0211099999996804,1.0416799999998148,Y,3725
12,4,300,18,9,2.9555799999993724,0.8364389999997002,Y,3747
12,4,300,18,9,2.940692000000581,0.9230190000002949,Y,3753
12,4,300,18,9,2.957952000000205,0.8257269999994605,Y,3726
12,4,300,18,9,2.9506710000000567,0.8479109999993852,Y,3727
8,8,300,18,9,5.416755000000194,0.7901740000002064,Y,5819
8,8,300,18,9,5.448681999999735,0.9103369999997994,Y,5816
8,8,300,18,9,5.454965000000357,0.8350960000002488,Y,5792
8,8,300,18,9,5.415261999999984,0.9562230000005911,Y,5754
8,8,300,18,9,5.422771000000466,0.8460730000001604,Y,5754
8,8,300,18,9,5.403244000000541,0.7881769999999051,Y,5807
8,8,300,18,9,5.448237000000518,0.7077970000004825,Y,5797
8,8,300,18,9,5.488983000000189,0.9094120000004295,Y,5802
8,8,300,18,9,5.440400999999838,0.8060339999997268,Y,5814
8,8,300,18,9,5.433046000000559,0.8367670000002363,Y,5811
8,4,300,18,9,2.7359929999993255,1.4194509999997535,Y,2885
8,4,300,18,9,2.7210800000002564,1.5339029999995546,Y,2878
8,4,300,18,9,2.7306359999997767,1.9848719999999958,Y,2913
8,4,300,18,9,2.747093999999379,1.6802330000000438,Y,2916
8,4,300,18,9,2.7343190000001414,1.61309700000038,Y,2896
8,4,300,18,9,2.7409700000007433,1.3833270000000084,Y,2911
8,4,300,18,9,2.747624999999971,1.5810209999999643,Y,2905
8,4,300,18,9,2.734965999999986,1.4029600000008031,Y,2920
8,4,300,18,9,2.7353259999999864,1.6377229999993688,Y,2904
8,4,300,18,9,2.7281580000003487,1.7444390000005114,Y,2892
12,12,400,20,10,19.51344999999992,1.7856870000000526,Y,14046
12,12,400,20,10,19.418697000000066,1.6734819999996944,Y,13987
12,12,400,20,10,19.461526999999478,1.8664960000000974,Y,14057
12,12,400,20,10,19.535988999999972,1.8027560000000449,Y,14023
12,12,400,20,10,19.377174999999625,1.7640200000000732,Y,14023
12,12,400,20,10,19.396511999999802,1.83683099999962,Y,14047
12,12,400,20,10,19.47809900000084,1.7417139999997744,Y,14112
12,12,400,20,10,19.533825999999408,1.6578540000009525,Y,14056
12,12,400,20,10,19.53650499999958,1.8136039999999412,Y,14041
12,12,400,20,10,19.65597499999967,1.8186660000005759,Y,14002
12,8,400,20,10,13.080253000000084,1.9185939999997572,Y,9379
12,8,400,20,10,13.031383000000005,1.729798999999275,Y,9303
12,8,400,20,10,13.072754000000259,1.5197180000000117,Y,9364
12,8,400,20,10,13.052747000000636,1.6916819999996733,Y,9344
12,8,400,20,10,13.165978999999425,1.8652760000004491,Y,9309
12,8,400,20,10,13.136136000000079,1.7418420000008155,Y,9328
12,8,400,20,10,13.136418999999933,1.7446029999996426,Y,9369
12,8,400,20,10,13.040931000000455,1.653371999999763,Y,9326
12,8,400,20,10,13.050445000000309,1.8396890000003623,Y,9338
12,8,400,20,10,13.006977000000461,1.7910970000007183,Y,9365
12,4,400,20,10,6.5774240000000646,2.0761679999995977,Y,4698
12,4,400,20,10,6.554005999999845,2.1644530000007762,Y,4651
12,4,400,20,10,6.587901999999758,2.035501999999724,Y,4680
12,4,400,20,10,6.595138000000588,2.265100000000075,Y,4724
12,4,400,20,10,6.560185000000274,2.0005630000005112,Y,4690
12,4,400,20,10,6.564738999999918,2.148891000000276,Y,4663
12,4,400,20,10,6.60799999999972,1.9479289999990215,Y,4689
12,4,400,20,10,6.57175000000052,2.215911000000233,Y,4666
12,4,400,20,10,6.572217999999339,1.8255730000000767,Y,4651
12,4,400,20,10,6.587087999999312,2.0124519999994845,Y,4696
8,8,400,20,10,11.986131999999088,2.2980870000001232,Y,7029
8,8,400,20,10,12.00648799999999,2.899764000000232,Y,7078
8,8,400,20,10,12.013457999999446,2.2705259999997907,Y,7046
8,8,400,20,10,12.013536999999815,2.636170999999649,Y,7052
8,8,400,20,10,12.022905999999239,2.460204000000431,Y,7036
8,8,400,20,10,12.04199699999981,2.408824999999979,Y,7042
8,8,400,20,10,12.009809000000587,2.9631950000007237,Y,7048
8,8,400,20,10,11.972693000000163,3.2850079999993795,Y,7009
8,8,400,20,10,12.007072999999309,2.667920000000322,Y,7055
8,8,400,20,10,12.023496999999224,1.980156000000079,Y,7077
8,4,400,20,10,6.058447999999771,7.876617000000351,Y,3501
8,4,400,20,10,6.166219000000183,8.114930999999615,Y,3528
8,4,400,20,10,6.170748000000003,7.634472000000187,Y,3521
8,4,400,20,10,6.1553009999993265,7.647891999999956,Y,3528
8,4,400,20,10,6.175692999999228,6.59287600000016,Y,3520
8,4,400,20,10,6.158712999999807,7.368797000000541,Y,3507
8,4,400,20,10,6.166599999999562,6.483764999999494,Y,3521
8,4,400,20,10,6.12076100000013,8.035194000000502,Y,3507
8,4,400,20,10,6.081493999999566,8.195357000000058,Y,3524
8,4,400,20,10,6.133569000000534,10.848225000000184,Y,3505
12,12,500,23,12,30.752328999999918,3.1574039999995875,Y,17320
12,12,500,23,12,30.91515200000049,3.1406740000002173,Y,17281
12,12,500,23,12,30.817803999999796,3.0762900000004265,Y,17258
12,12,500,23,12,31.00489300000072,2.855199000000084,Y,17385
12,12,500,23,12,31.004648999999517,3.1344689999996262,Y,17361
12,12,500,23,12,31.091816999999537,3.047751999999491,Y,17235
12,12,500,23,12,31.228680000000622,3.2388539999992645,Y,17326
12,12,500,23,12,31.13535000000047,3.221310999999787,Y,17361
12,12,500,23,12,31.232012999998915,2.9399969999999485,Y,17338
12,12,500,23,12,31.223930999999993,3.1522430000004533,Y,17315
12,8,500,23,12,20.7776759999997,2.679630999999972,Y,11658
12,8,500,23,12,20.74636799999962,3.17532699999947,Y,11562
12,8,500,23,12,20.718549000000166,2.86490700000013,Y,11501
12,8,500,23,12,20.696245000000545,2.912739999999758,Y,11534
12,8,500,23,12,20.716833999999835,3.1982100000000173,Y,11570
12,8,500,23,12,20.690099000000373,3.4077790000001187,Y,11535
12,8,500,23,12,20.756159999999454,3.2320749999994405,Y,11631
12,8,500,23,12,20.781671999999617,3.3820850000001883,Y,11522
12,8,500,23,12,20.743305000000873,3.1256759999996575,Y,11521
12,8,500,23,12,20.819010000000617,3.0577089999992495,Y,11560
12,4,500,23,12,10.505539999999655,4.4887009999997645,Y,5751
12,4,500,23,12,10.509555000000091,4.272367999999915,Y,5800
12,4,500,23,12,10.5150220000005,3.332035999999789,Y,5776
12,4,500,23,12,10.495166000000154,3.7166359999991982,Y,5781
12,4,500,23,12,10.478344000000106,3.7720860000003995,Y,5780
12,4,500,23,12,10.489714999999705,4.165933000000223,Y,5785
12,4,500,23,12,10.470545999999558,4.096512999999504,Y,5780
12,4,500,23,12,10.46329999999989,4.270578000000114,Y,5758
12,4,500,23,12,10.48679699999866,3.546990999998343,Y,5778
12,4,500,23,12,10.487662000001365,4.612202000001162,Y,5744
8,8,500,23,12,19.26123700000062,5.439832000001843,Y,8588
8,8,500,23,12,19.263748000001215,5.562469999999848,Y,8615
8,8,500,23,12,19.204305000000204,4.537851999999475,Y,8624
8,8,500,23,12,19.10104599999977,6.05352799999946,Y,8598
8,8,500,23,12,19.12376100000074,5.61455400000068,Y,8592
8,8,500,23,12,19.132324999999582,5.530066000000261,Y,8610
8,8,500,23,12,19.193936000000576,6.067073999999593,Y,8613
8,8,500,23,12,19.15001299999949,5.331961000000774,Y,8565
8,8,500,23,12,19.172417999998288,5.2963330000002316,Y,8588
8,8,500,23,12,19.19315000000006,5.593200999999681,Y,8641
8,4,500,23,12,9.652049000000261,23.149567999998908,Y,4268
8,4,500,23,12,9.67284699999982,24.149210000000494,Y,4280
8,4,500,23,12,9.683783000001313,22.16903100000127,Y,4295
8,4,500,23,12,9.752475000000231,25.968754999999874,Y,4308
8,4,500,23,12,9.726089000000684,24.631132000000434,Y,4305
8,4,500,23,12,9.671478999999636,23.680105000000367,Y,4275
8,4,500,23,12,9.821219000000383,23.75471799999741,Y,4308
8,4,500,23,12,9.709282000000712,24.070372000000134,Y,4290
8,4,500,23,12,9.658479000000625,22.713682000001427,Y,4294
8,4,500,23,12,9.660581000001002,26.324252000000342,Y,4290
