n,f,c,d,time,sched_len
50,8,12,12,0.46840515399999993,62472
50,8,12,8,0.326919881,42746
50,8,12,4,0.1799663050000001,21350
50,8,8,8,0.32145796399999993,32460
50,8,8,4,0.176144399,16324
100,10,12,12,2.6554233160000003,137330
100,10,12,8,1.8003269710000005,90642
100,10,12,4,1.0160660650000004,46750
100,10,8,8,1.7655084569999993,64510
100,10,8,4,1.044940488,33174
200,15,12,12,15.111636207,249876
200,15,12,8,10.315028676,168252
200,15,12,4,6.593602754999999,86188
200,15,8,8,11.502015528000001,118074
200,15,8,4,9.708789041000003,60640
300,18,12,12,47.78601200999999,393824
300,18,12,8,36.47046944,263244
300,18,12,4,29.125877279000008,131356
300,18,8,8,68.22870187799998,182636
300,18,8,4,70.87624189200002,91510
400,20,12,12,115.98277813099998,465394
400,20,12,8,97.19974039899995,310132
400,20,12,4,87.42183048600009,155132
400,20,8,8,211.09031083699995,211134
400,20,8,4,254.2390821429999,105706
500,23,12,12,240.99439042400013,564262
500,23,12,8,235.306779882,376346
500,23,12,4,274.73577711200005,188498
500,23,8,8,682.818256649,256934
500,23,8,4,1124.9626193519998,128698
50,8,12,12,0.4732673319999776,62692
50,8,12,8,0.3391011690000596,42772
50,8,12,4,0.18419363500015606,21168
50,8,8,8,0.32168452099995193,32566
50,8,8,4,0.17905675199972393,16286
100,10,12,12,2.650484912000138,137166
100,10,12,8,1.8124292190000233,90756
100,10,12,4,1.010836652999842,46648
100,10,8,8,1.7784527209996668,64208
100,10,8,4,1.0174305890000142,33048
200,15,12,12,15.189815219000138,249910
200,15,12,8,10.53212903099984,167920
200,15,12,4,6.530896234000011,86040
200,15,8,8,11.929163822999726,117782
200,15,8,4,9.401066506000006,60606
300,18,12,12,48.4786934509998,393976
300,18,12,8,35.82539085500002,263016
300,18,12,4,28.63695535800025,131662
300,18,8,8,67.89462469599994,182950
300,18,8,4,71.98462924200021,91522
400,20,12,12,111.95904848599957,465046
400,20,12,8,92.72677891600006,309994
400,20,12,4,88.74209795199931,155368
400,20,8,8,224.45307583999966,211166
400,20,8,4,254.59149430399975,105526
500,23,12,12,242.76890321599967,564602
500,23,12,8,220.6358145840004,376334
500,23,12,4,278.0503360469993,188486
500,23,8,8,679.6020633990001,256958
500,23,8,4,1135.210224456,128652
50,8,12,12,0.47760566199940513,62960
50,8,12,8,0.3349030389999825,42834
50,8,12,4,0.18132538099962403,21548
50,8,8,8,0.3222787819995574,32464
50,8,8,4,0.17925260700030776,16246
100,10,12,12,2.645806134999475,137280
100,10,12,8,1.8106794749992332,90708
100,10,12,4,1.025411814999643,46890
100,10,8,8,1.7937532689993532,64512
100,10,8,4,1.0518547060000856,32932
200,15,12,12,15.220124518000375,250444
200,15,12,8,10.75533113900019,168234
200,15,12,4,6.232286524999836,85938
200,15,8,8,11.468254735999835,117906
200,15,8,4,9.30413512999985,60442
300,18,12,12,48.28797770200072,394080
300,18,12,8,35.644280777999484,262926
300,18,12,4,27.87700618799954,131708
300,18,8,8,65.41379295599927,182952
300,18,8,4,83.79171142900032,91644
400,20,12,12,116.68351883299965,465532
400,20,12,8,95.34453823799959,310450
400,20,12,4,90.16291166700012,155368
400,20,8,8,214.55644924100034,210724
400,20,8,4,268.6003556259993,105740
500,23,12,12,241.80619471599857,564488
500,23,12,8,214.0074065179997,376594
500,23,12,4,258.18823362700095,188262
500,23,8,8,661.6353087809985,257040
500,23,8,4,1154.4498002709988,128808
50,8,12,12,0.46943492100035655,62290
50,8,12,8,0.32782370499990066,42430
50,8,12,4,0.1785179610014893,21252
50,8,8,8,0.31629442400117114,32284
50,8,8,4,0.1792800619987247,16052
100,10,12,12,2.6268852849989344,137232
100,10,12,8,1.808727118999741,91010
100,10,12,4,1.0295707620007306,46524
100,10,8,8,1.7903788439998607,64404
100,10,8,4,1.0728017860001273,32970
200,15,12,12,15.169197437000548,249576
200,15,12,8,10.632325216000027,168190
200,15,12,4,6.560453879999841,86488
200,15,8,8,11.12620427299953,118080
200,15,8,4,8.852313253999455,60714
300,18,12,12,46.16301849899901,394116
300,18,12,8,36.52535579600044,263022
300,18,12,4,28.33831626599931,131310
300,18,8,8,68.2804825150015,182820
300,18,8,4,68.06055153799934,91640
400,20,12,12,116.07478185499895,465236
400,20,12,8,96.32253417599895,310016
400,20,12,4,93.4699175450005,154992
400,20,8,8,202.97336703700057,210782
400,20,8,4,267.2562588609999,105692
500,23,12,12,249.43586355599837,563868
500,23,12,8,236.5122478079993,376836
500,23,12,4,279.71157740499984,188564
500,23,8,8,664.370772622,256998
500,23,8,4,1175.3103636390006,128720
50,8,12,12,0.46492242900058045,62522
50,8,12,8,0.3325659580004867,42462
50,8,12,4,0.1806800390004355,21416
50,8,8,8,0.32001127900002757,32116
50,8,8,4,0.17573275200084026,16288
100,10,12,12,2.6476996620003774,137480
100,10,12,8,1.7908487180011434,90984
100,10,12,4,1.015105959999346,46464
100,10,8,8,1.7969341379994148,64410
100,10,8,4,1.0658185930005857,33058
200,15,12,12,15.0818049720001,249984
200,15,12,8,10.663482317000671,168208
200,15,12,4,6.521017952998591,85996
200,15,8,8,10.885616961999403,118300
200,15,8,4,8.52520160900167,60462
300,18,12,12,47.0317310749997,394174
300,18,12,8,35.777878893999514,262888
300,18,12,4,29.677969414000472,131470
300,18,8,8,67.85089424199941,182834
300,18,8,4,70.70641414099919,91696
400,20,12,12,115.16765149899948,464990
400,20,12,8,96.0252831960006,310130
400,20,12,4,90.5793607150008,155338
400,20,8,8,215.51767222099988,210798
400,20,8,4,254.58424626399938,105788
500,23,12,12,236.377764922001,564662
500,23,12,8,220.02443263200075,376298
500,23,12,4,286.1788758850016,188976
500,23,8,8,639.952762222998,256850
500,23,8,4,1236.6044776109993,128720
50,8,12,12,0.46866083900022204,62652
50,8,12,8,0.32875227199838264,42640
50,8,12,4,0.19137143800253398,21222
50,8,8,8,0.3182685700012371,32414
50,8,8,4,0.17513070000131847,16168
100,10,12,12,2.642076136999094,138342
100,10,12,8,1.7875459079987195,90764
100,10,12,4,1.0447359870013315,46846
100,10,8,8,1.7830132500021136,64728
100,10,8,4,1.0345122200014885,32994
200,15,12,12,15.194494379997195,250074
200,15,12,8,10.71397860900106,168024
200,15,12,4,6.3554355740016035,86202
200,15,8,8,11.502916844001447,118052
200,15,8,4,9.1820938689998,60506
300,18,12,12,47.48437358600131,394412
300,18,12,8,34.557231429997046,263160
300,18,12,4,29.21112947599977,131760
300,18,8,8,68.53216296000028,182922
300,18,8,4,68.2635539690018,91674
400,20,12,12,110.01564838099875,465210
400,20,12,8,95.06477759700283,310688
400,20,12,4,89.96164091199898,155556
400,20,8,8,238.05006345699803,210966
400,20,8,4,255.986867738,105820
500,23,12,12,249.17570011799762,564190
500,23,12,8,212.52110389799782,376180
500,23,12,4,278.9927773039999,188396
500,23,8,8,673.4440164539992,256580
500,23,8,4,1194.8226510720015,128688
50,8,12,12,0.4696452410025813,62558
50,8,12,8,0.33100519299841835,42780
50,8,12,4,0.18539941899871337,21412
50,8,8,8,0.3171312599988596,32378
50,8,8,4,0.17410275300062494,16210
100,10,12,12,2.6260036650019174,137810
100,10,12,8,1.7938789450017794,90988
100,10,12,4,1.012471779002226,46954
100,10,8,8,1.766555234000407,64682
100,10,8,4,1.0328125249980076,33134