c,d,n,k,r,gen_time,solve_time,valid,sel_len
12,12,10,4,2,0.0034741570000000055,0.00015800700000000167,Y,253
12,12,10,4,2,0.003335646999999997,0.00012305799999999534,Y,253
12,12,10,4,2,0.0033506339999999912,0.00011943500000000107,Y,256
12,12,10,4,2,0.0033361430000000136,0.0001207649999999949,Y,248
12,12,10,4,2,0.003335801999999999,0.00012420500000000223,Y,255
12,12,10,4,2,0.003313963000000003,0.00012110399999999688,Y,256
12,12,10,4,2,0.003332558999999999,0.0001348689999999958,Y,258
12,12,10,4,2,0.0033695470000000005,0.00013006899999999655,Y,259
12,12,10,4,2,0.003362535,0.00012335299999999272,Y,257
12,12,10,4,2,0.0033826679999999915,0.00012313599999999592,Y,265
12,8,10,4,2,0.0024397859999999993,0.0001268199999999997,Y,171
12,8,10,4,2,0.0020627380000000084,0.00010098899999999578,Y,172
12,8,10,4,2,0.0020603439999999917,0.0001007459999999849,Y,173
12,8,10,4,2,0.0020914100000000158,0.00010249099999998235,Y,172
12,8,10,4,2,0.0020205719999999983,0.00010127699999998296,Y,170
12,8,10,4,2,0.0020572149999999734,0.00010344100000000966,Y,170
12,8,10,4,2,0.002084521000000006,0.00010141299999999465,Y,176
12,8,10,4,2,0.002047152999999996,9.977199999999797e-05,Y,169
12,8,10,4,2,0.0020399859999999936,9.929699999999819e-05,Y,179
12,8,10,4,2,0.002087323000000002,0.00010025199999999512,Y,174
12,4,10,4,2,0.0013123160000000078,9.622000000000797e-05,Y,94
12,4,10,4,2,0.0013473870000000054,9.98049999999806e-05,Y,90
12,4,10,4,2,0.0013068539999999962,0.00010056299999999796,Y,92
12,4,10,4,2,0.0013318250000000087,9.850799999999715e-05,Y,93
12,4,10,4,2,0.0013038589999999906,0.00010026099999999039,Y,88
12,4,10,4,2,0.001323589000000014,9.7638000000011e-05,Y,86
12,4,10,4,2,0.0013037020000000177,9.94259999999858e-05,Y,93
12,4,10,4,2,0.0013070249999999894,9.772399999999348e-05,Y,91
12,4,10,4,2,0.00129633400000001,0.0001001270000000054,Y,89
12,4,10,4,2,0.0013032070000000007,9.786699999997373e-05,Y,87
8,8,10,4,2,0.0020622290000000265,0.00010209799999999492,Y,168
8,8,10,4,2,0.0020509749999999827,0.00010159499999998212,Y,164
8,8,10,4,2,0.0020416240000000196,9.872100000002382e-05,Y,165
8,8,10,4,2,0.0020628750000000196,0.00010295999999998529,Y,166
8,8,10,4,2,0.002066912000000004,0.0001002529999999946,Y,169
8,8,10,4,2,0.0020564040000000117,0.00010063799999998624,Y,170
8,8,10,4,2,0.002040307000000019,0.00010439400000000765,Y,167
8,8,10,4,2,0.0020506660000000065,0.00010372300000000001,Y,162
8,8,10,4,2,0.0020068239999999904,0.00010383999999999394,Y,158
8,8,10,4,2,0.0020323150000000068,0.00010180100000001246,Y,164
8,4,10,4,2,0.001326303000000001,0.00010168399999999078,Y,88
8,4,10,4,2,0.0012914270000000116,0.00010104899999999195,Y,86
8,4,10,4,2,0.0012988750000000049,9.776200000000124e-05,Y,87
8,4,10,4,2,0.001301724000000004,9.967600000002075e-05,Y,86
8,4,10,4,2,0.001314845000000009,9.784900000001095e-05,Y,90
8,4,10,4,2,0.0013456180000000206,9.700600000001058e-05,Y,89
8,4,10,4,2,0.0012939120000000082,9.769500000000875e-05,Y,89
8,4,10,4,2,0.001310052000000006,9.747500000001352e-05,Y,86
8,4,10,4,2,0.0012914410000000043,0.00010011700000001067,Y,86
8,4,10,4,2,0.0013331960000000087,0.00010002000000000622,Y,87
4,4,10,4,2,0.0012595420000000024,9.9884999999994e-05,Y,76
4,4,10,4,2,0.001279335999999992,9.889099999998985e-05,Y,82
4,4,10,4,2,0.0012893570000000187,0.00010108000000000339,Y,77
4,4,10,4,2,0.0012736640000000077,9.80130000000079e-05,Y,77
4,4,10,4,2,0.0013180479999999883,0.00010045999999999666,Y,80
4,4,10,4,2,0.0012736569999999836,9.744300000000261e-05,Y,79
4,4,10,4,2,0.0013074879999999955,0.00010138600000000886,Y,79
4,4,10,4,2,0.0012571140000000036,9.907999999997363e-05,Y,73
4,4,10,4,2,0.0012525680000000095,0.0001009540000000142,Y,73
4,4,10,4,2,0.0012849100000000002,0.00010198200000000046,Y,76
3,2,10,4,2,0.0008794480000000049,9.868300000001606e-05,Y,38
3,2,10,4,2,0.0008855959999999885,9.924000000000044e-05,Y,39
3,2,10,4,2,0.000871711000000025,0.00010145000000000293,Y,34
3,2,10,4,2,0.0008913490000000135,9.773900000001334e-05,Y,38
3,2,10,4,2,0.0008843749999999928,9.622300000000639e-05,Y,39
3,2,10,4,2,0.0009066480000000099,9.651299999999252e-05,Y,38
3,2,10,4,2,0.0008631250000000201,9.797999999999751e-05,Y,33
3,2,10,4,2,0.0008678329999999845,0.00010233499999998119,Y,35
3,2,10,4,2,0.0009379939999999976,9.715899999998556e-05,Y,36
3,2,10,4,2,0.0008802209999999866,0.00010198200000000046,Y,39
2,3,10,4,2,0.0009864689999999898,0.00012156000000002054,Y,37
2,3,10,4,2,0.0010460949999999969,0.0001068529999999901,Y,42
2,3,10,4,2,0.00100494799999995,0.00010818400000001116,Y,43
2,3,10,4,2,0.0010052870000000214,0.00010816500000004892,Y,43
2,3,10,4,2,0.0010417699999999974,0.0001055249999999952,Y,45
2,3,10,4,2,0.001015506999999971,0.00010018699999997382,Y,43
2,3,10,4,2,0.0009906999999999555,0.00011768800000000468,Y,39
2,3,10,4,2,0.001003864000000021,0.00011300399999997213,Y,39
2,3,10,4,2,0.0009975819999999969,0.00010720300000000016,Y,41
2,3,10,4,2,0.0009965900000000194,0.00010932099999999556,Y,42
2,2,10,4,2,0.000881301000000001,0.00010286899999994992,Y,32
2,2,10,4,2,0.0008650020000000036,0.00010250899999997287,Y,30
2,2,10,4,2,0.0008568110000000129,0.00010155700000002987,Y,31
2,2,10,4,2,0.0008784170000000202,0.00010706799999998795,Y,25
2,2,10,4,2,0.0008449560000000078,0.00011084000000000094,Y,25
2,2,10,4,2,0.0008465579999999973,0.00010767900000002717,Y,26
2,2,10,4,2,0.0008476749999999922,0.0001305480000000081,Y,28
2,2,10,4,2,0.0008533870000000388,0.00011895899999997406,Y,25
2,2,10,4,2,0.0008604420000000168,0.00010050099999997508,Y,31
2,2,10,4,2,0.0008658910000000075,0.00010475099999995852,Y,33
12,12,20,5,3,0.012589632999999989,0.0004929459999999941,Y,616
12,12,20,5,3,0.012412705999999996,0.0005409159999999469,Y,621
12,12,20,5,3,0.012268535999999997,0.0005196599999999774,Y,604
12,12,20,5,3,0.012380055000000001,0.0005870030000000304,Y,612
12,12,20,5,3,0.012326121000000023,0.0006218389999999574,Y,610
12,12,20,5,3,0.01233704699999999,0.0005798249999999783,Y,602
12,12,20,5,3,0.012359741999999951,0.0006681740000000214,Y,617
12,12,20,5,3,0.012431236000000012,0.0005267500000000203,Y,619
12,12,20,5,3,0.012347000000000052,0.0005181479999999961,Y,620
12,12,20,5,3,0.012493957,0.0005372980000000194,Y,622
12,8,20,5,3,0.008468036000000012,0.0006479900000000427,Y,400
12,8,20,5,3,0.00854550300000001,0.0005089569999999766,Y,417
12,8,20,5,3,0.008492053,0.0004829929999999871,Y,407
12,8,20,5,3,0.008588431000000007,0.0005457580000000073,Y,422
12,8,20,5,3,0.008520848000000025,0.0006900270000000375,Y,416
12,8,20,5,3,0.008417860999999971,0.0004662330000000381,Y,401
12,8,20,5,3,0.008381414000000031,0.0006302879999999789,Y,397
12,8,20,5,3,0.008563794000000013,0.0005285909999999672,Y,420
12,8,20,5,3,0.008453547000000006,0.000524789000000081,Y,410
12,8,20,5,3,0.008515233999999983,0.0005633870000000263,Y,406
12,4,20,5,3,0.004689116999999965,0.0004997409999999425,Y,209
12,4,20,5,3,0.004722887000000009,0.0005369499999999805,Y,210
12,4,20,5,3,0.004670961999999945,0.0005331290000000211,Y,203
12,4,20,5,3,0.004659029000000037,0.0005048029999999981,Y,204
12,4,20,5,3,0.0046531439999999424,0.0005795410000000167,Y,204
12,4,20,5,3,0.004610223000000024,0.0005868600000000779,Y,196
12,4,20,5,3,0.004657535999999962,0.0005887049999999672,Y,203
12,4,20,5,3,0.004668004000000003,0.0005702120000000699,Y,204
12,4,20,5,3,0.004653145000000025,0.0005067079999999669,Y,203
12,4,20,5,3,0.004734123999999951,0.000575159999999908,Y,205
8,8,20,5,3,0.008380605000000041,0.000682395999999974,Y,381
8,8,20,5,3,0.008322574999999999,0.0005544639999999212,Y,376
8,8,20,5,3,0.00845067300000002,0.0005880900000000411,Y,395
8,8,20,5,3,0.008325691999999996,0.0006815430000000067,Y,383
8,8,20,5,3,0.008298231000000045,0.000593799000000006,Y,378
8,8,20,5,3,0.008341219999999927,0.0006568049999999825,Y,385
8,8,20,5,3,0.008238712000000037,0.0005436300000000172,Y,374
8,8,20,5,3,0.008344691000000015,0.0005788369999999432,Y,373
8,8,20,5,3,0.008300479999999943,0.0005994539999999438,Y,384
8,8,20,5,3,0.00836155999999999,0.0008360750000000472,Y,387
8,4,20,5,3,0.004607874000000067,0.0006224259999999537,Y,192
8,4,20,5,3,0.004575505000000035,0.0005778090000000402,Y,188
8,4,20,5,3,0.0045434970000000074,0.0007475239999999994,Y,185
8,4,20,5,3,0.004683612000000004,0.0005720660000000377,Y,196
8,4,20,5,3,0.004535653000000028,0.0005393129999999857,Y,185
8,4,20,5,3,0.004626683999999992,0.0006199869999999885,Y,190
8,4,20,5,3,0.004578489000000019,0.0006108580000000474,Y,188
8,4,20,5,3,0.004621495999999947,0.0005879939999999806,Y,187
8,4,20,5,3,0.0045683039999999675,0.0006560220000000339,Y,186
8,4,20,5,3,0.004607338999999988,0.0006701810000000474,Y,191
4,4,20,5,3,0.004332801999999969,0.0006328100000000392,Y,148
4,4,20,5,3,0.004369270000000092,0.0007137040000000372,Y,150
4,4,20,5,3,0.004363971999999938,0.0007168189999999797,Y,153
4,4,20,5,3,0.004328964000000046,0.000589740999999977,Y,146
4,4,20,5,3,0.004377874000000004,0.0006571530000000214,Y,153
4,4,20,5,3,0.004413598000000074,0.0006871619999999634,Y,153
4,4,20,5,3,0.0043484850000000685,0.0005498979999999376,Y,148
4,4,20,5,3,0.004388237999999989,0.0005962269999999492,Y,156
4,4,20,5,3,0.004320346999999947,0.0005964149999999613,Y,144
4,4,20,5,3,0.004437632000000025,0.0007304970000000521,Y,154
3,2,20,5,3,0.002723118999999996,0.0007922229999999253,Y,71
3,2,20,5,3,0.0027086880000000146,0.0008296169999999492,Y,68
3,2,20,5,3,0.00276014400000002,0.0007700970000000806,Y,69
3,2,20,5,3,0.002703633999999955,0.0007633259999999531,Y,61
3,2,20,5,3,0.002709508999999999,0.000726471999999978,Y,66
3,2,20,5,3,0.0027616040000000286,0.0008299030000000762,Y,70
3,2,20,5,3,0.0026809669999999786,0.000908310999999995,Y,65
3,2,20,5,3,0.0027179050000000204,0.0008201890000000267,Y,68
3,2,20,5,3,0.0026965690000000375,0.0008955330000000039,Y,66
3,2,20,5,3,0.0026720740000000243,0.0008974969999999693,Y,59
2,3,20,5,3,0.0033731369999999705,0.001236673000000077,Y,76
2,3,20,5,3,0.0033176179999999666,0.0009303330000000054,Y,72
2,3,20,5,3,0.0033497479999999857,0.001150800999999979,Y,79
2,3,20,5,3,0.003452045999999931,0.0008018790000000608,Y,84
2,3,20,5,3,0.003316278000000006,0.0009898150000000605,Y,76
2,3,20,5,3,0.0033286409999999655,0.0012549130000000241,Y,77
2,3,20,5,3,0.003345800999999926,0.0010525009999999835,Y,80
2,3,20,5,3,0.0034227049999999704,0.0007901649999999538,Y,84
2,3,20,5,3,0.003409200999999973,0.0009853380000000023,Y,85
2,3,20,5,3,0.0033549800000000074,0.0009953160000000238,Y,80
2,2,20,5,3,0.0026239030000000385,0.0011784559999999944,Y,52
2,2,20,5,3,0.0026464330000000036,0.0011104240000000543,Y,55
2,2,20,5,3,0.002608792000000082,0.0008646650000000422,Y,51
2,2,20,5,3,0.002625363000000047,0.0014825739999999588,Y,51
2,2,20,5,3,0.0026119350000000097,0.0011520549999999297,Y,53
2,2,20,5,3,0.0026363489999999823,0.0013968290000000438,Y,54
2,2,20,5,3,0.0026055320000000215,0.0013840150000000717,Y,54
2,2,20,5,3,0.002584140000000068,0.0009992680000000531,Y,51
2,2,20,5,3,0.002596463000000049,0.0015054519999999627,Y,52
2,2,20,5,3,0.002598689000000043,0.00119002300000004,Y,52
12,12,30,6,3,0.05935791300000004,0.0019285959999999491,Y,1015
12,12,30,6,3,0.058846314000000066,0.002234179000000003,Y,1016
12,12,30,6,3,0.0607854200000002,0.0020431290000000324,Y,1019
12,12,30,6,3,0.05908849699999985,0.002164111000000135,Y,1019
12,12,30,6,3,0.05906429199999996,0.002234220999999925,Y,1019
12,12,30,6,3,0.05925729600000018,0.002208302999999967,Y,1033
12,12,30,6,3,0.059064510000000015,0.0018388400000002303,Y,1025
12,12,30,6,3,0.058766783999999905,0.0023014120000000027,Y,1002
12,12,30,6,3,0.05861736799999995,0.0023875160000002005,Y,1013
12,12,30,6,3,0.059613519999999864,0.0021797049999998652,Y,1021
12,8,30,6,3,0.04110843899999983,0.002277735999999919,Y,695
12,8,30,6,3,0.04093302500000018,0.001825418000000134,Y,686
12,8,30,6,3,0.040776747,0.002331312000000141,Y,688
12,8,30,6,3,0.040839099000000045,0.001939763999999844,Y,681
12,8,30,6,3,0.04088797100000008,0.0027895399999999793,Y,690
12,8,30,6,3,0.04070816100000019,0.002433777000000026,Y,679
12,8,30,6,3,0.04094816500000009,0.0020475270000002155,Y,686
12,8,30,6,3,0.04086455400000033,0.0017926749999996883,Y,681
12,8,30,6,3,0.04077549899999999,0.0023048339999995893,Y,685
12,8,30,6,3,0.041597823000000256,0.0019881790000000343,Y,703
12,4,30,6,3,0.02190931099999993,0.0023648670000002703,Y,334
12,4,30,6,3,0.02253362999999986,0.002138862000000241,Y,364
12,4,30,6,3,0.02210061399999974,0.0018162000000003786,Y,346
12,4,30,6,3,0.022317538999999886,0.0020923729999999807,Y,352
12,4,30,6,3,0.022072537000000114,0.002220632000000222,Y,344
12,4,30,6,3,0.022119206999999808,0.0021677000000002167,Y,345
12,4,30,6,3,0.022006126000000403,0.0020696409999998444,Y,341
12,4,30,6,3,0.021931850000000086,0.0018863030000004777,Y,341
12,4,30,6,3,0.02213412700000017,0.002343732000000376,Y,346
12,4,30,6,3,0.022268610000000244,0.0020878479999999477,Y,351
8,8,30,6,3,0.04141693599999963,0.002334972000000324,Y,633
8,8,30,6,3,0.03959723100000012,0.0025785239999995824,Y,618
8,8,30,6,3,0.040012933000000306,0.0017834149999993443,Y,640
8,8,30,6,3,0.03965796699999968,0.0022119709999994797,Y,620
8,8,30,6,3,0.03959817799999987,0.0023568479999998004,Y,615
8,8,30,6,3,0.04023386299999965,0.0032363119999998524,Y,649
8,8,30,6,3,0.039574833999999726,0.0025015319999996954,Y,626
8,8,30,6,3,0.04002879399999992,0.0026637689999997605,Y,636
8,8,30,6,3,0.03948103699999983,0.0030928109999996956,Y,620
8,8,30,6,3,0.03987295200000007,0.0031370760000002385,Y,637
8,4,30,6,3,0.021496390000000254,0.002346774999999912,Y,322
8,4,30,6,3,0.02155022899999981,0.0025894619999995427,Y,318
8,4,30,6,3,0.02156660400000021,0.0020289749999999884,Y,322
8,4,30,6,3,0.021587745999999797,0.0020670929999999643,Y,320
8,4,30,6,3,0.02164726100000003,0.0025575139999998164,Y,322
8,4,30,6,3,0.02135765000000056,0.002166558000000318,Y,311
8,4,30,6,3,0.021627951000000145,0.0022796199999999267,Y,323
8,4,30,6,3,0.021505508999999368,0.0027170729999999033,Y,315
8,4,30,6,3,0.021315882000000563,0.0019883599999999113,Y,313
8,4,30,6,3,0.02151730499999971,0.0027460640000001035,Y,315
4,4,30,6,3,0.019849807000000386,0.0035560720000002988,Y,237
4,4,30,6,3,0.019923410999999724,0.0035453080000000803,Y,245
4,4,30,6,3,0.019828406000000687,0.0033136769999999593,Y,241
4,4,30,6,3,0.01994603299999964,0.002705585000000177,Y,248
4,4,30,6,3,0.01995044700000026,0.003597087999999804,Y,251
4,4,30,6,3,0.020176103999999917,0.0035003080000000075,Y,257
4,4,30,6,3,0.019890545000000426,0.0036222380000001664,Y,239
4,4,30,6,3,0.01994364599999976,0.0035387050000004194,Y,246
4,4,30,6,3,0.01991876700000006,0.0024933250000001017,Y,239
4,4,30,6,3,0.019900110000000026,0.0033851490000000872,Y,239
3,2,30,6,3,0.011644104999999794,0.004821626000000023,Y,107
3,2,30,6,3,0.011596082000000063,0.005318393000000032,Y,101
3,2,30,6,3,0.01164110400000018,0.0035922669999997048,Y,107
3,2,30,6,3,0.011650518000000165,0.004335871999999963,Y,106
3,2,30,6,3,0.011552417000000315,0.00449170100000007,Y,102
3,2,30,6,3,0.01145805000000033,0.0057150179999996276,Y,97
3,2,30,6,3,0.011660201999999842,0.004180379000000123,Y,106
3,2,30,6,3,0.01170617300000032,0.0036871829999998162,Y,107
3,2,30,6,3,0.0116281469999997,0.0038336179999998166,Y,107
3,2,30,6,3,0.011616437999999896,0.003460867999999895,Y,102
2,3,30,6,3,0.015272879000000295,0.004890795999999753,Y,121
2,3,30,6,3,0.015267233000000324,0.004243953999999661,Y,123
2,3,30,6,3,0.015195348999999858,0.006484335999999757,Y,122
2,3,30,6,3,0.01652480299999981,0.005557342999999992,Y,125
2,3,30,6,3,0.015510783000000306,0.005648821999999942,Y,125
2,3,30,6,3,0.015187704000000135,0.006571684999999938,Y,123
2,3,30,6,3,0.015254331000000398,0.005623426999999737,Y,123
2,3,30,6,3,0.015280340999999975,0.006207686000000212,Y,125
2,3,30,6,3,0.015265951999999583,0.006694156000000007,Y,118
2,3,30,6,3,0.015386776999999796,0.005848701000000567,Y,126
2,2,30,6,3,0.011050833999999732,0.007594869999999698,Y,75
2,2,30,6,3,0.011107119000000054,0.008194501999999826,Y,78
2,2,30,6,3,0.011101598999999851,0.006183828000000169,Y,80
2,2,30,6,3,0.011042064999999823,0.009771154000000504,Y,75
2,2,30,6,3,0.011067974999999564,0.006905919999999899,Y,80
2,2,30,6,3,0.01117559200000029,0.006566891000000297,Y,80
2,2,30,6,3,0.011067555999999978,0.008590595999999895,Y,76
2,2,30,6,3,0.011057145000000101,0.008656725000000254,Y,76
2,2,30,6,3,0.01108301999999961,0.007299072999999989,Y,79
2,2,30,6,3,0.011123286000000121,0.009064415999999742,Y,78
12,12,40,7,4,0.11063648399999959,0.0061019540000000205,Y,1446
12,12,40,7,4,0.11058512999999914,0.010514604999999566,Y,1415
12,12,40,7,4,0.12817150000000055,0.0073855590000002636,Y,1436
12,12,40,7,4,0.11044319900000055,0.005161762000000181,Y,1434
12,12,40,7,4,0.11035050999999907,0.005130185000000509,Y,1446
12,12,40,7,4,0.11092917700000005,0.006973803000000167,Y,1433
12,12,40,7,4,0.10998633899999888,0.006853583000000718,Y,1432
12,12,40,7,4,0.11164428200000032,0.0054024690000007425,Y,1452
12,12,40,7,4,0.11080129199999966,0.005630691000000354,Y,1422
12,12,40,7,4,0.11334872900000104,0.005758843999999819,Y,1430
12,8,40,7,4,0.07511833200000062,0.006274560999999679,Y,961
12,8,40,7,4,0.07488172200000065,0.0053123730000006475,Y,950
12,8,40,7,4,0.07507651400000093,0.004385978000000179,Y,970
12,8,40,7,4,0.07543900000000026,0.006227978999999273,Y,974
12,8,40,7,4,0.0748393820000004,0.006080679999999283,Y,961
12,8,40,7,4,0.07469673900000018,0.00520032699999895,Y,945
12,8,40,7,4,0.07555912000000031,0.005708582999999656,Y,971
12,8,40,7,4,0.07551691099999935,0.00684413299999953,Y,967
12,8,40,7,4,0.07448920200000053,0.006173728000000267,Y,950
12,8,40,7,4,0.07467220199999947,0.005487729000000385,Y,941
12,4,40,7,4,0.039491809000001155,0.005104007999999993,Y,468
12,4,40,7,4,0.04040901299999966,0.004648760000000252,Y,494
12,4,40,7,4,0.039737391000000066,0.00573341199999966,Y,471
12,4,40,7,4,0.039808208000001066,0.00489961000000072,Y,477
12,4,40,7,4,0.04014123800000036,0.00853806500000065,Y,496
12,4,40,7,4,0.040150676999999746,0.004693469000000228,Y,485
12,4,40,7,4,0.03980780299999953,0.0051114199999995336,Y,480
12,4,40,7,4,0.03969986100000078,0.005517289999999342,Y,477
12,4,40,7,4,0.03991013100000007,0.005818848999999737,Y,479
12,4,40,7,4,0.04000772000000019,0.006114079999999689,Y,487
8,8,40,7,4,0.0735968739999997,0.006275503000000349,Y,859
8,8,40,7,4,0.07198395299999927,0.006293920000000064,Y,856
8,8,40,7,4,0.07175055600000046,0.006873917000000063,Y,845
8,8,40,7,4,0.07167978099999939,0.007094362999999326,Y,835
8,8,40,7,4,0.0721106159999998,0.008027111999999725,Y,853
8,8,40,7,4,0.07275226199999985,0.005732166999999677,Y,876
8,8,40,7,4,0.07267193300000052,0.0060767020000005445,Y,875
8,8,40,7,4,0.07195011299999976,0.004664137000000679,Y,852
8,8,40,7,4,0.07204202899999856,0.005127801999999626,Y,848
8,8,40,7,4,0.07245852999999958,0.006532105999999871,Y,871
8,4,40,7,4,0.03831027499999973,0.005920602999999858,Y,417
8,4,40,7,4,0.0383617230000004,0.006991941999999973,Y,428
8,4,40,7,4,0.038440803999999495,0.005829001999998695,Y,427
8,4,40,7,4,0.03860792199999974,0.007605475000000084,Y,430
8,4,40,7,4,0.03844060699999918,0.0065545550000001285,Y,429
8,4,40,7,4,0.03859524399999881,0.005436063000000324,Y,437
8,4,40,7,4,0.03875622499999931,0.005680925000000947,Y,430
8,4,40,7,4,0.038494056999999415,0.006732420999999711,Y,437
8,4,40,7,4,0.03859939299999926,0.005708055000000378,Y,432
8,4,40,7,4,0.03837126900000065,0.00929767000000048,Y,417
4,4,40,7,4,0.03557335500000036,0.009463172000000242,Y,322
4,4,40,7,4,0.035554834000000035,0.007122925000000002,Y,332
4,4,40,7,4,0.035708030000000335,0.00816859900000022,Y,326
4,4,40,7,4,0.03544206500000069,0.010448492999999281,Y,324
4,4,40,7,4,0.03552784000000031,0.007960412000000083,Y,326
4,4,40,7,4,0.0357333810000009,0.007788471000000463,Y,327
4,4,40,7,4,0.03519672299999943,0.008666515999999014,Y,315
4,4,40,7,4,0.03533429099999985,0.007871068000000037,Y,319
4,4,40,7,4,0.03571363699999974,0.006389988999998764,Y,329
4,4,40,7,4,0.035424528000000066,0.006551861000000159,Y,327
3,2,40,7,4,0.020891103999998606,0.01599558000000023,Y,150
3,2,40,7,4,0.020824526000000176,0.019135936999997938,Y,152
3,2,40,7,4,0.020806781000000996,0.019856706000000557,Y,147
3,2,40,7,4,0.020642114000001044,0.014854178000000218,Y,144
3,2,40,7,4,0.020661752000000533,0.020523669999999328,Y,140
3,2,40,7,4,0.020729727000000864,0.015205032000000784,Y,143
3,2,40,7,4,0.020622626999999838,0.022945587999998907,Y,144
3,2,40,7,4,0.020779153999999522,0.015546147999998539,Y,147
3,2,40,7,4,0.020566244000001177,0.01685101999999894,Y,142
3,2,40,7,4,0.020696892000000133,0.02067054500000154,Y,144
2,3,40,7,4,0.026645607000000737,0.036237053000000685,Y,155
2,3,40,7,4,0.026494913999998815,0.04726556700000195,Y,150
2,3,40,7,4,0.02678547100000017,0.031958651000001836,Y,162
2,3,40,7,4,0.02668348799999798,0.026909907000000288,Y,159
2,3,40,7,4,0.02663882100000059,0.0336857179999992,Y,161
2,3,40,7,4,0.026610671000000252,0.03989972499999972,Y,158
2,3,40,7,4,0.02656489600000178,0.04077659099999842,Y,159
2,3,40,7,4,0.026542793999999148,0.03294986000000044,Y,157
2,3,40,7,4,0.029495026999999396,0.0394982069999994,Y,159
2,3,40,7,4,0.026784264000001556,0.029913435999999294,Y,161
2,2,40,7,4,0.019752152000000578,0.05555882800000056,Y,110
2,2,40,7,4,0.01973196999999871,0.0696367880000004,Y,107
2,2,40,7,4,0.019741777999998433,0.05331720500000081,Y,107
2,2,40,7,4,0.01970141200000164,0.043954659999998924,Y,105
2,2,40,7,4,0.02708165299999976,0.05808334399999815,Y,107
2,2,40,7,4,0.019616199000001444,0.04464881600000048,Y,107
2,2,40,7,4,0.01966590299999993,0.05571594600000118,Y,107
2,2,40,7,4,0.019958471999999006,0.0493952999999987,Y,111
2,2,40,7,4,0.01962533999999927,0.07814563899999882,Y,106
2,2,40,7,4,0.01967756300000012,0.05079462999999862,Y,107
12,12,50,8,4,0.17487812299999916,0.009113012000000253,Y,1803
12,12,50,8,4,0.17478964499999883,0.00859917199999849,Y,1814
12,12,50,8,4,0.1758155280000011,0.010714392999998879,Y,1856
12,12,50,8,4,0.17655201399999854,0.006254917999999776,Y,1869
12,12,50,8,4,0.175125422999999,0.0066387209999998475,Y,1836
12,12,50,8,4,0.17558028299999862,0.0066510969999988845,Y,1827
12,12,50,8,4,0.17500519500000067,0.008585580000000093,Y,1827
12,12,50,8,4,0.1769879620000001,0.006151899000000682,Y,1841
12,12,50,8,4,0.17630110999999893,0.006219821000000181,Y,1842
12,12,50,8,4,0.17627529300000155,0.0075274020000009045,Y,1837
12,8,50,8,4,0.12149232300000001,0.00791481699999963,Y,1247
12,8,50,8,4,0.12226820500000102,0.005346730999999494,Y,1258
12,8,50,8,4,0.12230300899999946,0.006051510000000704,Y,1266
12,8,50,8,4,0.12217288899999978,0.005644408000000212,Y,1255
12,8,50,8,4,0.12219447100000025,0.005699482999999006,Y,1252
12,8,50,8,4,0.12312885600000101,0.007812041999999408,Y,1253
12,8,50,8,4,0.12143120700000054,0.0075776940000018556,Y,1240
12,8,50,8,4,0.12321985200000007,0.007011574999999937,Y,1248
12,8,50,8,4,0.12128732800000108,0.005792882000001498,Y,1241
12,8,50,8,4,0.12331357699999934,0.007315022000000226,Y,1253
12,4,50,8,4,0.06392358399999942,0.008366488000001837,Y,622
12,4,50,8,4,0.06400438100000017,0.010103749000000661,Y,624
12,4,50,8,4,0.06448297400000058,0.005355863000000127,Y,640
12,4,50,8,4,0.06385664499999955,0.00626211900000051,Y,622
12,4,50,8,4,0.06415513999999867,0.008003874999999994,Y,629
12,4,50,8,4,0.06382704100000147,0.007859297999999626,Y,620
12,4,50,8,4,0.0642524299999998,0.00475557900000112,Y,633
12,4,50,8,4,0.06430322299999958,0.008980949999999766,Y,621
12,4,50,8,4,0.06435281299999929,0.007217294999998458,Y,631
12,4,50,8,4,0.06451151499999774,0.006543640999998601,Y,636
8,8,50,8,4,0.11771172200000102,0.008228982000000329,Y,1125
8,8,50,8,4,0.11742838100000164,0.010807856999999643,Y,1122
8,8,50,8,4,0.11711588200000023,0.008042052999998717,Y,1112
8,8,50,8,4,0.11841048199999982,0.008716830999999203,Y,1145
8,8,50,8,4,0.11889083300000003,0.007634341000001044,Y,1123
8,8,50,8,4,0.11769124799999808,0.008242043999997506,Y,1126
8,8,50,8,4,0.11793092900000168,0.008177410000000052,Y,1138
8,8,50,8,4,0.11769402600000234,0.008973554999998967,Y,1098
8,8,50,8,4,0.1169233279999986,0.009102031000001176,Y,1102
8,8,50,8,4,0.11798907400000047,0.009646809999999562,Y,1136
8,4,50,8,4,0.06194308699999951,0.007762746999999237,Y,558
8,4,50,8,4,0.06199671599999945,0.00811231099999965,Y,565
8,4,50,8,4,0.061803084999999314,0.007763929999999419,Y,552
8,4,50,8,4,0.06120892000000033,0.009051494999999576,Y,544
8,4,50,8,4,0.06195851999999924,0.008492803000001103,Y,559
8,4,50,8,4,0.061984689999999176,0.00646653999999991,Y,564
8,4,50,8,4,0.06120578699999868,0.00752341699999981,Y,546
8,4,50,8,4,0.062268102999999186,0.0065028659999999405,Y,560
8,4,50,8,4,0.06171937499999913,0.0073184709999996045,Y,556
8,4,50,8,4,0.06167377099999882,0.008195527999999896,Y,550
4,4,50,8,4,0.05656529700000057,0.010978689999999958,Y,408
4,4,50,8,4,0.057837049999999834,0.012256057000000098,Y,410
4,4,50,8,4,0.05735232500000009,0.008297944999997142,Y,420
4,4,50,8,4,0.056124293999999963,0.011103519999998923,Y,402
4,4,50,8,4,0.05620490699999792,0.011809541000001644,Y,409
4,4,50,8,4,0.05595312299999833,0.012043351000002644,Y,403
4,4,50,8,4,0.05642449600000177,0.010565075999998896,Y,407
4,4,50,8,4,0.05656420700000098,0.010048268999998555,Y,420
4,4,50,8,4,0.05683248000000418,0.011597553999997956,Y,417
4,4,50,8,4,0.05663486900000336,0.00868537299999872,Y,417
3,2,50,8,4,0.030349696999998343,0.03930951399999927,Y,164
3,2,50,8,4,0.030526776999998617,0.04290253799999988,Y,166
3,2,50,8,4,0.030411625999995806,0.04021367300000023,Y,165
3,2,50,8,4,0.03028285299999922,0.03966125499999862,Y,166
3,2,50,8,4,0.03043979399999941,0.030594488000001974,Y,170
3,2,50,8,4,0.030077436999999208,0.04524882999999846,Y,160
3,2,50,8,4,0.030620194000004375,0.028265401999995277,Y,175
3,2,50,8,4,0.030338092000000927,0.03226435599999533,Y,167
3,2,50,8,4,0.030480364999998955,0.03196731599999936,Y,168
3,2,50,8,4,0.030376922000002082,0.04306885899999813,Y,167
2,3,50,8,4,0.039402017999996986,0.10366080300000036,Y,187
2,3,50,8,4,0.04083965599999928,0.06802417700000163,Y,184
2,3,50,8,4,0.03926132499999824,0.0885352889999993,Y,181
2,3,50,8,4,0.03971103199999959,0.055832509999998337,Y,185
2,3,50,8,4,0.039338710000002663,0.08510628699999856,Y,183
2,3,50,8,4,0.039338404999998744,0.09778763999999995,Y,184
2,3,50,8,4,0.039673336999999975,0.10260247599999772,Y,186
2,3,50,8,4,0.03947395200000159,0.09329001999999775,Y,182
2,3,50,8,4,0.03949872899999818,0.08067177300000239,Y,185
2,3,50,8,4,0.03950326000000004,0.08380513100000186,Y,183
2,2,50,8,4,0.02908477800000142,0.11487877400000457,Y,126
2,2,50,8,4,0.028931726999999796,0.16331729100000203,Y,122
2,2,50,8,4,0.029003248999998732,0.19115680700000226,Y,122
2,2,50,8,4,0.029271955999998767,0.17134923300000082,Y,124
2,2,50,8,4,0.0289798310000009,0.1629602090000013,Y,124
2,2,50,8,4,0.029049325999999098,0.11653046900000064,Y,126
2,2,50,8,4,0.028735111999999674,0.18419031099999827,Y,121
2,2,50,8,4,0.028822892000000877,0.1954835509999988,Y,121
2,2,50,8,4,0.029023927000000782,0.17425337399999918,Y,120
2,2,50,8,4,0.029018751000002396,0.1608968759999989,Y,125
12,12,60,8,4,0.26028208399999997,0.012542916999997544,Y,2233
12,12,60,8,4,0.26343964900000216,0.015097293000000178,Y,2249
12,12,60,8,4,0.2603682670000005,0.016714069999999026,Y,2247
12,12,60,8,4,0.26070582000000186,0.017940955000000258,Y,2219
12,12,60,8,4,0.261341318999996,0.01471636500000173,Y,2249
12,12,60,8,4,0.26136881100000053,0.01380684999999815,Y,2241
12,12,60,8,4,0.26157046699999853,0.014360045000000099,Y,2261
12,12,60,8,4,0.26056298099999964,0.013125260999999,Y,2215
12,12,60,8,4,0.2616804170000009,0.017901644000001937,Y,2235
12,12,60,8,4,0.26128264900000175,0.015192602000002609,Y,2232
12,8,60,8,4,0.1738654610000019,0.014070952000000858,Y,1465
12,8,60,8,4,0.17573855399999871,0.016063199000001305,Y,1493
12,8,60,8,4,0.17749389599999787,0.01275933300000176,Y,1494
12,8,60,8,4,0.17514336500000027,0.013881777999998235,Y,1487
12,8,60,8,4,0.17465571600000018,0.013405334000001545,Y,1463
12,8,60,8,4,0.17420833699999605,0.013123799999998909,Y,1464
12,8,60,8,4,0.17452255499999936,0.01646470300000047,Y,1476
12,8,60,8,4,0.17702244700000236,0.017012384999997465,Y,1492
12,8,60,8,4,0.17465765899999752,0.01609523199999785,Y,1472
12,8,60,8,4,0.17503259900000145,0.013239651999999325,Y,1482
12,4,60,8,4,0.09389454799999797,0.014365211000004763,Y,761
12,4,60,8,4,0.09406470999999783,0.01585895500000234,Y,767
12,4,60,8,4,0.09438803799999818,0.0125674449999984,Y,772
12,4,60,8,4,0.09455038999999843,0.013249027000000524,Y,765
12,4,60,8,4,0.09441187399999507,0.01649447200000509,Y,768
12,4,60,8,4,0.09404322399999998,0.013406650000000297,Y,758
12,4,60,8,4,0.09365064599999684,0.012603071000004462,Y,757
12,4,60,8,4,0.09334131299999981,0.014697922000003416,Y,751
12,4,60,8,4,0.09352953299999811,0.015302199000000627,Y,757
12,4,60,8,4,0.09442495700000109,0.0178633730000044,Y,772
8,8,60,8,4,0.16896494299999887,0.015427057000000133,Y,1290
8,8,60,8,4,0.166494857,0.015783305999999442,Y,1274
8,8,60,8,4,0.16594906600000314,0.018500870000000447,Y,1268
8,8,60,8,4,0.16772964799999812,0.016335680999997493,Y,1301
8,8,60,8,4,0.16749648200000422,0.01741072000000088,Y,1299
8,8,60,8,4,0.16721884600000436,0.01967528200000146,Y,1281
8,8,60,8,4,0.16754436500000125,0.013661985000002375,Y,1300
8,8,60,8,4,0.16740200499999958,0.016912401999999105,Y,1288
8,8,60,8,4,0.16733347199999926,0.018833688000000848,Y,1305
8,8,60,8,4,0.16954418499999946,0.016912507000000687,Y,1307
8,4,60,8,4,0.0896414989999954,0.01349847599999876,Y,664
8,4,60,8,4,0.09080948499999764,0.015545513000002842,Y,679
8,4,60,8,4,0.09018060400000039,0.016852192999994742,Y,672
8,4,60,8,4,0.09038015999999871,0.019180560000002345,Y,672
8,4,60,8,4,0.08967323600000299,0.02065975000000364,Y,660
8,4,60,8,4,0.09007286999999664,0.01564902199999807,Y,669
8,4,60,8,4,0.09090262200000154,0.014346356999997312,Y,672
8,4,60,8,4,0.08991729099999901,0.01686336399999888,Y,660
8,4,60,8,4,0.0893047849999995,0.017516080999996575,Y,659
8,4,60,8,4,0.089444254,0.018916682000000407,Y,659
4,4,60,8,4,0.08114479299999999,0.024731495000001047,Y,462
4,4,60,8,4,0.0818720959999979,0.027714403000000942,Y,459
4,4,60,8,4,0.08045242400000063,0.024217324000005647,Y,455
4,4,60,8,4,0.0811346379999982,0.021295764000001327,Y,459
4,4,60,8,4,0.08351138999999463,0.02478183399999878,Y,456
4,4,60,8,4,0.081475575999999,0.021196039999999527,Y,473
4,4,60,8,4,0.08070866199999926,0.023671587999999133,Y,463
4,4,60,8,4,0.0817605669999999,0.025202526999994035,Y,469
4,4,60,8,4,0.08056226100000075,0.019933151000000038,Y,452
4,4,60,8,4,0.08132654399999595,0.024149558000001292,Y,464
3,2,60,8,4,0.044582334000004664,0.08908580399999977,Y,196
3,2,60,8,4,0.045096277999999046,0.08576088700000284,Y,198
3,2,60,8,4,0.045062745999999265,0.08580265500000195,Y,198
3,2,60,8,4,0.045158402999998515,0.08380804600000147,Y,205
3,2,60,8,4,0.04510208800000015,0.07215058799999952,Y,202
3,2,60,8,4,0.04486508400000133,0.06949287800000192,Y,193
3,2,60,8,4,0.04483504499999569,0.0888715160000011,Y,199
3,2,60,8,4,0.045038794000003435,0.08985210799999876,Y,200
3,2,60,8,4,0.04505805199999813,0.0671703490000013,Y,201
3,2,60,8,4,0.044657373999999805,0.08247921499999933,Y,198
2,3,60,8,4,0.05847766999999848,0.340785769,Y,202
2,3,60,8,4,0.05763987499999246,0.2406382869999959,Y,205
2,3,60,8,4,0.057166505000004975,0.27102252200000265,Y,204
2,3,60,8,4,0.05735012499999925,0.32594576100000694,Y,204
2,3,60,8,4,0.05727300499999899,0.26899301699999967,Y,202
2,3,60,8,4,0.05736031899999716,0.2812963380000042,Y,202
2,3,60,8,4,0.05735048300000045,0.2994761100000005,Y,205
2,3,60,8,4,0.057419934999998645,0.22334138499999767,Y,206
2,3,60,8,4,0.05744493299999931,0.35537938399999547,Y,203
2,3,60,8,4,0.05742075199999874,0.2451506209999934,Y,207
2,2,60,8,4,0.04325381299999975,0.5051649359999928,Y,142
2,2,60,8,4,0.04270630200000625,0.3763150069999952,Y,142
2,2,60,8,4,0.042583143999998185,0.5333284510000027,Y,138
2,2,60,8,4,0.04275767200000047,0.655590011000001,Y,142
2,2,60,8,4,0.042653486999995494,0.488243089000008,Y,141
2,2,60,8,4,0.04278679299999766,0.418437621999999,Y,140
2,2,60,8,4,0.04280403799999988,0.5035903089999962,Y,142
2,2,60,8,4,0.04417378000000838,0.47783307299999933,Y,142
2,2,60,8,4,0.0428223879999976,0.5127913139999976,Y,140
2,2,60,8,4,0.04265311700000041,0.4296731349999945,Y,141
12,12,70,9,5,0.3588067469999956,0.030873538000001588,Y,2646
12,12,70,9,5,0.35799670899999825,0.0373129849999998,Y,2625
12,12,70,9,5,0.35951728799999927,0.033816749000010304,Y,2674
12,12,70,9,5,0.35847327400000495,0.03764880100000312,Y,2632
12,12,70,9,5,0.3588795750000031,0.026302099000005796,Y,2653
12,12,70,9,5,0.3606202600000046,0.03246029900000735,Y,2653
12,12,70,9,5,0.3576053150000007,0.03488826099999898,Y,2634
12,12,70,9,5,0.35848524299999696,0.03834319999999991,Y,2645
12,12,70,9,5,0.36019168800000045,0.03218231600000365,Y,2683
12,12,70,9,5,0.35994731200000274,0.03610061000000542,Y,2641
12,8,70,9,5,0.24119081499999595,0.032173656999994193,Y,1753
12,8,70,9,5,0.24259971800000102,0.03920604399999661,Y,1746
12,8,70,9,5,0.24137309800000395,0.024692084000001557,Y,1756
12,8,70,9,5,0.2406655289999975,0.03588148899999766,Y,1723
12,8,70,9,5,0.24040759199999684,0.028955933000005984,Y,1750
12,8,70,9,5,0.24440689400000082,0.03240676699999767,Y,1801
12,8,70,9,5,0.2411187969999986,0.03256196100000608,Y,1752
12,8,70,9,5,0.2431592459999976,0.03197473400000206,Y,1776
12,8,70,9,5,0.24201039999999807,0.03179309600000124,Y,1772
12,8,70,9,5,0.2432548289999943,0.0360688840000023,Y,1751
12,4,70,9,5,0.12587455199999908,0.030961616999995556,Y,877
12,4,70,9,5,0.12633864899999736,0.043265591999997355,Y,873
12,4,70,9,5,0.1283210129999972,0.0276764319999927,Y,897
12,4,70,9,5,0.12619562900000147,0.02453108499999246,Y,881
12,4,70,9,5,0.12687074499999795,0.02879785400000401,Y,891
12,4,70,9,5,0.12606083400000045,0.03152179700000346,Y,867
12,4,70,9,5,0.12477682999999473,0.05045151000000203,Y,859
12,4,70,9,5,0.12744832499999603,0.025627784999997516,Y,892
12,4,70,9,5,0.1254994339999982,0.03044097600000839,Y,872
12,4,70,9,5,0.12778820599999818,0.031842021000002774,Y,893
8,8,70,9,5,0.22836846799999933,0.039244619999998065,Y,1497
8,8,70,9,5,0.2305916979999978,0.04288164899999458,Y,1533
8,8,70,9,5,0.2300004720000075,0.03073444599999675,Y,1525
8,8,70,9,5,0.23100980299999918,0.04942217199999277,Y,1530
8,8,70,9,5,0.23001216299999783,0.03384286499999689,Y,1538
8,8,70,9,5,0.2334254499999986,0.03629681199998913,Y,1543
8,8,70,9,5,0.23105478400000123,0.03244708799999785,Y,1540
8,8,70,9,5,0.2332954510000036,0.03153160000000099,Y,1544
8,8,70,9,5,0.22972195400000572,0.03334691899999598,Y,1523
8,8,70,9,5,0.23134838800000068,0.026706840000002785,Y,1536
8,4,70,9,5,0.12087156099999419,0.047527418000001376,Y,772
8,4,70,9,5,0.12106016899999616,0.03667006099999526,Y,774
8,4,70,9,5,0.12068974900000029,0.03788879199999684,Y,766
8,4,70,9,5,0.1197503409999996,0.04351221400000327,Y,752
8,4,70,9,5,0.12249169100000046,0.04313544599999375,Y,771
8,4,70,9,5,0.12158176199999104,0.056986189999996384,Y,785
8,4,70,9,5,0.1206245079999988,0.04034867200000036,Y,745
8,4,70,9,5,0.12224144900000766,0.032789133999997944,Y,786
8,4,70,9,5,0.11994304700000669,0.029718853999995076,Y,747
8,4,70,9,5,0.12103824399999752,0.05164770599999713,Y,765
4,4,70,9,5,0.10878673799999916,0.0697745249999997,Y,532
4,4,70,9,5,0.1108733150000063,0.07198667600000164,Y,530
4,4,70,9,5,0.10947520900000285,0.05077005300000792,Y,525
4,4,70,9,5,0.10902597999999841,0.06226374899999598,Y,530
4,4,70,9,5,0.10839009899999752,0.05300685699999974,Y,515
4,4,70,9,5,0.10984387099999537,0.07607198600000231,Y,528
4,4,70,9,5,0.1090551650000009,0.06024673699999994,Y,521
4,4,70,9,5,0.11033163099999399,0.08785935199999528,Y,519
4,4,70,9,5,0.10946277600000798,0.057181395000000634,Y,528
4,4,70,9,5,0.10943268400000505,0.06276957800000105,Y,526
3,2,70,9,5,0.060326824999997086,0.6672632990000054,Y,225
3,2,70,9,5,0.06012649800000247,0.3915001250000003,Y,226
3,2,70,9,5,0.059941778000002444,0.5029777839999952,Y,223
3,2,70,9,5,0.06003754799999683,0.6247975989999972,Y,225
3,2,70,9,5,0.05989495999999406,0.5823912419999999,Y,228
3,2,70,9,5,0.06000827300000111,0.47343873700000216,Y,224
3,2,70,9,5,0.06048293700000329,0.7293807010000037,Y,226
3,2,70,9,5,0.05977946400000178,0.6173231580000049,Y,226
3,2,70,9,5,0.06004961800000075,0.5078477960000001,Y,229
3,2,70,9,5,0.06075751899999915,0.43986556800000187,Y,223
2,3,70,9,5,0.07795362499999925,1.8352633419999904,Y,231
2,3,70,9,5,0.07629613200001018,1.8727574469999908,Y,229
2,3,70,9,5,0.07638803499999369,2.654092614999996,Y,225
2,3,70,9,5,0.07677514099999883,2.236891261999986,Y,230
2,3,70,9,5,0.07612535900000239,2.280736962000006,Y,228
2,3,70,9,5,0.07673732399999267,1.7561217330000005,Y,233
2,3,70,9,5,0.07652375300000358,1.7541982600000097,Y,229
2,3,70,9,5,0.07638863699999376,1.7382252450000095,Y,230
2,3,70,9,5,0.07651466300001175,2.354657451999998,Y,230
2,3,70,9,5,0.07662289500001407,2.208355893000004,Y,227
2,2,70,9,5,0.05655346199999656,5.248882069000004,Y,158
2,2,70,9,5,0.056879160000008255,5.98671897600002,Y,158
2,2,70,9,5,0.05850630499999454,5.475586211000007,Y,158
2,2,70,9,5,0.05697358399999075,4.3094471010000035,Y,160
2,2,70,9,5,0.05717494999998962,3.343076143999994,Y,158
2,2,70,9,5,0.05697157600000935,5.4477229450000095,Y,158
2,2,70,9,5,0.056609000999998216,5.773097428,Y,157
2,2,70,9,5,0.057077120000016635,4.594574994999988,Y,159
2,2,70,9,5,0.056921239000004675,4.034673792000007,Y,161
2,2,70,9,5,0.056994627999998215,3.2343311549999925,Y,161
12,12,80,9,5,0.47625218100000666,0.042729917000002615,Y,2992
12,12,80,9,5,0.47893040799999653,0.044061214999999265,Y,2993
12,12,80,9,5,0.4739947040000061,0.05630973099999892,Y,2954
12,12,80,9,5,0.47547846000000504,0.03244309600003703,Y,3001
12,12,80,9,5,0.47519700700001977,0.03046283300000141,Y,3007
12,12,80,9,5,0.47554676800001516,0.033096450000016375,Y,3005
12,12,80,9,5,0.47501285399999915,0.03986296100001141,Y,3013
12,12,80,9,5,0.4790893799999765,0.030694236000016417,Y,3019
12,12,80,9,5,0.4742628519999812,0.03349646800000983,Y,3014
12,12,80,9,5,0.47384424300000205,0.03363504300000386,Y,2989
12,8,80,9,5,0.3259254889999852,0.031119451000023446,Y,2029
12,8,80,9,5,0.32843030899999803,0.03342832499998849,Y,2062
12,8,80,9,5,0.32665208000000234,0.04578080699999987,Y,2034
12,8,80,9,5,0.3304872080000223,0.05381921900001885,Y,2050
12,8,80,9,5,0.3253255789999798,0.033512620999999854,Y,2031
12,8,80,9,5,0.3271140229999787,0.0532692959999963,Y,2046
12,8,80,9,5,0.325799988,0.048732563000015716,Y,2028
12,8,80,9,5,0.3270103280000001,0.02341453899998669,Y,2041
12,8,80,9,5,0.32589067400002136,0.04315844100000277,Y,2046
12,8,80,9,5,0.32943570599999816,0.03739046599997664,Y,2045
12,4,80,9,5,0.1684399140000039,0.03378974799997536,Y,1009
12,4,80,9,5,0.1680811409999876,0.04120640099998241,Y,1007
12,4,80,9,5,0.16826938700000937,0.03917321399998741,Y,1006
12,4,80,9,5,0.16854137499998956,0.02903631600000267,Y,1002
12,4,80,9,5,0.16811460399998168,0.04543399299998896,Y,1009
12,4,80,9,5,0.16974520900001266,0.034046319000026415,Y,1022
12,4,80,9,5,0.16829789599998435,0.0314219760000185,Y,1021
12,4,80,9,5,0.16932334899999546,0.02675558800001454,Y,1027
12,4,80,9,5,0.16917904199999612,0.03418072899998492,Y,1017
12,4,80,9,5,0.16850317399999426,0.03309505999999374,Y,1013
8,8,80,9,5,0.3118401910000159,0.045872362000011435,Y,1786
8,8,80,9,5,0.3117704880000076,0.03295586900000558,Y,1745
8,8,80,9,5,0.3091321920000212,0.04637641299999018,Y,1737
8,8,80,9,5,0.31102185699998586,0.02965796300003376,Y,1759
8,8,80,9,5,0.30984695699999065,0.03715333699997814,Y,1747
8,8,80,9,5,0.31159123599999816,0.04229429099999038,Y,1734
8,8,80,9,5,0.3095424699999967,0.035776311000006444,Y,1731
8,8,80,9,5,0.30932870100002674,0.04902399799999557,Y,1726
8,8,80,9,5,0.3097506740000142,0.06280116499999622,Y,1727
8,8,80,9,5,0.3111159299999997,0.041148441000018465,Y,1733
8,4,80,9,5,0.1621546290000424,0.04984664799999905,Y,886
8,4,80,9,5,0.1612169050000034,0.0448938120000264,Y,876
8,4,80,9,5,0.16296278500001904,0.049291435999975874,Y,874
8,4,80,9,5,0.16130063499997505,0.03234664500001827,Y,871
8,4,80,9,5,0.16128014899999243,0.05354380700001116,Y,878
8,4,80,9,5,0.161147131000007,0.04662473599998407,Y,871
8,4,80,9,5,0.1607042809999939,0.05146513699997968,Y,877
8,4,80,9,5,0.16187311699997053,0.04010661400002391,Y,883
8,4,80,9,5,0.16070849700000167,0.044898762000002534,Y,865
8,4,80,9,5,0.16093457099998432,0.04308254400001488,Y,862
4,4,80,9,5,0.14544417399997656,0.110658672999989,Y,595
4,4,80,9,5,0.146160038000005,0.06638173400000369,Y,584
4,4,80,9,5,0.14495647399999712,0.06846741599997586,Y,589
4,4,80,9,5,0.14447821099997782,0.13981494600000133,Y,586
4,4,80,9,5,0.14447709199998826,0.19799770500003433,Y,579
4,4,80,9,5,0.14450805500001707,0.14052939799998398,Y,580
4,4,80,9,5,0.1439179229999752,0.13094333099999744,Y,571
4,4,80,9,5,0.14419598099996733,0.119244832000021,Y,577
4,4,80,9,5,0.14458210099999746,0.1085295659999872,Y,580
4,4,80,9,5,0.14455773400001704,0.13714031799997883,Y,576
3,2,80,9,5,0.07640716200000952,1.4230027179999922,Y,236
3,2,80,9,5,0.07467625099999964,1.2687892280000028,Y,234
3,2,80,9,5,0.07459046599998942,1.4182965720000027,Y,230
3,2,80,9,5,0.07450287000000344,1.764192740000027,Y,228
3,2,80,9,5,0.07444134100001065,1.6998886109999773,Y,230
3,2,80,9,5,0.07448884300001168,1.4537974330000054,Y,232
3,2,80,9,5,0.07455414099999302,1.4416620460000047,Y,231
3,2,80,9,5,0.07429546599999526,1.9021102359999702,Y,229
3,2,80,9,5,0.07454738600003452,1.3384909119999975,Y,230
3,2,80,9,5,0.0745964900000331,1.1460487150000063,Y,232
2,3,80,9,5,0.10215494400003422,6.521534193999997,Y,251
2,3,80,9,5,0.10413082099998405,5.566582527999969,Y,249
2,3,80,9,5,0.10252878600002191,3.7809647519999885,Y,250
2,3,80,9,5,0.10195568800000387,5.785760355999997,Y,249
2,3,80,9,5,0.1024040629999945,5.814240196000014,Y,249
2,3,80,9,5,0.10262890500001731,5.778799300999992,Y,249
2,3,80,9,5,0.1024443539999993,3.566780434000009,Y,251
2,3,80,9,5,0.10264402600000722,6.160174038000008,Y,250
2,3,80,9,5,0.10357061199999862,5.238085933999997,Y,251
2,3,80,9,5,0.10209032800000273,6.058477097000036,Y,250
2,2,80,9,5,0.07084041800001728,15.002768730999975,Y,161
2,2,80,9,5,0.07291165600000227,22.884062852000028,Y,158
2,2,80,9,5,0.07101531799997929,12.427520900000047,Y,160
2,2,80,9,5,0.07114634000004116,13.909481927000002,Y,162
2,2,80,9,5,0.07121332200000552,9.066389741999956,Y,162
2,2,80,9,5,0.07149878599994963,23.75515242900002,Y,159
2,2,80,9,5,0.07082940800006554,12.636992488999965,Y,160
2,2,80,9,5,0.07087103299994624,21.386080275999973,Y,159
2,2,80,9,5,0.07095445199996675,11.139231178000045,Y,161
2,2,80,9,5,0.07100290599998971,13.439438737999978,Y,161
12,12,90,10,5,0.9125819760000695,0.056692138000073555,Y,3404
12,12,90,10,5,0.9153745209999897,0.06758957499999951,Y,3452
12,12,90,10,5,0.9114755909999985,0.046692178000000695,Y,3440
12,12,90,10,5,0.9112330649999762,0.05055185899999515,Y,3404
12,12,90,10,5,0.9096495759999925,0.06673577099996919,Y,3448
12,12,90,10,5,0.9137483979999956,0.05929830200000197,Y,3435
12,12,90,10,5,0.9079996410000035,0.05928074199994171,Y,3414
12,12,90,10,5,0.9212498380000511,0.06867816799996262,Y,3468
12,12,90,10,5,0.9135006670000507,0.059618279999938295,Y,3458
12,12,90,10,5,0.9171540060000325,0.05617685600003597,Y,3433
12,8,90,10,5,0.6165801879999435,0.060479356999962874,Y,2315
12,8,90,10,5,0.6143375400000082,0.0607226869999522,Y,2276
12,8,90,10,5,0.6125004689999969,0.05984506300001158,Y,2264
12,8,90,10,5,0.6165507520000801,0.07247920999998314,Y,2279
12,8,90,10,5,0.6174917079999886,0.05207069699997646,Y,2324
12,8,90,10,5,0.6150734160000297,0.061191731000008076,Y,2294
12,8,90,10,5,0.6140721119999739,0.0567958849999286,Y,2304
12,8,90,10,5,0.6158767850000118,0.057072629000060715,Y,2284
12,8,90,10,5,0.6116161869999814,0.05642538199998626,Y,2260
12,8,90,10,5,0.6169985169999563,0.051398757999947975,Y,2295
12,4,90,10,5,0.31852927199997794,0.055195006000019475,Y,1154
12,4,90,10,5,0.3204584159999513,0.05889840899999399,Y,1145
12,4,90,10,5,0.3157400680000251,0.05209859299998243,Y,1119
12,4,90,10,5,0.31641501000001426,0.06958155999996052,Y,1122
12,4,90,10,5,0.3158909480000034,0.05812420199998769,Y,1131
12,4,90,10,5,0.3169852879999553,0.06523692600006825,Y,1130
12,4,90,10,5,0.3174790650000432,0.0555326439999817,Y,1147
12,4,90,10,5,0.3210633529999427,0.06898275899999362,Y,1140
12,4,90,10,5,0.3203984000000446,0.06669281699993235,Y,1156
12,4,90,10,5,0.31947054900001604,0.0626608390000456,Y,1140
8,8,90,10,5,0.5875074250000694,0.08179301600000599,Y,1965
8,8,90,10,5,0.5908643929999471,0.07716691100000617,Y,1955
8,8,90,10,5,0.5875777139999059,0.08201387399998339,Y,1967
8,8,90,10,5,0.5868869800000311,0.0799452610000344,Y,1952
8,8,90,10,5,0.587051224999982,0.07258273100001134,Y,1963
8,8,90,10,5,0.5881091769999784,0.06914626499997212,Y,1951
8,8,90,10,5,0.5891893080000727,0.07186541200002239,Y,1959
8,8,90,10,5,0.5865148460000569,0.07920349500005841,Y,1932
8,8,90,10,5,0.5835793650000483,0.08145907700009047,Y,1914
8,8,90,10,5,0.5860726509999381,0.06972397399994179,Y,1928
8,4,90,10,5,0.3028201839999838,0.07671412500002361,Y,957
8,4,90,10,5,0.30275230000000874,0.05927822900002866,Y,966
8,4,90,10,5,0.30347435900006303,0.07368321800004196,Y,983
8,4,90,10,5,0.3054137999999966,0.07495689999996102,Y,970
8,4,90,10,5,0.30385196499997846,0.07353204599996843,Y,961
8,4,90,10,5,0.30351785599998493,0.07688242400007539,Y,978
8,4,90,10,5,0.30286981099999366,0.05669927700006383,Y,971
8,4,90,10,5,0.3022471089999499,0.06914914399993677,Y,965
8,4,90,10,5,0.30176515499999823,0.0808677389999275,Y,961
8,4,90,10,5,0.3031636700000604,0.07336333199998535,Y,952
4,4,90,10,5,0.2718348369999717,0.32787805899999967,Y,642
4,4,90,10,5,0.2719169619999775,0.2250726039999904,Y,655
4,4,90,10,5,0.2710665990000507,0.1874123700000041,Y,642
4,4,90,10,5,0.272986450000019,0.1909084629999711,Y,660
4,4,90,10,5,0.272213024999985,0.15223163299998532,Y,651
4,4,90,10,5,0.27306800799999564,0.18673353500003032,Y,640
4,4,90,10,5,0.2716190179999671,0.16837608000003002,Y,660
4,4,90,10,5,0.27137905199998613,0.13386481899993896,Y,648
4,4,90,10,5,0.2721167360000436,0.21987371800003075,Y,654
4,4,90,10,5,0.27172586599999704,0.1906027419999532,Y,645
3,2,90,10,5,0.14132625000002008,2.107193464999966,Y,259
3,2,90,10,5,0.13953557400003547,2.041046408999989,Y,257
3,2,90,10,5,0.13908923700000742,2.1687023849999605,Y,257
3,2,90,10,5,0.13847469800003864,2.466778350000027,Y,255
3,2,90,10,5,0.1389590069999258,1.9346549709999863,Y,258
3,2,90,10,5,0.13849237100004075,2.0296347140000535,Y,252
3,2,90,10,5,0.13884098599999106,2.537420262000012,Y,256
3,2,90,10,5,0.14038386600003605,2.3560544220000565,Y,256
3,2,90,10,5,0.13940553100002262,2.0028126919999636,Y,257
3,2,90,10,5,0.13887773699991612,2.32827153300002,Y,255
2,3,90,10,5,0.19149389099999325,10.570041013000036,Y,273
2,3,90,10,5,0.19386726900000895,9.396348379000017,Y,276
2,3,90,10,5,0.1943888889999812,8.194773940000061,Y,275
2,3,90,10,5,0.19561402600004385,9.202306431000011,Y,276
2,3,90,10,5,0.1919886490000522,10.437434285000052,Y,275
2,3,90,10,5,0.19228412900002922,9.285943318999955,Y,278
2,3,90,10,5,0.19199851099995158,9.108867532999966,Y,280
2,3,90,10,5,0.19194418600000063,8.564803931000029,Y,278
2,3,90,10,5,0.19400442599999224,8.295810065999945,Y,279
2,3,90,10,5,0.19184358300003623,8.390035995000062,Y,277
2,2,90,10,5,0.132833431999984,31.154564435999987,Y,179
2,2,90,10,5,0.13247460299999148,37.46070221100001,Y,177
2,2,90,10,5,0.13256649000004472,36.80410326100014,Y,178
2,2,90,10,5,0.13235367800007225,30.031111804000034,Y,179
2,2,90,10,5,0.13470359999996617,26.255842055000016,Y,180
2,2,90,10,5,0.13257905599994046,35.09154035599988,Y,179
2,2,90,10,5,0.13209773699998095,31.816753361999986,Y,178
2,2,90,10,5,0.13234264800007622,39.71032930000001,Y,177
2,2,90,10,5,0.13229068599991933,15.356996146000029,Y,178
2,2,90,10,5,0.13243181699999695,28.53178711399994,Y,178
12,12,100,10,5,1.1477115770001092,0.06835931600005551,Y,3771
12,12,100,10,5,1.1479645520000759,0.07065538100005142,Y,3821
12,12,100,10,5,1.1452580379999517,0.07549456099991403,Y,3819
12,12,100,10,5,1.1490343970000367,0.11030961300002673,Y,3826
12,12,100,10,5,1.1442358700001023,0.09216207800011489,Y,3791
12,12,100,10,5,1.154052583000066,0.06618548500011912,Y,3852
12,12,100,10,5,1.146428642999922,0.09196384599999874,Y,3817
12,12,100,10,5,1.1471089019999,0.08401548799997727,Y,3790
12,12,100,10,5,1.1498452849998557,0.07741158299995732,Y,3828
12,12,100,10,5,1.1458587949998673,0.08760516699999243,Y,3788
12,8,100,10,5,0.7688767189998771,0.09257966399991346,Y,2532
12,8,100,10,5,0.772144744000002,0.0784563510001135,Y,2549
12,8,100,10,5,0.7657826530000875,0.07932418899997629,Y,2507
12,8,100,10,5,0.767798743999947,0.09766133300001911,Y,2529
12,8,100,10,5,0.7672063910000588,0.08265943200001402,Y,2501
12,8,100,10,5,0.7721582860000353,0.08389069500003643,Y,2518
12,8,100,10,5,0.7684844260001,0.0770901479999111,Y,2526
12,12,200,15,8,5.047173554,0.944644386999999,Y,7751
12,12,200,15,8,5.041284787000001,0.9437181590000012,Y,7716
12,12,200,15,8,5.023535127999999,0.9233522189999963,Y,7736
12,12,200,15,8,5.024725128999997,0.9549652929999972,Y,7728
12,12,200,15,8,5.031495706000001,0.9572885450000044,Y,7730
12,12,200,15,8,5.006346834999995,0.7383733260000085,Y,7690
12,12,200,15,8,5.031303469000001,0.7351767499999937,Y,7717
12,12,200,15,8,5.004224111999996,0.976417129000005,Y,7693
12,12,200,15,8,5.023733388000004,0.9977815259999971,Y,7732
12,12,200,15,8,4.9967277800000005,1.052346225000008,Y,7695
12,8,200,15,8,3.3983733390000026,1.2687993479999946,Y,5195
12,8,200,15,8,3.384020616000001,0.8318785940000168,Y,5174
12,8,200,15,8,3.4177019549999983,1.0183951110000038,Y,5245
12,8,200,15,8,3.4062747960000053,0.8827993479999776,Y,5253
12,8,200,15,8,3.410057924,0.8040484320000019,Y,5172
12,8,200,15,8,3.3911698500000114,1.0949109559999926,Y,5187
12,8,200,15,8,3.39207644199999,0.7483809750000034,Y,5187
12,8,200,15,8,3.394303829999984,0.8130522850000119,Y,5185
12,8,200,15,8,3.397012753999988,0.7010453200000057,Y,5199
12,8,200,15,8,3.3922864660000016,1.064260546000014,Y,5202
12,4,200,15,8,1.775010064,0.715779375000011,Y,2655
12,4,200,15,8,1.779578038000011,0.784939339999994,Y,2686
12,4,200,15,8,1.7737146439999947,0.7851361550000178,Y,2649
12,4,200,15,8,1.7685785950000081,0.7499014680000187,Y,2636
12,4,200,15,8,1.770603422999983,0.8853568469999828,Y,2651
12,4,200,15,8,1.7730608539999935,0.7702654879999926,Y,2664
12,4,200,15,8,1.773426606000001,0.979478561999997,Y,2654
12,4,200,15,8,1.7714850349999836,0.745777013999998,Y,2651
12,4,200,15,8,1.7728876249999956,0.9262556169999954,Y,2666
12,4,200,15,8,1.7758355609999938,0.9589289759999957,Y,2669
8,8,200,15,8,3.1716757209999855,1.301120533000045,Y,4198
8,8,200,15,8,3.183028836000034,1.0648759830000074,Y,4226
8,8,200,15,8,3.183325260999993,1.0045110359999967,Y,4222
8,8,200,15,8,3.172023752000001,1.0881170629999986,Y,4190
8,8,200,15,8,3.1851862869999934,1.2850981029999957,Y,4191
8,8,200,15,8,3.1776833469999985,1.0907776699999943,Y,4171
8,8,200,15,8,3.160469631000012,0.8923379690000104,Y,4125
8,8,200,15,8,3.198646071999974,1.1184979849999763,Y,4233
8,8,200,15,8,3.173182806,1.1637043819999917,Y,4173
8,8,200,15,8,3.179957893999955,1.0255545940000275,Y,4200
8,4,200,15,8,1.6556436609999707,1.1582650679999915,Y,2122
8,4,200,15,8,1.6639913809999882,1.215296670000015,Y,2159
8,4,200,15,8,1.6565701920000038,1.0642046629999982,Y,2130
8,4,200,15,8,1.6586767879999798,1.0177950980000219,Y,2140
8,4,200,15,8,1.653755172999979,1.1507067469999868,Y,2126
8,4,200,15,8,1.6599428439999713,1.0867787169999872,Y,2154
8,4,200,15,8,1.6624596209999822,1.291358062000029,Y,2157
8,4,200,15,8,1.663851373,0.9466117719999829,Y,2164
8,4,200,15,8,1.65593771500005,1.2051095980000355,Y,2147
8,4,200,15,8,1.662190288000005,1.2177792059999888,Y,2136
4,4,200,15,8,1.463222222999974,16.431650727000005,Y,1271
4,4,200,15,8,1.4599944919999928,22.962086734000025,Y,1260
4,4,200,15,8,1.4601769329999854,16.96254480800002,Y,1267
4,4,200,15,8,1.462662206999994,15.643893883000032,Y,1269
4,4,200,15,8,1.4680046679999919,17.482594086000063,Y,1282
4,4,200,15,8,1.4726888000000145,14.928025993999995,Y,1279
4,4,200,15,8,1.4636215369999377,15.473430361000112,Y,1277
4,4,200,15,8,1.461599028999899,17.04402044599999,Y,1266
4,4,200,15,8,1.4588032080000062,15.417141446000016,Y,1261
4,4,200,15,8,1.4652718859999823,14.344535946999997,Y,1284
3,2,200,15,8,0.7389065569989839,8429.548023614998,Y,488
3,2,200,15,8,0.7385516129979806,5980.332626883999,Y,491
3,2,200,15,8,0.7413923459989746,22456.660852315996,Y,486
3,2,200,15,8,0.735094190997188,24711.643443080997,Y,490
3,2,200,15,8,0.7393089719989803,29426.03926597099,Y,489
3,2,200,15,8,0.7373443029937334,7449.962628517984,Y,494
3,2,200,15,8,0.7371761890099151,8045.568426705009,Y,490
12,12,300,18,9,15.814789181999998,1.802086198999998,Y,11211
12,12,300,18,9,15.795256088999992,1.9183122970000035,Y,11237
12,12,300,18,9,15.693018662999997,1.9737578950000056,Y,11181
12,12,300,18,9,15.748717134999985,2.266078395000001,Y,11203
12,12,300,18,9,15.68536648600002,1.9913557800000063,Y,11193
12,12,300,18,9,15.771909401999991,2.1565652239999906,Y,11199
12,12,300,18,9,15.762536285999985,2.3221506550000157,Y,11182
12,12,300,18,9,15.727123409999976,2.242642074999992,Y,11191
12,12,300,18,9,15.690606938999991,2.0078094779999844,Y,11229
12,12,300,18,9,15.782901811000016,2.127194080999999,Y,11202
12,12,400,20,10,35.10841089899998,4.5894376829999715,Y,14019
12,12,400,20,10,35.216781499000064,4.7093755380000175,Y,14080
12,12,400,20,10,35.148656864000145,4.489649444000122,Y,13997
12,12,400,20,10,35.24681532300002,4.455639026999961,Y,14029
12,12,400,20,10,35.08542228699986,4.643059413000117,Y,14010
12,12,400,20,10,35.17192223600006,4.664119373999995,Y,14041
12,12,400,20,10,35.088915944000064,4.4542004829999655,Y,14035
12,12,400,20,10,35.129858591000016,4.310844072999998,Y,14018
12,12,400,20,10,35.143928344999836,4.443296932000067,Y,13985
12,12,400,20,10,35.31015856900012,4.691587882000135,Y,14111
12,12,500,23,12,56.2327604850002,7.9627972429999545,Y,17393
12,12,500,23,12,56.12738815799992,7.689869098000031,Y,17373
12,12,500,23,12,56.16382488499994,8.370664217000126,Y,17298
12,12,500,23,12,56.10128663099988,7.673181440999883,Y,17310
12,12,500,23,12,56.08850341300001,8.810557129000017,Y,17270
12,12,500,23,12,56.18131703899985,8.080906620000064,Y,17296
12,12,500,23,12,56.25166293599989,8.545986600999981,Y,17336
12,12,500,23,12,56.24409278100006,8.658151064999856,Y,17440
12,12,500,23,12,56.24160259499968,7.4141594289999375,Y,17353
12,12,500,23,12,56.73320977100002,8.582294107000052,Y,17265
12,8,300,18,9,10.664917677000176,2.0482442570000785,Y,7450
12,8,300,18,9,10.583483318000162,2.10133077699993,Y,7434
12,8,300,18,9,10.545911949000356,2.4180740510003034,Y,7471
12,8,300,18,9,10.596229349000168,1.9764034939998965,Y,7500
12,8,300,18,9,10.512111895999851,2.1946965100003126,Y,7384
12,8,300,18,9,10.586019740999973,2.3617047369998545,Y,7477
12,8,300,18,9,10.570603284000072,2.194094998999617,Y,7530
12,8,300,18,9,10.527341144000047,1.8895263069998691,Y,7444
12,8,300,18,9,10.545643800000107,2.1578506339997148,Y,7487
12,8,300,18,9,10.581993544999932,2.2361770589996013,Y,7491
12,8,400,20,10,23.593794954000032,4.357431239000107,Y,9383
12,8,400,20,10,23.59251446600024,4.268541589999813,Y,9336
12,8,400,20,10,23.46583486800023,4.727367799999911,Y,9313
12,8,400,20,10,23.620305708999922,4.827936279000141,Y,9335
12,8,400,20,10,23.585360925000032,4.598949574000017,Y,9375
12,8,400,20,10,23.60734367000032,4.7800773550002305,Y,9372
12,8,400,20,10,23.982425123999747,4.362926749999815,Y,9310
12,8,400,20,10,23.528704801999993,4.594506302000127,Y,9307
12,8,400,20,10,23.52390770700049,4.4997363519999,Y,9328
12,8,400,20,10,23.640558242000452,4.63256204600043,Y,9353
12,8,500,23,12,37.596021686000086,8.243143836000172,Y,11577
12,8,500,23,12,37.70779706700023,7.316045683000084,Y,11537
12,8,500,23,12,37.51998097199953,7.887829889000386,Y,11540
12,8,500,23,12,37.753291424000054,8.087605147000204,Y,11525
12,8,500,23,12,37.557758870999805,8.62580036700001,Y,11539
12,8,500,23,12,37.68303015499987,8.94959406099997,Y,11537
12,8,500,23,12,37.536669212000334,7.282836038999903,Y,11482
12,8,500,23,12,37.67291356700025,8.108808259999932,Y,11605
12,8,500,23,12,37.74540113599983,9.31508817100007,Y,11581
12,8,500,23,12,37.70012639999959,7.803991664000478,Y,11576
12,4,300,18,9,5.37681143699956,2.3797288339997067,Y,3750
12,4,300,18,9,5.389682443999391,2.66137161000006,Y,3750
12,4,300,18,9,5.361069597999631,2.0419950350001272,Y,3700
12,4,300,18,9,5.3913245820003795,2.165003580999837,Y,3759
12,4,300,18,9,5.375395471000047,2.2370841279998785,Y,3742
12,4,300,18,9,5.375595736999912,2.3988349199998993,Y,3740
12,4,300,18,9,5.340835329000129,2.492299885999273,Y,3672
12,4,300,18,9,5.394560427999295,2.0036820669997724,Y,3737
12,4,300,18,9,5.36171202200012,2.1431796029996804,Y,3727
12,4,300,18,9,5.372549625000374,2.3973997120001513,Y,3695
12,4,400,20,10,11.96397454099997,5.599836177999805,Y,4684
12,4,400,20,10,11.954085002000284,6.140937451999889,Y,4638
12,4,400,20,10,11.97126111199941,5.788808041000266,Y,4686
12,4,400,20,10,12.066400755999894,7.1819578129993715,Y,4648
12,4,400,20,10,11.971076287000415,5.882203312999991,Y,4685
12,4,400,20,10,11.994069390999812,5.396501946000626,Y,4698
12,4,400,20,10,12.026926097999876,4.3795170820008025,Y,4736
12,4,400,20,10,11.982375319999846,5.245800777000113,Y,4689
12,4,400,20,10,11.969532771000104,5.38322951400005,Y,4716
12,4,400,20,10,11.964753272000053,5.358772873999442,Y,4666
12,4,500,23,12,19.060518373999003,12.111284368000724,Y,5790
12,4,500,23,12,19.101762242000405,11.281978304999939,Y,5797
12,4,500,23,12,19.030954921000102,11.277528110000276,Y,5790
12,4,500,23,12,19.205208333999508,9.732074500000635,Y,5828
12,4,500,23,12,19.02682711100033,11.4053684229998,Y,5761
12,4,500,23,12,19.12933326000075,12.030234931999985,Y,5763
12,4,500,23,12,19.213343095999335,11.986925855999743,Y,5788
12,4,500,23,12,19.25711341099941,12.387316050999289,Y,5747
12,4,500,23,12,19.160472560000017,11.486032614000123,Y,5745
12,4,500,23,12,19.207093993999933,10.337386926999898,Y,5768
8,8,300,18,9,9.823823441000059,2.550544415999866,Y,5774
8,8,300,18,9,9.849804447999759,2.676679891999811,Y,5747
8,8,300,18,9,9.875317608999467,2.5110453420006706,Y,5834
8,8,300,18,9,9.846555961999911,2.4378856679995806,Y,5827
8,8,300,18,9,9.770713019999675,2.2620233739999094,Y,5794
8,8,300,18,9,9.816314782000063,2.7066606349999347,Y,5800
8,8,300,18,9,9.777843320999182,2.1966837669997403,Y,5808
8,8,300,18,9,9.816460865999943,2.25375291499995,Y,5792
8,8,300,18,9,9.790340367000226,2.205684186000326,Y,5783
8,8,300,18,9,9.819103928999539,2.392782229000204,Y,5799
8,8,400,20,10,21.840130581000267,8.504673854999965,Y,7072
8,8,400,20,10,21.82754126900045,5.64541001499947,Y,7068
8,8,400,20,10,21.84728674900134,6.868735944999571,Y,7053
8,8,400,20,10,21.896159036999506,7.713997106000079,Y,7076
8,8,400,20,10,21.79087816299989,8.874129695000192,Y,7055
8,8,400,20,10,21.847296391000782,8.353836328999478,Y,7064
8,8,400,20,10,21.825181679000707,4.962030184000469,Y,7080
8,8,400,20,10,21.81457184799956,8.299706017999597,Y,6977
8,8,400,20,10,21.77779791200055,7.102250455999638,Y,7033
8,8,400,20,10,21.868403963999754,7.49523630900012,Y,7056
8,8,500,23,12,34.734172246000526,14.255408344000443,Y,8572
8,8,500,23,12,34.78444061900018,12.97608939599968,Y,8589
8,8,500,23,12,34.795225662999655,14.443798630999481,Y,8621
8,8,500,23,12,34.87460969800031,14.70922100200005,Y,8613
8,8,500,23,12,34.80112941800007,14.415990057999807,Y,8637
8,8,500,23,12,34.82745855100029,15.200590658999772,Y,8592
8,8,500,23,12,34.804232604999925,11.911852509999335,Y,8610
8,8,500,23,12,34.77867627999967,14.29014552100034,Y,8554
8,8,500,23,12,34.73391739899989,12.920073470999796,Y,8595
8,8,500,23,12,34.843864166,13.4048890629997,Y,8622
8,4,300,18,9,5.042742555000132,4.835391248999713,Y,2911
8,4,300,18,9,5.033931840999685,4.227625529999841,Y,2906
8,4,300,18,9,4.994504488000075,4.2920452050002496,Y,2882
8,4,300,18,9,5.016744786999425,5.367190424999535,Y,2909
8,4,300,18,9,5.106831811999655,4.036377083999923,Y,2895
8,4,300,18,9,5.107674194000538,3.5680900890001794,Y,2896
8,4,300,18,9,4.988236913000037,3.5423934420009573,Y,2903
8,4,300,18,9,5.006357680999827,3.9258783700001914,Y,2912
8,4,300,18,9,4.990316273000644,3.8699790329997086,Y,2899
8,4,300,18,9,4.998207113000262,4.081478833999881,Y,2901
8,4,400,20,10,11.081137450999904,16.726978102999965,Y,3517
8,4,400,20,10,11.12434421800026,17.53154473099994,Y,3522
8,4,400,20,10,11.076997668999866,18.20035585000005,Y,3518
8,4,400,20,10,11.125750275999508,14.691205166000145,Y,3552
8,4,400,20,10,11.064239883000027,25.546285663999697,Y,3511
8,4,400,20,10,11.10515293700064,15.62055965000036,Y,3522
8,4,400,20,10,11.099432571999387,19.87203793000026,Y,3510
8,4,400,20,10,11.119533159000184,19.1610538179998,Y,3513
8,4,400,20,10,11.060898476000148,21.718525335999857,Y,3509
8,4,400,20,10,11.116864895000163,27.999692646999847,Y,3527
8,4,500,23,12,17.632495959000607,63.11150079399977,Y,4289
8,4,500,23,12,17.702260852001018,57.941923336999935,Y,4310
8,4,500,23,12,17.63040388599984,59.52833474799991,Y,4313
8,4,500,23,12,17.639166595998176,59.1961989729989,Y,4294
8,4,500,23,12,17.623728103999383,54.21790100799899,Y,4291
8,4,500,23,12,17.72030608499972,57.673074745999656,Y,4301
8,4,500,23,12,17.633414846999585,57.834790205999525,Y,4315
8,4,500,23,12,17.682817883001007,52.840379509998456,Y,4295
8,4,500,23,12,17.613331471999118,61.542955985000845,Y,4296
8,4,500,23,12,17.66597668900158,63.707804126000156,Y,4285
4,4,300,18,9,4.414778050999303,151.11561256999994,Y,1629
4,4,300,18,9,4.42500785700031,121.62058683400028,Y,1632
4,4,300,18,9,4.406705731999864,99.17790882299869,Y,1629
4,4,300,18,9,4.420530866001172,105.76463148699986,Y,1636
4,4,300,18,9,4.405138223000904,107.61964598299983,Y,1631
4,4,300,18,9,4.412418918000185,85.6759811180018,Y,1632
4,4,300,18,9,4.408586822999496,115.6488703440018,Y,1633
4,4,300,18,9,4.4198988830003145,96.80735382700004,Y,1630
4,4,300,18,9,4.417540084999928,115.38649757000076,Y,1633
4,4,300,18,9,4.414147295999101,98.69173429699913,Y,1631