c,d,n,k,r,gen_time,solve_time,valid,sel_len
12,12,10,4,2,0.0023877570000000042,0.00010137099999999594,Y,254
12,12,10,4,2,0.002173491999999999,8.914699999999776e-05,Y,252
12,12,10,4,2,0.0021765870000000007,9.160199999999619e-05,Y,252
12,12,10,4,2,0.002177688000000004,8.956400000000031e-05,Y,260
12,12,10,4,2,0.0021693159999999975,8.956699999999873e-05,Y,258
12,12,10,4,2,0.002193160999999999,9.037399999999723e-05,Y,261
12,12,10,4,2,0.002186346999999998,9.057099999999763e-05,Y,259
12,12,10,4,2,0.002136915000000003,8.869499999999975e-05,Y,248
12,12,10,4,2,0.002167273999999997,9.562200000000354e-05,Y,257
12,12,10,4,2,0.0021513629999999895,9.296999999999778e-05,Y,253
12,8,10,4,2,0.0015796599999999966,8.754899999999233e-05,Y,173
12,8,10,4,2,0.0015963179999999993,8.78549999999978e-05,Y,176
12,8,10,4,2,0.0015803100000000014,8.480900000000513e-05,Y,173
12,8,10,4,2,0.0015912109999999952,8.649500000000587e-05,Y,174
12,8,10,4,2,0.0015728309999999968,8.816400000000169e-05,Y,168
12,8,10,4,2,0.0016153459999999897,8.906899999999718e-05,Y,172
12,8,10,4,2,0.0015879490000000052,8.77479999999986e-05,Y,174
12,8,10,4,2,0.001567854999999993,8.718700000000246e-05,Y,169
12,8,10,4,2,0.001595456000000009,8.8170999999998e-05,Y,173
12,8,10,4,2,0.0015886759999999972,8.540800000000903e-05,Y,178
12,4,10,4,2,0.0010118050000000045,8.661299999999927e-05,Y,92
12,4,10,4,2,0.0010144630000000071,8.40750000000029e-05,Y,91
12,4,10,4,2,0.001006725,8.443000000001033e-05,Y,88
12,4,10,4,2,0.0010223889999999985,8.282400000000911e-05,Y,96
12,4,10,4,2,0.0010247240000000046,8.314400000000721e-05,Y,95
12,4,10,4,2,0.0010079710000000103,8.277499999999327e-05,Y,91
12,4,10,4,2,0.001009742000000008,8.463699999999852e-05,Y,91
12,4,10,4,2,0.0010079700000000108,8.285200000000825e-05,Y,90
12,4,10,4,2,0.0010125980000000034,8.424599999999616e-05,Y,92
12,4,10,4,2,0.000997216000000009,8.702300000000551e-05,Y,89
8,8,10,4,2,0.001564062000000005,9.24469999999955e-05,Y,161
8,8,10,4,2,0.0015641369999999932,8.578300000000594e-05,Y,166
8,8,10,4,2,0.0015664449999999996,8.794000000000857e-05,Y,167
8,8,10,4,2,0.001574190000000003,8.826300000000509e-05,Y,170
8,8,10,4,2,0.0015747879999999936,8.534500000000056e-05,Y,168
8,8,10,4,2,0.0015752140000000053,8.853699999999964e-05,Y,166
8,8,10,4,2,0.0015378160000000113,8.874999999999855e-05,Y,155
8,8,10,4,2,0.0015797790000000034,8.661899999999612e-05,Y,171
8,8,10,4,2,0.0015732420000000025,8.774599999999966e-05,Y,169
8,8,10,4,2,0.0015962860000000023,8.827999999999614e-05,Y,164
8,4,10,4,2,0.0009993749999999968,8.7170999999997e-05,Y,85
8,4,10,4,2,0.0009970460000000014,8.756300000001271e-05,Y,88
8,4,10,4,2,0.0010123449999999978,8.774100000000229e-05,Y,90
8,4,10,4,2,0.0009891000000000205,8.690900000002388e-05,Y,82
8,4,10,4,2,0.0010080919999999882,8.49689999999903e-05,Y,90
8,4,10,4,2,0.001018192000000001,8.863399999997634e-05,Y,91
8,4,10,4,2,0.0009948389999999974,8.622800000002151e-05,Y,85
8,4,10,4,2,0.0010205099999999745,8.428800000001568e-05,Y,92
8,4,10,4,2,0.0009854340000000072,8.652100000000607e-05,Y,80
8,4,10,4,2,0.0010051359999999898,8.513800000001237e-05,Y,90
4,4,10,4,2,0.0009947299999999992,8.5476000000001e-05,Y,84
4,4,10,4,2,0.0010001169999999948,8.48910000000036e-05,Y,82
4,4,10,4,2,0.0009692510000000043,8.768000000000664e-05,Y,74
4,4,10,4,2,0.0009758910000000065,8.7332999999995e-05,Y,75
4,4,10,4,2,0.000987087999999997,8.713699999998714e-05,Y,79
4,4,10,4,2,0.0009715640000000081,8.47580000000181e-05,Y,74
4,4,10,4,2,0.000961746999999985,8.67330000000055e-05,Y,70
4,4,10,4,2,0.0009595829999999861,8.89500000000043e-05,Y,68
4,4,10,4,2,0.000971136999999983,8.708399999998728e-05,Y,72
4,4,10,4,2,0.0009878029999999816,8.46780000000047e-05,Y,80
3,2,10,4,2,0.0006657360000000001,8.554799999999085e-05,Y,35
3,2,10,4,2,0.000668578000000003,9.018799999999105e-05,Y,33
3,2,10,4,2,0.0006766300000000114,8.383099999997867e-05,Y,39
3,2,10,4,2,0.0006653650000000011,8.369699999999369e-05,Y,35
3,2,10,4,2,0.0006662090000000009,8.842900000000098e-05,Y,36
3,2,10,4,2,0.0006669950000000036,8.55249999999752e-05,Y,37
3,2,10,4,2,0.0006791180000000063,8.401700000001955e-05,Y,39
3,2,10,4,2,0.0006740959999999852,0.00010159800000000829,Y,38
3,2,10,4,2,0.0006610060000000195,9.004299999998411e-05,Y,33
3,2,10,4,2,0.0006685429999999937,8.744999999998893e-05,Y,36
2,3,10,4,2,0.0007710599999999901,9.822100000000944e-05,Y,41
2,3,10,4,2,0.0007673019999999975,9.391699999999892e-05,Y,43
2,3,10,4,2,0.0007710009999999934,9.0971000000023e-05,Y,43
2,3,10,4,2,0.0007708089999999834,9.624599999999428e-05,Y,46
2,3,10,4,2,0.0007753530000000064,9.086199999999711e-05,Y,43
2,3,10,4,2,0.0007684550000000012,9.393899999998734e-05,Y,43
2,3,10,4,2,0.0007714659999999984,9.005100000000765e-05,Y,44
2,3,10,4,2,0.000770090000000001,9.879400000001315e-05,Y,42
2,3,10,4,2,0.0007627090000000003,9.437200000000923e-05,Y,40
2,3,10,4,2,0.0007690790000000058,0.00011175800000001734,Y,42
2,2,10,4,2,0.0006537169999999981,9.842100000001519e-05,Y,31
2,2,10,4,2,0.0006620960000000009,9.33540000000177e-05,Y,31
2,2,10,4,2,0.0006743079999999846,9.218399999999516e-05,Y,29
2,2,10,4,2,0.0006572200000000139,8.616200000000074e-05,Y,30
2,2,10,4,2,0.0006519859999999933,9.588999999998737e-05,Y,28
2,2,10,4,2,0.0006634970000000129,8.969600000000022e-05,Y,30
2,2,10,4,2,0.000655702000000008,9.228000000000014e-05,Y,30
2,2,10,4,2,0.000653767999999999,8.636300000000596e-05,Y,30
2,2,10,4,2,0.000649282000000001,8.77669999999886e-05,Y,28
2,2,10,4,2,0.0006552900000000028,8.861000000001673e-05,Y,31
12,12,20,5,3,0.009905598000000015,0.0005033710000000025,Y,615
12,12,20,5,3,0.009998231000000024,0.000658598999999982,Y,623
12,12,20,5,3,0.009815620999999997,0.000518368000000019,Y,624
12,12,20,5,3,0.009756850999999983,0.000595557999999996,Y,620
12,12,20,5,3,0.009741425999999997,0.0005883180000000043,Y,604
12,12,20,5,3,0.009835415000000014,0.0005606520000000226,Y,616
12,12,20,5,3,0.009761887999999996,0.0005705420000000072,Y,615
12,12,20,5,3,0.009818038000000029,0.0005307070000000191,Y,626
12,12,20,5,3,0.009716414000000007,0.00046966700000000694,Y,612
12,12,20,5,3,0.009851947000000028,0.0005992660000000427,Y,618
12,8,20,5,3,0.006800521000000004,0.0005673419999999707,Y,418
12,8,20,5,3,0.006822724000000002,0.0005927090000000246,Y,409
12,8,20,5,3,0.006779908999999973,0.0004861580000000143,Y,416
12,8,20,5,3,0.006735406999999971,0.000502062999999997,Y,403
12,8,20,5,3,0.006646496000000002,0.000518140999999972,Y,393
12,8,20,5,3,0.006756847999999982,0.0005984850000000375,Y,408
12,8,20,5,3,0.006682840999999995,0.0005863379999999641,Y,398
12,8,20,5,3,0.006778651000000024,0.0004706220000000316,Y,414
12,8,20,5,3,0.006810929000000021,0.0004992580000000024,Y,423
12,8,20,5,3,0.006713711000000011,0.0005386880000000094,Y,406
12,4,20,5,3,0.0037250819999999907,0.0005677199999999938,Y,208
12,4,20,5,3,0.0037836480000000283,0.0004881339999999734,Y,204
12,4,20,5,3,0.003701494999999999,0.0005969939999999618,Y,203
12,4,20,5,3,0.003748000000000029,0.0004693040000000037,Y,211
12,4,20,5,3,0.003716745999999993,0.0005164670000000204,Y,204
12,4,20,5,3,0.003762553000000002,0.0005838969999999999,Y,209
12,4,20,5,3,0.003717921000000013,0.0005143690000000145,Y,203
12,4,20,5,3,0.003776624999999978,0.0005601479999999825,Y,205
12,4,20,5,3,0.003704980999999996,0.00045617600000003034,Y,198
12,4,20,5,3,0.0036988330000000125,0.0005022940000000142,Y,197
8,8,20,5,3,0.0066356280000000045,0.0004885949999999806,Y,383
8,8,20,5,3,0.00659352799999996,0.0004510849999999622,Y,379
8,8,20,5,3,0.006622474999999961,0.0004185449999999924,Y,378
8,8,20,5,3,0.006631639999999994,0.0005370610000000053,Y,380
8,8,20,5,3,0.006588030999999994,0.0005747099999999783,Y,376
8,8,20,5,3,0.006629019000000014,0.0004813830000000019,Y,386
8,8,20,5,3,0.00665659399999996,0.0006927620000000134,Y,389
8,8,20,5,3,0.0066118649999999946,0.0006246249999999898,Y,381
8,8,20,5,3,0.006638176000000051,0.0005608180000000185,Y,376
8,8,20,5,3,0.00659810700000002,0.0006028869999999964,Y,384
8,4,20,5,3,0.0036739270000000213,0.0005891659999999188,Y,194
8,4,20,5,3,0.0036869929999999718,0.0006270749999999214,Y,195
8,4,20,5,3,0.003626538999999984,0.0004983849999999901,Y,185
8,4,20,5,3,0.003663419999999973,0.0007075300000000118,Y,192
8,4,20,5,3,0.0036711489999999847,0.0006529470000000703,Y,194
8,4,20,5,3,0.0036509949999999902,0.0005272710000000513,Y,190
8,4,20,5,3,0.003645407000000045,0.0005291600000000285,Y,191
8,4,20,5,3,0.0036890500000000825,0.0005540460000000857,Y,198
8,4,20,5,3,0.003642253999999956,0.0006125250000000859,Y,189
8,4,20,5,3,0.0036659470000000027,0.0004576870000000399,Y,190
4,4,20,5,3,0.003469692999999996,0.0007284499999999916,Y,145
4,4,20,5,3,0.0034808109999999726,0.0007386879999999874,Y,152
4,4,20,5,3,0.003547462999999973,0.0007045830000000919,Y,165
4,4,20,5,3,0.0035470979999999708,0.0006314940000000657,Y,153
4,4,20,5,3,0.003466191999999979,0.0006109709999999602,Y,150
4,4,20,5,3,0.0035193709999999934,0.0005214540000000323,Y,160
4,4,20,5,3,0.003474564999999985,0.0005197249999999709,Y,153
4,4,20,5,3,0.0034903490000000037,0.0005269509999999977,Y,152
4,4,20,5,3,0.003512066999999952,0.0008047459999999118,Y,154
4,4,20,5,3,0.0035187869999999677,0.0005179859999999703,Y,159
3,2,20,5,3,0.0021584759999999648,0.0006726049999999928,Y,70
3,2,20,5,3,0.002146051000000093,0.000704637000000008,Y,68
3,2,20,5,3,0.0021316289999999682,0.00067941699999996,Y,66
3,2,20,5,3,0.002116818000000076,0.000881690000000046,Y,67
3,2,20,5,3,0.002104090000000003,0.0009133869999999877,Y,62
3,2,20,5,3,0.0021513669999999596,0.0006871150000000714,Y,72
3,2,20,5,3,0.00214578700000001,0.0007958630000000078,Y,70
3,2,20,5,3,0.002135802999999936,0.0006932870000000424,Y,71
3,2,20,5,3,0.0021451479999999856,0.0007179920000000006,Y,70
3,2,20,5,3,0.002139942000000006,0.0010906769999999844,Y,68
2,3,20,5,3,0.0026639459999999726,0.000876148000000021,Y,77
2,3,20,5,3,0.0026749109999999465,0.000955253999999961,Y,81
2,3,20,5,3,0.0026813319999999807,0.0009029070000000639,Y,80
2,3,20,5,3,0.0026617920000000517,0.001105052999999967,Y,77
2,3,20,5,3,0.0026865019999999795,0.0009777530000000256,Y,83
2,3,20,5,3,0.0026578729999999773,0.0010350430000000133,Y,78
2,3,20,5,3,0.002683477999999906,0.0009226399999999746,Y,80
2,3,20,5,3,0.002658445999999981,0.0008923129999999224,Y,77
2,3,20,5,3,0.0026550010000000457,0.0011544799999999578,Y,79
2,3,20,5,3,0.0026709179999999666,0.0010369210000000795,Y,80
2,2,20,5,3,0.0020744950000000095,0.0009289710000000007,Y,53
2,2,20,5,3,0.0020816120000000105,0.0014590049999999577,Y,53
2,2,20,5,3,0.002052744999999967,0.0009780820000000467,Y,51
2,2,20,5,3,0.0020687999999999818,0.0008972730000000873,Y,55
2,2,20,5,3,0.002071154999999991,0.0010712050000000195,Y,55
2,2,20,5,3,0.00206022699999997,0.001162664000000091,Y,52
2,2,20,5,3,0.0020814630000000056,0.0009514379999999711,Y,55
2,2,20,5,3,0.002067307000000018,0.0009030979999999911,Y,53
2,2,20,5,3,0.0020795080000000077,0.0009897749999999705,Y,58
2,2,20,5,3,0.0020433519999999428,0.0009634739999999642,Y,51
12,12,30,6,3,0.04777752699999993,0.0018999249999999135,Y,1009
12,12,30,6,3,0.04819176700000005,0.002251973000000018,Y,1019
12,12,30,6,3,0.04732241200000009,0.002412857000000046,Y,1003
12,12,30,6,3,0.04929846199999999,0.0026635309999999413,Y,1009
12,12,30,6,3,0.047841900999999964,0.002209754000000008,Y,1004
12,12,30,6,3,0.04822362899999999,0.002019066000000014,Y,1022
12,12,30,6,3,0.04762197000000001,0.0022431649999998804,Y,992
12,12,30,6,3,0.048037308000000056,0.002909637999999992,Y,1018
12,12,30,6,3,0.04820747300000017,0.002245960999999852,Y,1009
12,12,30,6,3,0.04829486599999999,0.0021441310000001046,Y,1012
12,8,30,6,3,0.03378413200000008,0.0018830950000001678,Y,686
12,8,30,6,3,0.03331956000000025,0.0022298430000002867,Y,671
12,8,30,6,3,0.03382126699999999,0.00221628500000004,Y,697
12,8,30,6,3,0.033397644999999976,0.001782460999999902,Y,681
12,8,30,6,3,0.03412802000000004,0.0021294379999998725,Y,698
12,8,30,6,3,0.033809927999999934,0.0022833060000000405,Y,691
12,8,30,6,3,0.03369800699999992,0.0025252490000000627,Y,685
12,8,30,6,3,0.03381184100000012,0.0022060499999998484,Y,693
12,8,30,6,3,0.03353861999999985,0.0022197149999998445,Y,685
12,8,30,6,3,0.0339695579999999,0.0018676790000000665,Y,707
12,4,30,6,3,0.018494709000000276,0.001984190999999802,Y,343
12,4,30,6,3,0.01825346800000016,0.0021552259999999546,Y,344
12,4,30,6,3,0.018404002000000252,0.0017644449999998368,Y,351
12,4,30,6,3,0.01855330700000013,0.0017661590000002114,Y,361
12,4,30,6,3,0.01825754199999996,0.0018800359999999738,Y,342
12,4,30,6,3,0.018324752999999694,0.0022904150000000456,Y,350
12,4,30,6,3,0.018060944999999995,0.002008350999999964,Y,333
12,4,30,6,3,0.018185128000000272,0.0021042190000000183,Y,341
12,4,30,6,3,0.018389007000000124,0.0017512159999997223,Y,349
12,4,30,6,3,0.018688882000000184,0.0018438810000001027,Y,358
8,8,30,6,3,0.03266416300000019,0.0025828790000002044,Y,612
8,8,30,6,3,0.034251997999999784,0.0031025560000002006,Y,632
8,8,30,6,3,0.032964430999999905,0.0025821050000001122,Y,633
8,8,30,6,3,0.032602113000000044,0.002415838999999975,Y,630
8,8,30,6,3,0.03254706399999985,0.002779069000000023,Y,618
8,8,30,6,3,0.032871632999999845,0.002705555999999998,Y,628
8,8,30,6,3,0.03264445300000007,0.002644078999999966,Y,609
8,8,30,6,3,0.03277177799999986,0.002801051999999693,Y,640
8,8,30,6,3,0.03265859299999985,0.0021202499999999347,Y,628
8,8,30,6,3,0.032598237999999835,0.0032616550000001965,Y,624
8,4,30,6,3,0.017864387999999565,0.0023602389999997087,Y,316
8,4,30,6,3,0.017843033999999758,0.0016579100000000402,Y,317
8,4,30,6,3,0.01768107799999985,0.0032666799999998553,Y,304
8,4,30,6,3,0.01773859600000005,0.0027684679999997464,Y,308
8,4,30,6,3,0.01803735900000003,0.002855109000000411,Y,315
8,4,30,6,3,0.017775106999999846,0.002772197999999726,Y,316
8,4,30,6,3,0.01791829600000039,0.0020660929999998245,Y,323
8,4,30,6,3,0.01800327200000007,0.002639590000000247,Y,326
8,4,30,6,3,0.017784037999999835,0.002604520000000221,Y,309
8,4,30,6,3,0.017717092999999906,0.002637124999999685,Y,312
4,4,30,6,3,0.01662131199999939,0.0037100630000002077,Y,238
4,4,30,6,3,0.016570606999999793,0.003295467000000052,Y,239
4,4,30,6,3,0.016712790999999783,0.0027627780000001323,Y,244
4,4,30,6,3,0.016702511999999725,0.003099456000000167,Y,242
4,4,30,6,3,0.016767731999999924,0.0023000600000004923,Y,247
4,4,30,6,3,0.016681551000000017,0.0018613300000001054,Y,241
4,4,30,6,3,0.016659967999999914,0.0027929420000001315,Y,240
4,4,30,6,3,0.01664635400000014,0.003027726999999647,Y,243
4,4,30,6,3,0.016643032999999807,0.0031912510000000616,Y,238
4,4,30,6,3,0.0165676699999997,0.0027923599999999382,Y,236
3,2,30,6,3,0.009634038000000178,0.0037145919999996835,Y,107
3,2,30,6,3,0.009620856999999816,0.004403165999999903,Y,105
3,2,30,6,3,0.009518696000000215,0.004103262999999746,Y,99
3,2,30,6,3,0.009644297999999996,0.004028165999999889,Y,108
3,2,30,6,3,0.009697021000000028,0.003254727999999929,Y,110
3,2,30,6,3,0.009600135999999981,0.004383205999999973,Y,106
3,2,30,6,3,0.00947063999999953,0.004281167999999891,Y,98
3,2,30,6,3,0.009577288000000017,0.003772487000000435,Y,102
3,2,30,6,3,0.009501182000000608,0.0035201950000001148,Y,99
3,2,30,6,3,0.009611356000000182,0.003595046000000046,Y,104
2,3,30,6,3,0.012698813000000087,0.005266462999999888,Y,125
2,3,30,6,3,0.012624570999999918,0.005603888000000001,Y,123
2,3,30,6,3,0.012648884999999943,0.004919479999999865,Y,123
2,3,30,6,3,0.012589648999999703,0.005395797999999896,Y,122
2,3,30,6,3,0.012567758999999956,0.005445089999999819,Y,118
2,3,30,6,3,0.012650135999999979,0.007934959000000408,Y,126
2,3,30,6,3,0.013896962000000013,0.0063346769999999,Y,121
2,3,30,6,3,0.01251645400000001,0.006350046000000109,Y,119
2,3,30,6,3,0.012629997999999976,0.005884085000000372,Y,124
2,3,30,6,3,0.012607759999999857,0.004793141999999584,Y,122
2,2,30,6,3,0.009192505999999767,0.007258235000000113,Y,80
2,2,30,6,3,0.009194111999999866,0.006619859000000172,Y,81
2,2,30,6,3,0.009214929000000094,0.006282348000000049,Y,80
2,2,30,6,3,0.009152434000000209,0.006226160000000203,Y,80
2,2,30,6,3,0.00915501599999935,0.007021598000000129,Y,79
2,2,30,6,3,0.009147443999999894,0.007734714999999781,Y,78
2,2,30,6,3,0.009171645999999978,0.008185608000000233,Y,81
2,2,30,6,3,0.00915786200000035,0.006185107999999939,Y,80
2,2,30,6,3,0.009172721000000106,0.007700998999999875,Y,79
2,2,30,6,3,0.009137144000000319,0.008187599000000212,Y,80
12,12,40,7,4,0.09230711600000019,0.007214299000000146,Y,1459
12,12,40,7,4,0.09073177100000018,0.005629464999999723,Y,1443
12,12,40,7,4,0.09018109699999988,0.0059195870000006146,Y,1429
12,12,40,7,4,0.09127320599999988,0.007301108000000056,Y,1452
12,12,40,7,4,0.0901321639999999,0.00616388400000023,Y,1432
12,12,40,7,4,0.09047287599999976,0.006737166000000183,Y,1433
12,12,40,7,4,0.09015477500000024,0.007265317999999965,Y,1427
12,12,40,7,4,0.09157111200000001,0.0054087560000000146,Y,1436
12,12,40,7,4,0.09023843800000009,0.006479001000000206,Y,1434
12,12,40,7,4,0.09107183400000007,0.005192007000000665,Y,1435
12,8,40,7,4,0.06305134200000051,0.00465966199999901,Y,960
12,8,40,7,4,0.06232288399999941,0.005831659000000933,Y,960
12,8,40,7,4,0.061563437999999415,0.0057777120000004345,Y,968
12,8,40,7,4,0.06162595000000071,0.00723560199999973,Y,945
12,8,40,7,4,0.0626850499999998,0.005315989999999715,Y,976
12,8,40,7,4,0.06220659299999998,0.005755850000000784,Y,972
12,8,40,7,4,0.06251084800000051,0.005639328000000887,Y,972
12,8,40,7,4,0.061895845999999644,0.004537794000000872,Y,963
12,8,40,7,4,0.06207743299999979,0.005267008999999767,Y,962
12,8,40,7,4,0.06224181699999942,0.0070125629999990835,Y,980
12,4,40,7,4,0.03277216800000016,0.0064606620000002835,Y,473
12,4,40,7,4,0.03328812600000042,0.006447729000000457,Y,487
12,4,40,7,4,0.032966627000000415,0.005662561000000288,Y,473
12,4,40,7,4,0.03349822900000099,0.006342081999999749,Y,486
12,4,40,7,4,0.03261268099999981,0.0058658910000009,Y,463
12,4,40,7,4,0.03326150599999966,0.005052571000000228,Y,475
12,4,40,7,4,0.033434827000000666,0.005657077000001287,Y,481
12,4,40,7,4,0.03356298300000038,0.0051538309999994425,Y,488
12,4,40,7,4,0.03338189000000025,0.005499226000000412,Y,483
12,4,40,7,4,0.03381060100000077,0.005339898000000787,Y,492
8,8,40,7,4,0.05924820700000044,0.0067125419999998215,Y,840
8,8,40,7,4,0.06157616099999963,0.005182566999999416,Y,881
8,8,40,7,4,0.05963214899999958,0.007208174000000511,Y,854
8,8,40,7,4,0.05932020500000057,0.006078757000000934,Y,846
8,8,40,7,4,0.06046424100000003,0.006513352000000694,Y,880
8,8,40,7,4,0.06020711700000003,0.007423638000000565,Y,876
8,8,40,7,4,0.05988154300000037,0.006451651999999974,Y,874
8,8,40,7,4,0.05984575600000053,0.005846759000000645,Y,873
8,8,40,7,4,0.060132010000000236,0.005653822000001085,Y,871
8,8,40,7,4,0.05969697699999976,0.009350464000000613,Y,857
8,4,40,7,4,0.03217912100000131,0.006064843999999958,Y,438
8,4,40,7,4,0.03226184400000065,0.0066192100000002085,Y,442
8,4,40,7,4,0.03183671299999968,0.00666197300000082,Y,421
8,4,40,7,4,0.03217265800000124,0.004552061000000052,Y,435
8,4,40,7,4,0.031889622999999645,0.005795251999999529,Y,426
8,4,40,7,4,0.03192562999999993,0.005863355999999875,Y,428
8,4,40,7,4,0.03215953499999902,0.005136038000000731,Y,432
8,4,40,7,4,0.032201861000000775,0.006588182999999859,Y,435
8,4,40,7,4,0.031809477000000363,0.007731987999999745,Y,422
8,4,40,7,4,0.03230853300000014,0.007319371000000352,Y,431
4,4,40,7,4,0.03007031200000032,0.007421600999999889,Y,333
4,4,40,7,4,0.029986830000000353,0.009039583999999934,Y,323
4,4,40,7,4,0.029852816000000004,0.008135244000000874,Y,324
4,4,40,7,4,0.029783731000000202,0.007373592999999623,Y,322
4,4,40,7,4,0.03139186200000044,0.009093715999999752,Y,315
4,4,40,7,4,0.029738569999999243,0.006476096000000098,Y,318
4,4,40,7,4,0.029779726000001006,0.008133371000000444,Y,313
4,4,40,7,4,0.029804343000000344,0.008397074000000337,Y,326
4,4,40,7,4,0.029794364000000684,0.008269481000000134,Y,318
4,4,40,7,4,0.029848883999999742,0.007831966000000357,Y,320
3,2,40,7,4,0.017398668000000228,0.013402240000000454,Y,147
3,2,40,7,4,0.017407015999999054,0.014279163000000317,Y,143
3,2,40,7,4,0.01752334599999994,0.015370917999999456,Y,149
3,2,40,7,4,0.0171917309999996,0.016455907000000103,Y,138
3,2,40,7,4,0.017438724000000683,0.015650700999999323,Y,145
3,2,40,7,4,0.017336155999999825,0.016199902999999516,Y,145
3,2,40,7,4,0.01728551700000036,0.01617487800000017,Y,142
3,2,40,7,4,0.017441384000000504,0.019843588999999717,Y,145
3,2,40,7,4,0.01742900500000033,0.010627841000000693,Y,148
3,2,40,7,4,0.017330285999999973,0.016566483000000076,Y,143
2,3,40,7,4,0.02250874400000047,0.036173654999999805,Y,161
2,3,40,7,4,0.022384781999999603,0.031129712000000254,Y,160
2,3,40,7,4,0.022313324000000634,0.04353274500000026,Y,158
2,3,40,7,4,0.02251361599999946,0.030874435999999505,Y,161
2,3,40,7,4,0.022441994999999437,0.04281179200000018,Y,159
2,3,40,7,4,0.022398792999999806,0.03804807599999993,Y,161
2,3,40,7,4,0.022350542999999945,0.04383128700000061,Y,157
2,3,40,7,4,0.022418555999999867,0.029430650000000114,Y,162
2,3,40,7,4,0.022423405000001395,0.03763709800000026,Y,162
2,3,40,7,4,0.022519688999999232,0.04016623399999997,Y,159
2,2,40,7,4,0.016353514000000402,0.06451556100000033,Y,104
2,2,40,7,4,0.01631779899999941,0.05856397599999941,Y,103
2,2,40,7,4,0.016555477000000707,0.06636139100000005,Y,108
2,2,40,7,4,0.016537505999999702,0.05677646200000108,Y,110
2,2,40,7,4,0.01635801099999945,0.06386860699999897,Y,104
2,2,40,7,4,0.01646176500000074,0.044374860999999655,Y,106
2,2,40,7,4,0.017640526999999295,0.043952332999998234,Y,104
2,2,40,7,4,0.016293081999998904,0.07107160899999876,Y,102
2,2,40,7,4,0.016402407000001062,0.0660122610000009,Y,105
2,2,40,7,4,0.016443349999999413,0.06469513900000123,Y,108
12,12,50,8,4,0.14666262600000124,0.004781421999998869,Y,1839
12,12,50,8,4,0.14566694100000177,0.007398732999998714,Y,1869
12,12,50,8,4,0.14528791200000057,0.007520500000000041,Y,1823
12,12,50,8,4,0.14538656700000097,0.008096369000000436,Y,1858
12,12,50,8,4,0.14609505700000014,0.006394838000000291,Y,1829
12,12,50,8,4,0.14504619599999913,0.007858396999999684,Y,1843
12,12,50,8,4,0.14514942200000114,0.009808351000000215,Y,1865
12,12,50,8,4,0.14458931000000064,0.0053894380000016895,Y,1849
12,12,50,8,4,0.1468070019999992,0.007654363000002107,Y,1839
12,12,50,8,4,0.1445944730000015,0.007927074999999562,Y,1846
12,8,50,8,4,0.10114577699999927,0.005813524999998876,Y,1253
12,8,50,8,4,0.10110150599999912,0.00692002699999783,Y,1252
12,8,50,8,4,0.10077845800000063,0.007728787999999653,Y,1267
12,8,50,8,4,0.1013220920000002,0.005378757999999095,Y,1267
12,8,50,8,4,0.10131650199999953,0.007095328000000123,Y,1241
12,8,50,8,4,0.10068194299999966,0.00936573299999921,Y,1236
12,8,50,8,4,0.1021106420000013,0.0054441049999987,Y,1245
12,8,50,8,4,0.10068437500000194,0.0076554380000004585,Y,1254
12,8,50,8,4,0.1020678359999998,0.008240701000000072,Y,1285
12,8,50,8,4,0.10293686100000166,0.0074267680000001945,Y,1251
12,4,50,8,4,0.0535948839999989,0.006605967999998796,Y,635
12,4,50,8,4,0.053105735999999126,0.007900609000000003,Y,624
12,4,50,8,4,0.052713558999998966,0.004778362999998009,Y,608
12,4,50,8,4,0.05319652200000036,0.008425182999999947,Y,630
12,4,50,8,4,0.05342100000000016,0.008567542000001538,Y,630
12,4,50,8,4,0.05341365000000131,0.007503102999999456,Y,624
12,4,50,8,4,0.053433923999998356,0.005269671000000642,Y,633
12,4,50,8,4,0.05316554400000051,0.009058833000000988,Y,629
12,4,50,8,4,0.05484298800000076,0.005966619000000506,Y,646
12,4,50,8,4,0.05358674399999863,0.00718244499999976,Y,627
8,8,50,8,4,0.09611924999999744,0.008335487000000086,Y,1091
8,8,50,8,4,0.09752359300000002,0.009515472000000358,Y,1116
8,8,50,8,4,0.09717884199999816,0.007506957000000369,Y,1123
8,8,50,8,4,0.0979637499999999,0.008078895999997115,Y,1125
8,8,50,8,4,0.09752563899999878,0.006290860000001786,Y,1115
8,8,50,8,4,0.0987121670000004,0.007968753000000106,Y,1132
8,8,50,8,4,0.0980708099999994,0.009832856000000945,Y,1117
8,8,50,8,4,0.09748687599999961,0.006212732999999915,Y,1116
8,8,50,8,4,0.09688287700000053,0.010398507999997975,Y,1115
8,8,50,8,4,0.09776117699999887,0.008466231999998186,Y,1117
8,4,50,8,4,0.051695370000000906,0.008438249000001008,Y,565
8,4,50,8,4,0.05139868400000047,0.006671698999999975,Y,554
8,4,50,8,4,0.052159424000000953,0.010910407000000788,Y,580
8,4,50,8,4,0.05195737099999853,0.007732136999999639,Y,562
8,4,50,8,4,0.051598235000001935,0.007256733000000182,Y,563
8,4,50,8,4,0.05131657399999945,0.009105063999999885,Y,553
8,4,50,8,4,0.05166932400000057,0.008409170000000188,Y,560
8,4,50,8,4,0.05168731599999887,0.008854836000001143,Y,564
8,4,50,8,4,0.05171682800000177,0.007783601000001639,Y,567
8,4,50,8,4,0.051256525999999525,0.009039476999999962,Y,546
4,4,50,8,4,0.04777906700000045,0.010012571000000747,Y,409
4,4,50,8,4,0.047256891999998274,0.011372202999998748,Y,400
4,4,50,8,4,0.04900937200000044,0.010221108000001422,Y,413
4,4,50,8,4,0.047512335000000405,0.008241034999999286,Y,404
4,4,50,8,4,0.047531580999999434,0.008297272999998384,Y,412
4,4,50,8,4,0.04761048499999987,0.01166048899999872,Y,404
4,4,50,8,4,0.04733417400000128,0.008655861000001153,Y,398
4,4,50,8,4,0.0477657899999997,0.011854322999999667,Y,411
4,4,50,8,4,0.0473622330000012,0.010383072999998078,Y,404
4,4,50,8,4,0.04792592200000101,0.010204208999999409,Y,414
3,2,50,8,4,0.025891600000001347,0.04233911799999923,Y,166
3,2,50,8,4,0.025911550000001782,0.03724924199999968,Y,165
3,2,50,8,4,0.02593263999999884,0.03360449599999882,Y,171
3,2,50,8,4,0.025892601999998988,0.048900772000001425,Y,172
3,2,50,8,4,0.02602002999999975,0.03927641399999793,Y,174
3,2,50,8,4,0.02614485199999983,0.018455017999999157,Y,177
3,2,50,8,4,0.025645282999999353,0.041848302000000004,Y,164
3,2,50,8,4,0.02566979100000033,0.05103836199999989,Y,165
3,2,50,8,4,0.025879847999998873,0.026334629999999137,Y,168
3,2,50,8,4,0.0256748800000004,0.05232428200000072,Y,165
2,3,50,8,4,0.03337484000000046,0.11263439199999858,Y,182
2,3,50,8,4,0.033578853999999936,0.06979755799999943,Y,189
2,3,50,8,4,0.034867819000000466,0.10357050300000026,Y,184
2,3,50,8,4,0.03336006899999866,0.10398442199999991,Y,182
2,3,50,8,4,0.033645249999999294,0.07994080199999942,Y,188
2,3,50,8,4,0.033348736000000656,0.09115504500000071,Y,184
2,3,50,8,4,0.033620551000000276,0.10254636299999831,Y,185
2,3,50,8,4,0.03363457500000244,0.09860545900000162,Y,190
2,3,50,8,4,0.033436899999998104,0.08464460499999937,Y,181
2,3,50,8,4,0.03334979799999971,0.1268564209999994,Y,183
2,2,50,8,4,0.024566501999997215,0.21137256099999746,Y,123
2,2,50,8,4,0.024372253999999316,0.12224685900000054,Y,124
2,2,50,8,4,0.024203867000000656,0.1715508610000036,Y,118
2,2,50,8,4,0.02435914099999792,0.15906439899999825,Y,124
2,2,50,8,4,0.02441111300000287,0.1637299150000011,Y,122
2,2,50,8,4,0.024314999000001336,0.18241553900000085,Y,124
2,2,50,8,4,0.024474642000001268,0.2553540390000002,Y,123
2,2,50,8,4,0.02428513699999968,0.19584149099999593,Y,123
2,2,50,8,4,0.02433326500000277,0.15775630699999965,Y,122
2,2,50,8,4,0.024395747999999884,0.1962053990000001,Y,124
12,12,60,8,4,0.21794339899999926,0.01973387800000026,Y,2250
12,12,60,8,4,0.21663145300000508,0.013448584000002484,Y,2241
12,12,60,8,4,0.21627593799999545,0.01400843999999779,Y,2219
12,12,60,8,4,0.21576507500000375,0.014168122999997479,Y,2210
12,12,60,8,4,0.21607883900000147,0.016718860000001,Y,2226
12,12,60,8,4,0.2156749069999968,0.017585471000000297,Y,2265
12,12,60,8,4,0.21509943999999948,0.016470651000002334,Y,2255
12,12,60,8,4,0.2166023490000022,0.014423545999999732,Y,2253
12,12,60,8,4,0.21460904400000302,0.013209544999998712,Y,2230
12,12,60,8,4,0.215314008,0.014651059999998495,Y,2195
12,8,60,8,4,0.14533213999999717,0.01272681499999706,Y,1476
12,8,60,8,4,0.14539622999999935,0.015578744999999117,Y,1477
12,8,60,8,4,0.14536499400000125,0.018091157000000635,Y,1509
12,8,60,8,4,0.14452366400000116,0.019721238999999002,Y,1471
12,8,60,8,4,0.14402645499999522,0.014694288000001166,Y,1458
12,8,60,8,4,0.14512744199999617,0.017339036999995727,Y,1484
12,8,60,8,4,0.14365954900000233,0.013969701999997142,Y,1450
12,8,60,8,4,0.14448891500000016,0.014613475999997405,Y,1474
12,8,60,8,4,0.14586487300000073,0.017623767000003454,Y,1474
12,8,60,8,4,0.1450432269999986,0.017743446000000773,Y,1477
12,4,60,8,4,0.0778842969999971,0.013310627999995717,Y,749
12,4,60,8,4,0.07850259299999962,0.013363528000002844,Y,751
12,4,60,8,4,0.07737079199999641,0.012571191000002813,Y,739
12,4,60,8,4,0.07883151699999758,0.013702990999998832,Y,760
12,4,60,8,4,0.07749482399999863,0.011219441000001495,Y,747
12,4,60,8,4,0.07900785800000065,0.015618686999999909,Y,782
12,4,60,8,4,0.07862850699999768,0.014976589999996293,Y,750
12,4,60,8,4,0.07915145999999851,0.012036060999999876,Y,783
12,4,60,8,4,0.07778857899999991,0.013542631000003524,Y,750
12,4,60,8,4,0.07831719600000042,0.017476594999997985,Y,768
8,8,60,8,4,0.13955454199999906,0.017034463000001665,Y,1289
8,8,60,8,4,0.14109376099999693,0.01705395999999837,Y,1308
8,8,60,8,4,0.1397654399999979,0.015579723999998407,Y,1302
8,8,60,8,4,0.1392790890000022,0.014945019999998976,Y,1264
8,8,60,8,4,0.14149729199999683,0.016891858000001037,Y,1313
8,8,60,8,4,0.13994952500000224,0.01798014900000311,Y,1281
8,8,60,8,4,0.13889407699999978,0.015591970999999205,Y,1280
8,8,60,8,4,0.14079221299999745,0.014176702000000319,Y,1301
8,8,60,8,4,0.13964540399999947,0.01873252200000053,Y,1290
8,8,60,8,4,0.13855903800000036,0.014921682000000658,Y,1267
8,4,60,8,4,0.07665562700000095,0.02098778699999926,Y,663
8,4,60,8,4,0.07579561600000062,0.01769828599999812,Y,671
8,4,60,8,4,0.0750983380000001,0.020992940000002847,Y,652
8,4,60,8,4,0.07575552200000146,0.01765072399999923,Y,665
8,4,60,8,4,0.07573748200000097,0.013303910000001196,Y,679
8,4,60,8,4,0.074963431999997,0.01626321000000175,Y,654
8,4,60,8,4,0.075586401999999,0.01522207100000017,Y,660
8,4,60,8,4,0.07575001600000064,0.012937464000000176,Y,657
8,4,60,8,4,0.07502149799999813,0.014209262999997918,Y,658
8,4,60,8,4,0.075354707999999,0.012941659999999189,Y,660
4,4,60,8,4,0.06885034800000156,0.02017262000000386,Y,456
4,4,60,8,4,0.0693839969999992,0.023685327000002587,Y,464
4,4,60,8,4,0.06861890300000084,0.021308488999999042,Y,454
4,4,60,8,4,0.06812162700000002,0.022722100999999384,Y,446
4,4,60,8,4,0.06941725700000134,0.02107386300000158,Y,472
4,4,60,8,4,0.07051346799999791,0.02880383599999803,Y,466
4,4,60,8,4,0.06872806700000211,0.020051199000000963,Y,456
4,4,60,8,4,0.06873041600000107,0.019332869999999502,Y,458
4,4,60,8,4,0.06885965100000391,0.0229045499999998,Y,461
4,4,60,8,4,0.0690513750000008,0.022945498999998648,Y,457
3,2,60,8,4,0.0385656210000036,0.07463493899999918,Y,199
3,2,60,8,4,0.03842916899999693,0.053717284000001086,Y,202
3,2,60,8,4,0.038237665000000476,0.09604905400000163,Y,193
3,2,60,8,4,0.0386579729999994,0.06557061400000208,Y,201
3,2,60,8,4,0.03822167399999543,0.07559754700000099,Y,197
3,2,60,8,4,0.03823803200000242,0.09548918599999823,Y,194
3,2,60,8,4,0.03841524199999924,0.0714218630000012,Y,194
3,2,60,8,4,0.03827151299999798,0.06549950800000204,Y,197
3,2,60,8,4,0.03849963699999748,0.08047822500000024,Y,199
3,2,60,8,4,0.038418176000000415,0.06254001300000311,Y,200
2,3,60,8,4,0.04854218899999907,0.2812549390000001,Y,207
2,3,60,8,4,0.05026344299999863,0.2930922329999994,Y,208
2,3,60,8,4,0.048406487000001164,0.23487165799999943,Y,205
2,3,60,8,4,0.048578796999997564,0.24088370100000134,Y,206
2,3,60,8,4,0.04856646700000411,0.2643864019999995,Y,202
2,3,60,8,4,0.04872836999999919,0.18732815100000266,Y,203
2,3,60,8,4,0.048654843999997865,0.19307087999999695,Y,207
2,3,60,8,4,0.04833515300000002,0.3030905060000002,Y,200
2,3,60,8,4,0.048509342999999205,0.24421906099999902,Y,204
2,3,60,8,4,0.04855757400000016,0.35629900400000025,Y,204
2,2,60,8,4,0.03605111600000299,0.48826627299999714,Y,141
2,2,60,8,4,0.03596651500000192,0.5004257639999992,Y,142
2,2,60,8,4,0.03600320900000398,0.569023817999998,Y,143
2,2,60,8,4,0.03594499399999762,0.44207516499999855,Y,140
2,2,60,8,4,0.035924219999998286,0.5192517289999969,Y,140
2,2,60,8,4,0.03594017300000729,0.41844127100000605,Y,141
2,2,60,8,4,0.036448544000002414,0.5014226500000092,Y,141
2,2,60,8,4,0.036153768999994895,0.4338753170000018,Y,142
2,2,60,8,4,0.03715884500000044,0.4195374230000013,Y,138
2,2,60,8,4,0.03595748000000043,0.40639677400000096,Y,140
12,12,70,9,5,0.2958211759999969,0.03323928900000084,Y,2602
12,12,70,9,5,0.29898222200000646,0.03232608300000095,Y,2664
12,12,70,9,5,0.2978658410000037,0.036004397999995774,Y,2630
12,12,70,9,5,0.2955736450000046,0.026932535000000257,Y,2600
12,12,70,9,5,0.2969814989999975,0.024194496999996318,Y,2608
12,12,70,9,5,0.3002288859999993,0.029574756000002367,Y,2671
12,12,70,9,5,0.29917412300000734,0.03456059699999514,Y,2701
12,12,70,9,5,0.29662417499999805,0.028805059999996274,Y,2626
12,12,70,9,5,0.29760355899999524,0.042524861000003966,Y,2646
12,12,70,9,5,0.29801913399999336,0.02747949399999783,Y,2659
12,8,70,9,5,0.20141667499999727,0.032488341000004084,Y,1743
12,8,70,9,5,0.20435579999999476,0.030554320000000246,Y,1743
12,8,70,9,5,0.2017371629999971,0.0374496370000017,Y,1757
12,8,70,9,5,0.202331645000001,0.03393486000000223,Y,1754
12,8,70,9,5,0.20236196500000148,0.0319260499999956,Y,1761
12,8,70,9,5,0.20284808999999626,0.038146293999993475,Y,1751
12,8,70,9,5,0.20073604599999584,0.031012807999999836,Y,1749
12,8,70,9,5,0.2026905619999937,0.036411712999992574,Y,1773
12,8,70,9,5,0.20344607200000553,0.027030756000002043,Y,1778
12,8,70,9,5,0.2029287710000034,0.03210912499999807,Y,1745
12,4,70,9,5,0.10720535499999073,0.025444696000000988,Y,890
12,4,70,9,5,0.10602179800000044,0.032660905000000184,Y,875
12,4,70,9,5,0.10536158800000095,0.03212003199999458,Y,856
12,4,70,9,5,0.10580563100000262,0.028595289000001856,Y,865
12,4,70,9,5,0.10493712299999913,0.030433886000004406,Y,862
12,4,70,9,5,0.10568701300000072,0.029109372999997163,Y,872
12,4,70,9,5,0.10600882299999626,0.03564609000000729,Y,865
12,4,70,9,5,0.10548759299999944,0.02645738599999703,Y,875
12,4,70,9,5,0.10566511300000059,0.03311930999999646,Y,878
12,4,70,9,5,0.10869623099999615,0.029332697000008068,Y,899
8,8,70,9,5,0.19455292899999677,0.04691022699999792,Y,1542
8,8,70,9,5,0.19399547800000505,0.034724599999997,Y,1512
8,8,70,9,5,0.1943446499999979,0.02456240499999751,Y,1527
8,8,70,9,5,0.19387371199999848,0.033164702000000545,Y,1517
8,8,70,9,5,0.19378868799999793,0.040257766000003414,Y,1532
8,8,70,9,5,0.19393955599999657,0.04495556599999162,Y,1535
8,8,70,9,5,0.19262074399999563,0.037886010999997666,Y,1498
8,8,70,9,5,0.19475170899999483,0.037019146000005776,Y,1522
8,8,70,9,5,0.19324598599999376,0.03624300999999974,Y,1528
8,8,70,9,5,0.19441542199999873,0.042974044000004596,Y,1530
8,4,70,9,5,0.10154714000000098,0.043152107999993916,Y,762
8,4,70,9,5,0.1019586999999973,0.03018935300000436,Y,769
8,4,70,9,5,0.10174761500000074,0.042250725000002376,Y,766
8,4,70,9,5,0.10193468599999989,0.03081488400000154,Y,770
8,4,70,9,5,0.1017038950000071,0.03318875800000143,Y,746
8,4,70,9,5,0.10153987000000342,0.04023270000000423,Y,761
8,4,70,9,5,0.10059844900000314,0.03377283999999037,Y,755
8,4,70,9,5,0.10305228099999653,0.04425418599999631,Y,762
8,4,70,9,5,0.10157865099999697,0.0369061749999986,Y,769
8,4,70,9,5,0.10182940400000007,0.028880039000007685,Y,774
4,4,70,9,5,0.09288879600000399,0.08204081499999916,Y,531
4,4,70,9,5,0.09249730400000544,0.07964172000000502,Y,522
4,4,70,9,5,0.09305313300000506,0.04611974599999513,Y,528
4,4,70,9,5,0.09231758699999659,0.08303619799999495,Y,519
4,4,70,9,5,0.09241506299999713,0.08123059900000129,Y,527
4,4,70,9,5,0.09293734600000647,0.09855207799999732,Y,529
4,4,70,9,5,0.0930624739999999,0.05917772300000479,Y,532
4,4,70,9,5,0.09270698499999952,0.045304717000000494,Y,526
4,4,70,9,5,0.09308770800000588,0.034560031000005154,Y,515
4,4,70,9,5,0.09239335400000215,0.07103578299999924,Y,519
3,2,70,9,5,0.05077213099999511,1.0276924309999984,Y,221
3,2,70,9,5,0.05000843900000973,0.3019683990000033,Y,226
3,2,70,9,5,0.04903896999999802,0.4543177140000054,Y,225
3,2,70,9,5,0.04906407799999357,0.506660936000003,Y,228
3,2,70,9,5,0.04889089200000285,0.3981441729999986,Y,226
3,2,70,9,5,0.04882728400000502,0.5320838929999994,Y,223
3,2,70,9,5,0.04871927600000703,0.49298213000000146,Y,222
3,2,70,9,5,0.048855288000005714,0.5655816960000024,Y,220
3,2,70,9,5,0.04887336099999828,0.6470694769999952,Y,219
3,2,70,9,5,0.04900605000000269,0.6339592950000039,Y,227
2,3,70,9,5,0.0638154290000088,1.6112277129999981,Y,227
2,3,70,9,5,0.062316843999994376,1.9108407500000055,Y,231
2,3,70,9,5,0.062070312000003014,2.133084449000002,Y,228
2,3,70,9,5,0.061899756000002526,1.6722979939999973,Y,227
2,3,70,9,5,0.062176417999999956,1.463897339000006,Y,230
2,3,70,9,5,0.06250358199999084,2.188973642999997,Y,231
2,3,70,9,5,0.062444604999996045,1.6484484650000013,Y,233
2,3,70,9,5,0.0622951750000027,1.9505458170000054,Y,230
2,3,70,9,5,0.06216727600001093,1.866213416000008,Y,231
2,3,70,9,5,0.06225292800000659,1.858462025999998,Y,228
2,2,70,9,5,0.046009712000000036,5.634970969000008,Y,156
2,2,70,9,5,0.04582096300001126,6.658464097000007,Y,157
2,2,70,9,5,0.04596098999999754,3.789396719999999,Y,158
2,2,70,9,5,0.047951451000002976,4.398416776000005,Y,161
2,2,70,9,5,0.045745893999992404,5.140262884000009,Y,155
2,2,70,9,5,0.04593027800000016,5.750907882000007,Y,157
2,2,70,9,5,0.04626921599999889,5.058914998000006,Y,162
2,2,70,9,5,0.04605921999998941,4.71330631699999,Y,160
2,2,70,9,5,0.045928989999993064,5.025287989000006,Y,159
2,2,70,9,5,0.04587661099999707,5.744204738999997,Y,155
12,12,80,9,5,0.38338189000000966,0.058041555999992056,Y,2963
12,12,80,9,5,0.3855873849999938,0.039153353999992646,Y,3028
12,12,80,9,5,0.3876115229999897,0.04925163999999427,Y,2998
12,12,80,9,5,0.3858732460000027,0.054199998000001415,Y,3018
12,12,80,9,5,0.3846141739999922,0.044899106000002575,Y,2997
12,12,80,9,5,0.3862564939999942,0.031111454000011918,Y,3007
12,12,80,9,5,0.3827722309999899,0.04804477899998005,Y,2962
12,12,80,9,5,0.3858346840000024,0.038486383999980944,Y,3002
12,12,80,9,5,0.3836630760000048,0.03386754499999256,Y,2981
12,12,80,9,5,0.3868480410000359,0.04317150200000697,Y,3023
12,8,80,9,5,0.264393412000004,0.035885985999982495,Y,2035
12,8,80,9,5,0.2639264290000085,0.03961657099998206,Y,2012
12,8,80,9,5,0.2660247529999822,0.026729096999986268,Y,2044
12,8,80,9,5,0.2668888219999701,0.030179577999973617,Y,2026
12,8,80,9,5,0.26514680500000054,0.029979020999974182,Y,2065
12,8,80,9,5,0.26301443899998844,0.03805315299999279,Y,2011
12,8,80,9,5,0.26434506599997576,0.03102601500000901,Y,2020
12,8,80,9,5,0.26691234600002645,0.045278874999979735,Y,2055
12,8,80,9,5,0.26606645900000103,0.03636674300000209,Y,2092
12,8,80,9,5,0.265702626999996,0.043878989999996065,Y,2025
12,4,80,9,5,0.1377360049999936,0.03637635900000191,Y,1006
12,4,80,9,5,0.13725535300000047,0.04887691599995492,Y,1011
12,4,80,9,5,0.13767374100001462,0.03748427100001095,Y,1033
12,4,80,9,5,0.13756318299999748,0.026783825000023853,Y,1026
12,4,80,9,5,0.13760981699999775,0.03824364099997979,Y,1021
12,4,80,9,5,0.13684139499997627,0.03274683400002232,Y,1001
12,4,80,9,5,0.1369817969999758,0.033690623000012465,Y,1015
12,4,80,9,5,0.13768720999999573,0.033285568999986026,Y,1034
12,4,80,9,5,0.13939552500002605,0.03125858099997458,Y,1028
12,4,80,9,5,0.13927652500001386,0.029434574999982033,Y,1056
8,8,80,9,5,0.25364657100004706,0.04244350400000485,Y,1759
8,8,80,9,5,0.2529699140000048,0.03790001999999504,Y,1750
8,8,80,9,5,0.2533057900000131,0.037139924000001656,Y,1735
8,8,80,9,5,0.25361006899998983,0.04369002699999669,Y,1755
8,8,80,9,5,0.2536276000000157,0.035198914999966746,Y,1755
8,8,80,9,5,0.25425372000000834,0.034145597000019734,Y,1736
8,8,80,9,5,0.2530784330000131,0.03928144600001815,Y,1738
8,8,80,9,5,0.2531542889999798,0.04201125900002012,Y,1739
8,8,80,9,5,0.25249021100000846,0.040743552999998656,Y,1742
8,8,80,9,5,0.25296598399998516,0.03883077899999421,Y,1744
8,4,80,9,5,0.13182446400000458,0.04441840300003719,Y,871
8,4,80,9,5,0.13183121900001993,0.03602632999999855,Y,869
8,4,80,9,5,0.13362820599999736,0.05311078400001179,Y,890
8,4,80,9,5,0.1308064699999818,0.040567439999989574,Y,864
8,4,80,9,5,0.1315852090000078,0.038398988000011514,Y,875
8,4,80,9,5,0.13112861199996928,0.02844417500000418,Y,868
8,4,80,9,5,0.130851822000011,0.023872681000000284,Y,868
8,4,80,9,5,0.1311488899999631,0.056790826999986166,Y,865
8,4,80,9,5,0.1324812870000187,0.041738723000008804,Y,902
8,4,80,9,5,0.1317237120000243,0.02942167900002346,Y,884
4,4,80,9,5,0.11831004300003656,0.1471621290000087,Y,574
4,4,80,9,5,0.12015424599999847,0.12796536899998046,Y,581
4,4,80,9,5,0.11860925199999883,0.2314959409999915,Y,585
4,4,80,9,5,0.11888082100000474,0.0796471050000207,Y,585
4,4,80,9,5,0.11845636900000045,0.13759121699999355,Y,581
4,4,80,9,5,0.11911103200000639,0.08969635400001152,Y,590
4,4,80,9,5,0.1185419689999776,0.08915240900000754,Y,583
4,4,80,9,5,0.118822109000007,0.16457491700001015,Y,586
4,4,80,9,5,0.11922806399999786,0.12545890900000245,Y,597
4,4,80,9,5,0.11828515000001971,0.19357219099998701,Y,577
3,2,80,9,5,0.06311150099998031,1.087902893000006,Y,232
3,2,80,9,5,0.06087610700001278,1.7306344520000039,Y,227
3,2,80,9,5,0.06101373699999613,1.7677742480000234,Y,228
3,2,80,9,5,0.06107283599999391,1.1087511280000228,Y,233
3,2,80,9,5,0.061156056000015724,1.2361738450000246,Y,231
3,2,80,9,5,0.060919027999972286,1.2005662419999794,Y,228
3,2,80,9,5,0.06076858299999799,1.2740627000000018,Y,225
3,2,80,9,5,0.06090641299999788,1.4395852469999966,Y,228
3,2,80,9,5,0.060973000000018374,1.156498518999996,Y,224
3,2,80,9,5,0.061040955000009944,1.4166619490000016,Y,232
2,3,80,9,5,0.08332633399996325,5.306518493000027,Y,250
2,3,80,9,5,0.08520887700001367,5.422517017999979,Y,251
2,3,80,9,5,0.08318672299998298,4.7985171719999755,Y,248
2,3,80,9,5,0.08327755700000239,5.652343172999991,Y,250
2,3,80,9,5,0.08307883599999855,5.960170810000051,Y,248
2,3,80,9,5,0.08311726799999519,5.210089930999999,Y,249
2,3,80,9,5,0.08360773800001198,5.747823390000008,Y,251
2,3,80,9,5,0.0835658379999984,5.195896734999991,Y,251
2,3,80,9,5,0.0833264100000406,5.859375771999993,Y,250
2,3,80,9,5,0.08320604000002163,4.8941354899999965,Y,249
2,2,80,9,5,0.057690059999998766,14.535559264,Y,160
2,2,80,9,5,0.05748118299999305,14.110887032999983,Y,161
2,2,80,9,5,0.0597046849999856,12.134822950000029,Y,162
2,2,80,9,5,0.05748844699999722,14.346794103999997,Y,160
2,2,80,9,5,0.05757359500000803,12.297459371999992,Y,161
2,2,80,9,5,0.05749185899992426,10.792915960000016,Y,161
2,2,80,9,5,0.057558459000006224,10.931039991999967,Y,161
2,2,80,9,5,0.057507811999983005,9.620030192000002,Y,161
2,2,80,9,5,0.057504488000006404,20.94060725399993,Y,159
2,2,80,9,5,0.05731244499997956,23.07244081600004,Y,160
12,12,90,10,5,0.7418951970000762,0.0714885990000198,Y,3389
12,12,90,10,5,0.7432806889999028,0.06083953000006659,Y,3451
12,12,90,10,5,0.742232361000049,0.05734817899997324,Y,3441
12,12,90,10,5,0.744108481000012,0.059038634000046386,Y,3413
12,12,90,10,5,0.7399035430000254,0.063252777999935,Y,3419
12,12,90,10,5,0.7433243909999305,0.05853534100003799,Y,3436
12,12,90,10,5,0.745619956999974,0.06288822400006211,Y,3456
12,12,90,10,5,0.7419243070000334,0.046410394000020005,Y,3423
12,12,90,10,5,0.7404281219999689,0.07196602999999868,Y,3420
12,12,90,10,5,0.7439705129999652,0.05912375700006578,Y,3426
12,8,90,10,5,0.5013562400000069,0.0606496259999858,Y,2309
12,8,90,10,5,0.49953904300002705,0.054696850999960134,Y,2278
12,8,90,10,5,0.5003305499999442,0.06704001199994991,Y,2285
12,8,90,10,5,0.5011242680000123,0.04589512300003662,Y,2272
12,8,90,10,5,0.4987070339999491,0.06776484499999924,Y,2260
12,8,90,10,5,0.4990641819999837,0.06828712200001519,Y,2252
12,8,90,10,5,0.500669189000007,0.06993175500002735,Y,2293
12,8,90,10,5,0.5091822849999517,0.05758945599995968,Y,2295
12,8,90,10,5,0.5163091169999916,0.07002274800004216,Y,2293
12,8,90,10,5,0.5028180420000012,0.06656090699999595,Y,2285
12,4,90,10,5,0.2590869839999641,0.05836072699997885,Y,1138
12,4,90,10,5,0.25886306000001014,0.054129423000119914,Y,1136
12,4,90,10,5,0.2637498099999789,0.05521368400002302,Y,1175
12,4,90,10,5,0.25905511299998807,0.05631189899997935,Y,1133
12,4,90,10,5,0.25972380099995007,0.06129800299999033,Y,1148
12,4,90,10,5,0.26108350799995605,0.05379896499999859,Y,1158
12,4,90,10,5,0.25979827899999464,0.049259086000063235,Y,1143
12,4,90,10,5,0.2610973769999987,0.07194142899999179,Y,1142
12,4,90,10,5,0.26074392200007424,0.05136611300002869,Y,1150
12,4,90,10,5,0.2594898240000134,0.05348060699998314,Y,1147
8,8,90,10,5,0.4766843219999828,0.07440005299997665,Y,1922
8,8,90,10,5,0.48206677199999604,0.08313486299999795,Y,1939
8,8,90,10,5,0.4808984910000049,0.06409280600001921,Y,1981
8,8,90,10,5,0.47674700400000347,0.059000209000032555,Y,1935
8,8,90,10,5,0.48064555700000255,0.07154269599993768,Y,1971
8,8,90,10,5,0.4783667980000246,0.057778979000033814,Y,1953
8,8,90,10,5,0.47717375000001994,0.0682889019999493,Y,1947
8,8,90,10,5,0.4761896370001182,0.07557255299997223,Y,1921
8,8,90,10,5,0.47729996999999,0.04310149299999466,Y,1927
8,8,90,10,5,0.47834496799993076,0.07138622700000496,Y,1950
8,4,90,10,5,0.2500146919999793,0.06686591400006137,Y,992
8,4,90,10,5,0.2480751170000417,0.061686304999966524,Y,980
8,4,90,10,5,0.24920154999995248,0.06768631599993569,Y,989
8,4,90,10,5,0.2480783809999707,0.05722445800000742,Y,974
8,4,90,10,5,0.2484781549999866,0.0833157260000803,Y,967
8,4,90,10,5,0.2483696420000001,0.06009018999992577,Y,959
8,4,90,10,5,0.24809488500000043,0.0539520329999732,Y,974
8,4,90,10,5,0.2477635669999927,0.08443113100003075,Y,981
8,4,90,10,5,0.2490555210000025,0.06032677000007425,Y,988
8,4,90,10,5,0.24848596900000075,0.05686088300001302,Y,987
4,4,90,10,5,0.2253587820000007,0.33918980200002125,Y,651
4,4,90,10,5,0.22374554599991825,0.20278903399997716,Y,650
4,4,90,10,5,0.22323348500003704,0.2397921689999407,Y,647
4,4,90,10,5,0.22322643599994763,0.18193055199998298,Y,646
4,4,90,10,5,0.22419168100003617,0.22330445299996882,Y,648
4,4,90,10,5,0.22643265700003212,0.13519730000001573,Y,660
4,4,90,10,5,0.22246874900002922,0.2931066660000283,Y,637
4,4,90,10,5,0.2220001629999615,0.33017725600001313,Y,634
4,4,90,10,5,0.22391143199996577,0.2210804860000053,Y,651
4,4,90,10,5,0.224710039999934,0.2027789159999429,Y,657
3,2,90,10,5,0.1149408279999875,2.0130537129999766,Y,259
3,2,90,10,5,0.11582660499993835,2.5301554909999595,Y,254
3,2,90,10,5,0.11475720099991804,1.8666735379999864,Y,258
3,2,90,10,5,0.11412701300002936,2.089539160999948,Y,253
3,2,90,10,5,0.11521034900005134,1.8924404719999757,Y,261
3,2,90,10,5,0.11412855599996874,2.106632341999955,Y,252
3,2,90,10,5,0.11498746099999835,2.227952387000016,Y,261
3,2,90,10,5,0.11596392200004857,2.217074131000061,Y,255
3,2,90,10,5,0.11434529699999985,1.9867216200000257,Y,254
3,2,90,10,5,0.11441607400001885,2.0661259510000036,Y,255
2,3,90,10,5,0.15734457600001406,7.905087270999957,Y,278
2,3,90,10,5,0.1574411400000031,8.868898768000008,Y,278
2,3,90,10,5,0.15757497299995293,8.618920389000039,Y,278
2,3,90,10,5,0.15890253400004895,8.719802155000025,Y,273
2,3,90,10,5,0.15729537300001084,8.534399194999935,Y,278
2,3,90,10,5,0.15674255999999787,8.76367117399991,Y,278
2,3,90,10,5,0.15751341600002888,7.562304827999924,Y,277
2,3,90,10,5,0.15798577700007854,8.056856202000006,Y,280
2,3,90,10,5,0.1598604349999846,8.56159721499995,Y,279
2,3,90,10,5,0.15686524400001645,8.781113162999986,Y,278
2,2,90,10,5,0.1078988860000436,30.42298702200003,Y,178
2,2,90,10,5,0.1094312049999644,21.792554999000004,Y,179
2,2,90,10,5,0.10754440100004103,31.853924638999843,Y,177
2,2,90,10,5,0.10782097499998144,27.936713913000176,Y,178
2,2,90,10,5,0.10799469100004444,30.61536824200016,Y,180
2,2,90,10,5,0.10975154100003692,32.50661925599991,Y,178
2,2,90,10,5,0.10774859499997547,31.59218872300005,Y,177
2,2,90,10,5,0.10816424900008315,28.29371936600012,Y,177
2,2,90,10,5,0.10764661400014575,32.18449634400008,Y,178
2,2,90,10,5,0.10784314499994707,32.75559274400018,Y,177
12,12,100,10,5,0.9393838570000526,0.06180733699989105,Y,3812
12,12,100,10,5,0.9407899479998605,0.06087362599998869,Y,3859
12,12,100,10,5,0.940273639000111,0.06760417899999993,Y,3832
12,12,100,10,5,0.9376185380000379,0.06831464499998674,Y,3797
12,12,100,10,5,0.9379779170001257,0.06503841200003535,Y,3805
12,12,100,10,5,0.9397157029999335,0.06639033299995845,Y,3776
12,12,100,10,5,0.9364097060000631,0.07773315099984757,Y,3828
12,12,100,10,5,0.9352630639999688,0.08081375599999774,Y,3796
12,12,100,10,5,0.9362538419999282,0.07338947499988535,Y,3777
12,12,100,10,5,0.9363746160000801,0.07410491299992827,Y,3799
12,8,100,10,5,0.628645004999953,0.06875414100011312,Y,2549
12,8,100,10,5,0.6290296980000676,0.08210996100001466,Y,2534
12,8,100,10,5,0.6239783280001348,0.06273983899995983,Y,2498
12,8,100,10,5,0.625895718000038,0.07077741300008711,Y,2485
12,8,100,10,5,0.6292243979999057,0.06101813399993716,Y,2530
12,8,100,10,5,0.6234660659999918,0.07227725800009921,Y,2487
12,8,100,10,5,0.6246887890000608,0.07396995999999945,Y,2509
12,8,100,10,5,0.6299959599999738,0.07547722499998599,Y,2542
12,8,100,10,5,0.625656628999991,0.07158188700009305,Y,2516
12,8,100,10,5,0.6249729509999042,0.07609202999981335,Y,2494
12,4,100,10,5,0.33092006699985177,0.07691078899995318,Y,1281
12,4,100,10,5,0.33631791400000566,0.06711528499999986,Y,1313
12,4,100,10,5,0.33088730500003294,0.07439605199999733,Y,1286
12,4,100,10,5,0.33075349499995355,0.07382345800010626,Y,1274
12,4,100,10,5,0.3302926970001181,0.07416352300015205,Y,1273
12,4,100,10,5,0.33323726499997974,0.06532167200009553,Y,1272
12,4,100,10,5,0.3341118440000628,0.0600289190000467,Y,1320
12,4,100,10,5,0.3308195859999614,0.07567880100009461,Y,1268
12,4,100,10,5,0.3310776010001746,0.06192893399997956,Y,1280
12,4,100,10,5,0.33601594099991416,0.07157404000008682,Y,1316
8,8,100,10,5,0.5952276929999698,0.0706074479999188,Y,2102
8,8,100,10,5,0.5964348100001189,0.06728694299999916,Y,2126
8,8,100,10,5,0.5974290289999544,0.06932728399988264,Y,2120
8,8,100,10,5,0.5969888930000025,0.10082274899991717,Y,2083
8,8,100,10,5,0.5966637259999743,0.08678854900006172,Y,2124
8,8,100,10,5,0.5955182839999225,0.08768635399997038,Y,2115
8,8,100,10,5,0.59968183400008,0.07871900200018445,Y,2127
8,8,100,10,5,0.5965804419998904,0.08774536599992189,Y,2109
8,8,100,10,5,0.5952553470000339,0.06666929100003927,Y,2114
8,8,100,10,5,0.5942709359998162,0.07104099499997574,Y,2093
8,4,100,10,5,0.31860353599995506,0.10016639600007693,Y,1085
8,4,100,10,5,0.31511278199991466,0.07990307099998972,Y,1077
8,4,100,10,5,0.3167577199999414,0.07605142299985346,Y,1096
8,4,100,10,5,0.31540281500008405,0.09452597900008186,Y,1080
8,4,100,10,5,0.31614667900009863,0.0849755090000599,Y,1070
8,4,100,10,5,0.3148827720000327,0.0807251940000242,Y,1074
8,4,100,10,5,0.3161622139999736,0.08434517700004562,Y,1085
8,4,100,10,5,0.31641483899989,0.06914239999991878,Y,1089
8,4,100,10,5,0.31769859300004555,0.07571704899999077,Y,1093
8,4,100,10,5,0.3152004290001287,0.08128692599984788,Y,1076
4,4,100,10,5,0.283645598000021,0.31769266399999196,Y,696
4,4,100,10,5,0.2823500279998825,0.2915306159999318,Y,696
4,4,100,10,5,0.2830630639999754,0.2701542029999473,Y,691
4,4,100,10,5,0.2823015240001041,0.24426680100009435,Y,696
4,4,100,10,5,0.2836224929999389,0.21363195600008567,Y,698
4,4,100,10,5,0.28356404399994517,0.2384613439999157,Y,706
4,4,100,10,5,0.2838264470001377,0.26401315400016756,Y,705
4,4,100,10,5,0.28488185200001226,0.23019547100000182,Y,697
4,4,100,10,5,0.2823681690001649,0.3624689840000883,Y,691
4,4,100,10,5,0.2835598149998759,0.30778407699983745,Y,694
3,2,100,10,5,0.1507628880001448,3.6107030680001344,Y,285
3,2,100,10,5,0.15316632400003982,2.8401225710001654,Y,288
3,2,100,10,5,0.1511405610000338,3.2992941499998096,Y,289
3,2,100,10,5,0.15164920200004417,2.9348320130000047,Y,293
3,2,100,10,5,0.1531353579999859,3.4877188850000493,Y,286
3,2,100,10,5,0.15133009800001673,3.488953218000006,Y,289
3,2,100,10,5,0.15305317899992588,3.459663545000012,Y,289
3,2,100,10,5,0.1508392889999186,4.576879029999986,Y,284
3,2,100,10,5,0.15410103999988678,3.520229319999885,Y,294
3,2,100,10,5,0.15557755700001508,3.3589755809999815,Y,290
2,3,100,10,5,0.19013220299996192,29.651375949999988,Y,277
2,3,100,10,5,0.19246246799991695,27.184147048000114,Y,278
2,3,100,10,5,0.19219055899998239,16.079253358999836,Y,278
2,3,100,10,5,0.190099984000085,14.36231363200011,Y,280
2,3,100,10,5,0.1903160920001028,27.944765369000038,Y,279
2,3,100,10,5,0.19002076799995393,19.344913856999938,Y,278
2,3,100,10,5,0.19283074400004807,16.764499845000046,Y,278
2,3,100,10,5,0.19063493600015136,22.892062378000105,Y,280
2,3,100,10,5,0.1898322160002408,16.322233439,Y,277
2,3,100,10,5,0.19049691700001858,17.425444369999923,Y,279
2,2,100,10,5,0.14231093500006864,64.58067638600028,Y,197
2,2,100,10,5,0.14542321100020672,67.56156041200006,Y,198
2,2,100,10,5,0.14262310499975683,54.16749040800005,Y,200
2,2,100,10,5,0.14303903599989098,71.25994110000033,Y,200
2,2,100,10,5,0.14294291899977907,62.28635414400014,Y,199
2,2,100,10,5,0.1434233160000531,51.075907338000206,Y,200
2,2,100,10,5,0.14472145799982172,43.285254217999864,Y,199
2,2,100,10,5,0.14194142800010923,73.84363940599997,Y,198
2,2,100,10,5,0.14256830000022092,57.12357570600034,Y,197
2,2,100,10,5,0.14260804799982907,36.841408652000155,Y,200
12,12,200,15,8,4.26889280100022,0.7228309810000155,Y,7793
12,12,200,15,8,4.254208245999962,0.6028747479999765,Y,7769
12,12,200,15,8,4.260764480000034,0.8080713169999854,Y,7792
12,12,200,15,8,4.268430070000022,0.7565732519997255,Y,7749
12,12,200,15,8,4.251717685000131,1.028002529999867,Y,7735
12,12,200,15,8,4.264332690000174,0.6996416449999288,Y,7787
12,12,200,15,8,4.252279858000065,0.7944216239998241,Y,7764
12,12,200,15,8,4.27324409400012,0.9056944460000977,Y,7745
12,12,200,15,8,4.267658486999835,0.7080123659998208,Y,7774
12,12,200,15,8,4.274198554999884,0.7211116749999746,Y,7821
12,8,200,15,8,2.8742644489998384,0.7666027540001323,Y,5222
12,8,200,15,8,2.8750931040001433,0.5372990350003874,Y,5219
12,8,200,15,8,2.867673626999931,0.7272323590000269,Y,5192
12,8,200,15,8,2.863748165000061,0.7997676659997524,Y,5172
12,8,200,15,8,2.8760044890000245,0.6315762490000907,Y,5217
12,8,200,15,8,2.8725559259999045,0.6825397990000965,Y,5209
12,8,200,15,8,2.885210443999995,0.9411408180001217,Y,5210
12,8,200,15,8,2.868425218999846,0.8852137169999423,Y,5168
12,8,200,15,8,2.8661085250000724,0.6539014320001115,Y,5198
12,8,200,15,8,2.862237574000119,0.8739896410002075,Y,5145
12,4,200,15,8,1.4998246800000743,0.7115582179999365,Y,2684
12,4,200,15,8,1.4961959239999487,0.7042563529998915,Y,2662
12,4,200,15,8,1.5004499720000695,0.5058864599998287,Y,2679
12,4,200,15,8,1.4941247250001197,0.6600514089996068,Y,2656
12,4,200,15,8,1.4953136199999335,0.8844377400000667,Y,2648
12,4,200,15,8,1.5012026729998524,0.6682877299999745,Y,2689
12,4,200,15,8,1.4976350419999562,0.7268457180000496,Y,2652
12,4,200,15,8,1.494480126000326,0.6297249210003883,Y,2633
12,4,200,15,8,1.5001167659997918,0.8234373020000021,Y,2645
12,4,200,15,8,1.4880588839996562,0.8380915110001297,Y,2623
8,8,200,15,8,2.6967452519998005,0.7195798279999508,Y,4191
8,8,200,15,8,2.6972078259998398,0.8148536310002328,Y,4215
8,8,200,15,8,2.7075716850001754,0.7396937370001524,Y,4240
8,8,200,15,8,2.697204248000162,0.6598758130000988,Y,4224
8,8,200,15,8,2.6943852770000376,0.6587739789999887,Y,4200
8,8,200,15,8,2.696796698000071,0.8527827659997911,Y,4201
8,8,200,15,8,2.698665873999971,0.6886461020001207,Y,4187
8,8,200,15,8,2.6947566290000395,0.7606122319998576,Y,4181
8,8,200,15,8,2.694149314000242,0.8310743820002244,Y,4159
8,8,200,15,8,2.710252406999871,0.6795869380000568,Y,4165
8,4,200,15,8,1.4101333989999603,0.8699799139999413,Y,2135
8,4,200,15,8,1.4074966820003283,0.8504973049998625,Y,2139
8,4,200,15,8,1.415046891999964,0.9018307030000869,Y,2152
8,4,200,15,8,1.4062805280000248,0.8247268569998596,Y,2128
8,4,200,15,8,1.4062137759999587,0.7084921389998726,Y,2152
8,4,200,15,8,1.408599681999931,0.9461980360003963,Y,2143
8,4,200,15,8,1.4137059980000686,0.7106708149999577,Y,2169
8,4,200,15,8,1.4038793560002887,1.056140945000152,Y,2129
8,4,200,15,8,1.407532996999862,0.6580131700000038,Y,2152
8,4,200,15,8,1.4023925329997837,0.9702165639998839,Y,2132
4,4,200,15,8,1.2404870469999878,17.953821192000078,Y,1274
4,4,200,15,8,1.2381007180001689,20.455098629000076,Y,1261
4,4,200,15,8,1.2404512779999095,16.87020740400021,Y,1274
4,4,200,15,8,1.2450902860000497,17.489984884000023,Y,1280
4,4,200,15,8,1.2382157570000345,13.186126237999815,Y,1269
4,4,200,15,8,1.2401942670001063,14.013499925000133,Y,1275
4,4,200,15,8,1.237822658999903,18.18123691599999,Y,1265
4,4,200,15,8,1.2372410100001616,15.331637754000212,Y,1273
4,4,200,15,8,1.2402268249998087,15.091374017999897,Y,1269
c,d,n,k,r,gen_time,solve_time,valid,sel_len
12,12,200,15,8,4.360137281,0.49077754000000073,Y,7733
12,12,200,15,8,4.401701384999999,0.9359193020000012,Y,7699
12,12,200,15,8,4.421787809,0.7115480930000011,Y,7831
12,12,200,15,8,4.401917826,0.9218195589999993,Y,7762
12,12,200,15,8,4.392369560999999,0.855204195999999,Y,7727
12,12,200,15,8,4.400776176000001,0.6635652989999983,Y,7696
12,12,200,15,8,4.403131672999994,0.8142723289999978,Y,7792
12,12,200,15,8,4.407999212,0.731155968000003,Y,7735
12,12,200,15,8,4.393051743000008,0.8819258330000039,Y,7748
12,12,200,15,8,4.414876268999997,0.6969948740000049,Y,7729
12,8,200,15,8,2.9638748310000054,0.7204299610000007,Y,5176
12,8,200,15,8,2.9674993369999996,0.5715802670000087,Y,5197
12,8,200,15,8,2.9613762089999938,0.5739644419999976,Y,5221
12,8,200,15,8,2.9864874150000134,0.7349531260000077,Y,5185
12,8,200,15,8,2.9891644900000074,0.8851240759999826,Y,5173
12,8,200,15,8,2.9671007900000035,0.7909474840000001,Y,5240
12,8,200,15,8,2.989563766999993,0.7934108360000067,Y,5235
12,8,200,15,8,2.9583637770000024,0.7085751150000164,Y,5181
12,8,200,15,8,2.965546720000006,0.780015910000003,Y,5211
12,8,200,15,8,2.9694908700000155,0.6054617220000011,Y,5203
12,4,200,15,8,1.5523263359999788,0.6258239569999802,Y,2642
12,4,200,15,8,1.556897104000015,0.8431784910000033,Y,2663
12,4,200,15,8,1.5488409059999952,0.5966798440000218,Y,2666
12,4,200,15,8,1.5532450699999885,0.8241301559999954,Y,2634
12,4,200,15,8,1.5516812179999846,0.8047671850000029,Y,2658
12,4,200,15,8,1.5674563289999952,0.5978507680000007,Y,2700
12,4,200,15,8,1.5738500950000116,0.6799624869999974,Y,2713
12,4,200,15,8,1.5451453529999952,0.8089385559999869,Y,2644
12,4,200,15,8,1.5493669070000067,0.6539302409999834,Y,2668
12,4,200,15,8,1.545458802000013,0.93671614900002,Y,2652
8,8,200,15,8,2.779500992999999,0.8373028400000067,Y,4192
8,8,200,15,8,2.7688899679999963,0.8039571459999877,Y,4201
8,8,200,15,8,2.78288886899999,0.940275031000013,Y,4220
8,8,200,15,8,2.782363871000001,0.9239555089999953,Y,4191
8,8,200,15,8,2.762154305999971,0.7215016609999907,Y,4151
8,8,200,15,8,2.77735223800002,0.9152332749999914,Y,4190
8,8,200,15,8,2.7696557360000043,0.8587348380000037,Y,4179
8,8,200,15,8,2.7812754640000037,0.72530176799998,Y,4222
8,8,200,15,8,2.777782012000017,0.6997725310000362,Y,4160
8,8,200,15,8,2.802776659000017,0.8588132099999939,Y,4183
8,4,200,15,8,1.452042046999992,0.7143593389999694,Y,2124
8,4,200,15,8,1.4647428399999853,0.963063472000016,Y,2138
8,4,200,15,8,1.4523850250000407,0.979203100999996,Y,2129
8,4,200,15,8,1.4444293450000032,0.9639592149999601,Y,2131
8,4,200,15,8,1.4452499310000348,1.2273505630000159,Y,2163
8,4,200,15,8,1.4516288470000234,0.9039253599999881,Y,2156
8,4,200,15,8,1.4530629630000078,1.0094570890000227,Y,2157
8,4,200,15,8,1.4506685210000114,1.0656077729999822,Y,2124
8,4,200,15,8,1.425948252999973,0.9502446380000151,Y,2104
8,4,200,15,8,1.446677588,1.2346161339999924,Y,2126
4,4,200,15,8,1.277596673000005,14.125914182000002,Y,1278
4,4,200,15,8,1.2677989670000045,17.026321457000023,Y,1269
4,4,200,15,8,1.2722164320000502,16.643517781000014,Y,1267
4,4,200,15,8,1.2716002960000026,15.786225671000011,Y,1281
4,4,200,15,8,1.288430448000014,17.033395990999992,Y,1273
4,4,200,15,8,1.2829895429999851,15.336215224000057,Y,1285
4,4,200,15,8,1.2731082099999753,13.694954183999982,Y,1273
4,4,200,15,8,1.2805327550000243,15.708054774000004,Y,1276
4,4,200,15,8,1.270400061000032,15.764054184000031,Y,1264
4,4,200,15,8,1.2760495879999212,17.821989965000057,Y,1279
3,2,200,15,8,0.6424224679993245,14917.858378034,Y,483
3,2,200,15,8,0.640067062999151,11162.339296409998,Y,490
3,2,200,15,8,0.6405110519990558,6950.229223479,Y,488
3,2,200,15,8,0.6390045789958094,22438.220984115003,Y,493
3,2,200,15,8,0.6409005690002232,7855.027892974998,Y,491
3,2,200,15,8,0.6369387780141551,7299.722368109993,Y,491
3,2,200,15,8,0.6392845769878477,6624.489298729997,Y,490
3,2,200,15,8,0.6388606010150397,7187.804793097006,Y,490
3,2,200,15,8,0.6435404679941712,20985.694109631993,Y,490
3,2,200,15,8,0.6401456539897481,6172.107962943002,Y,493
c,d,n,k,r,gen_time,solve_time,valid,sel_len
12,12,300,18,9,13.628885277,1.7103097269999998,Y,11185
12,12,300,18,9,13.644624704000002,1.7769719699999982,Y,11190
12,12,300,18,9,13.592030853999994,1.6980150150000028,Y,11168
12,12,300,18,9,13.637721965999994,1.7261916710000094,Y,11183
12,12,300,18,9,13.605180653000005,1.9319134540000107,Y,11146
12,12,300,18,9,13.620442648000008,1.7259612229999988,Y,11228
12,12,300,18,9,13.605742077000002,1.9115085779999816,Y,11178
12,12,300,18,9,13.589108369999991,2.072057275999981,Y,11192
12,12,300,18,9,13.625706404999988,1.926827916999983,Y,11194
12,12,300,18,9,13.620614711999991,2.0463969260000283,Y,11219
12,12,400,20,10,30.65291696899999,4.047972029999954,Y,14000
12,12,400,20,10,30.537426665999988,4.346801295000006,Y,13945
12,12,400,20,10,30.558130205999987,4.07600977900006,Y,14048
12,12,400,20,10,30.59245522899994,4.024972724999998,Y,14009
12,12,400,20,10,30.587578275000055,3.907416076000061,Y,14016
12,12,400,20,10,30.630748865999976,4.028789148000044,Y,14088
12,12,400,20,10,30.56615839599999,3.7087664389999873,Y,14048
12,12,400,20,10,30.49377421600002,3.995577413000035,Y,14035
12,12,400,20,10,30.54106083000005,4.251804309999898,Y,14005
12,12,400,20,10,30.455571834999944,4.016622608999967,Y,13985
12,12,500,23,12,48.99504242099994,7.842818174999991,Y,17328
12,12,500,23,12,48.88339536700016,7.417972722000172,Y,17305
12,12,500,23,12,49.08029159700004,7.773862280999992,Y,17298
12,12,500,23,12,48.914000016000045,7.721370616000058,Y,17309
12,12,500,23,12,49.04151168700014,7.1401058170004035,Y,17380
12,12,500,23,12,48.9901935879999,6.844579760999977,Y,17325
12,12,500,23,12,49.07593912899995,7.718023533000064,Y,17236
12,12,500,23,12,49.100483443999906,7.99013971699992,Y,17362
12,12,500,23,12,49.01802445700014,7.5768432439998605,Y,17298
12,12,500,23,12,49.010700107999924,7.277904207000006,Y,17356
12,8,300,18,9,9.110159088000046,1.884427131999928,Y,7427
12,8,300,18,9,9.119420271000081,1.8839205049998782,Y,7467
12,8,300,18,9,9.115327204000096,2.1507013509999524,Y,7474
12,8,300,18,9,9.095305897999879,2.0766549379998196,Y,7426
12,8,300,18,9,9.09609768200039,1.745947145999935,Y,7438
12,8,300,18,9,9.104886680000163,1.8730479690000266,Y,7451
12,8,300,18,9,9.138529585000242,1.9622228999996878,Y,7449
12,8,300,18,9,9.135900718999665,1.9020384180000747,Y,7465
12,8,300,18,9,9.085893788000021,1.930876937999983,Y,7461
12,8,300,18,9,9.127796261000185,1.8988235510000777,Y,7414
12,8,400,20,10,20.475233656,4.2229993460000514,Y,9297
12,8,400,20,10,20.44568675000005,4.095348194000508,Y,9366
12,8,400,20,10,20.470901699000024,4.095494561000123,Y,9301
12,8,400,20,10,20.437803559999793,4.045032269000103,Y,9347
12,8,400,20,10,20.446608556,4.430340618999935,Y,9320
12,8,400,20,10,20.452947920999804,4.252698018000046,Y,9383
12,8,400,20,10,20.4757065230001,4.108063032000246,Y,9359
12,8,400,20,10,20.457694827000296,4.006265793000239,Y,9392
12,8,400,20,10,20.446359536999807,3.9176852969999345,Y,9366
12,8,400,20,10,20.418319569000005,4.1150598270000955,Y,9331
12,8,500,23,12,32.93227557199975,7.371711488999836,Y,11591
12,8,500,23,12,32.7335278070002,7.79454213300005,Y,11503
12,8,500,23,12,32.7087773400001,7.452020208000022,Y,11506
12,8,500,23,12,32.828235639999775,7.916425733000096,Y,11579
12,8,500,23,12,32.758845649999785,6.728185869000299,Y,11536
12,8,500,23,12,32.847105721999924,6.662550395000153,Y,11600
12,8,500,23,12,32.66911172499999,6.584352889000229,Y,11539
12,8,500,23,12,32.71585905300003,7.042261832000122,Y,11572
12,8,500,23,12,32.76911352699972,6.998080285999777,Y,11511
12,8,500,23,12,32.789027381000324,7.147766006999973,Y,11571
12,4,300,18,9,4.640583687000117,2.123513724999839,Y,3762
12,4,300,18,9,4.614941890999717,1.7911797830001888,Y,3725
12,4,300,18,9,4.609752654999966,1.7061729160002415,Y,3731
12,4,300,18,9,4.618287950999957,1.936799811000128,Y,3747
12,4,300,18,9,4.6331761619997,1.5250497930001075,Y,3736
12,4,300,18,9,4.613839968999855,1.712447830000201,Y,3726
12,4,300,18,9,4.617497877999995,1.8514264359998833,Y,3768
12,4,300,18,9,4.625334016000352,2.182997038999929,Y,3744
12,4,300,18,9,4.598609765999981,2.029329418999623,Y,3697
12,4,300,18,9,4.5970297029996345,1.6761463480002021,Y,3718
12,4,400,20,10,10.361250378000022,4.128640376000249,Y,4699
12,4,400,20,10,10.366102964999982,4.733551219999981,Y,4697
12,4,400,20,10,10.320548349999854,5.095938004000118,Y,4658
12,4,400,20,10,10.35944411599985,3.9975672450000275,Y,4709
12,4,400,20,10,10.334720008999966,4.854590464999774,Y,4664
12,4,400,20,10,10.345334201000014,4.625338721999924,Y,4679
12,4,400,20,10,10.302448725999966,4.912250920000133,Y,4633
12,4,400,20,10,10.345589312000357,4.227843051000036,Y,4698
12,4,400,20,10,10.427565087000403,4.793986419999783,Y,4707
12,4,400,20,10,10.331499874000428,4.775061548000167,Y,4672
12,4,500,23,12,16.531225847000314,10.05952230599928,Y,5777
12,4,500,23,12,16.55557555400037,9.619659461999618,Y,5804
12,4,500,23,12,16.603859339000337,9.592335791001005,Y,5755
12,4,500,23,12,16.443012728000213,7.834400245000779,Y,5732
12,4,500,23,12,16.487568005999947,10.229624584000248,Y,5729
12,4,500,23,12,16.606920560000162,10.163201314999696,Y,5827
12,4,500,23,12,16.49944702500079,8.796738194999762,Y,5762
12,4,500,23,12,16.518084089999775,8.829891920999671,Y,5773
12,4,500,23,12,16.524424961000022,9.18157649900104,Y,5782
12,4,500,23,12,16.5338161210002,9.82645346299978,Y,5824
8,8,300,18,9,8.46451479399957,2.3051072530001875,Y,5792
8,8,300,18,9,8.496886937999534,2.1362194510006702,Y,5816
8,8,300,18,9,8.496761653000249,1.5980088629994498,Y,5795
8,8,300,18,9,8.509538483000142,2.2324454620002143,Y,5825
8,8,300,18,9,8.507694494000134,1.972357742999975,Y,5834
8,8,300,18,9,8.508920213000692,1.641100454000025,Y,5831
8,8,300,18,9,8.488918583999748,2.0298676990000786,Y,5802
8,8,300,18,9,8.487384632999692,2.0875204269996175,Y,5795
8,8,300,18,9,8.499095728000157,1.8774484990008204,Y,5826
8,8,300,18,9,8.471900314999402,2.065075973999683,Y,5785
8,8,400,20,10,18.910187600000427,5.178382239999337,Y,7048
8,8,400,20,10,18.936438409999937,5.727089424999576,Y,7054
8,8,400,20,10,18.980465650000042,5.80220350799982,Y,7091
8,8,400,20,10,18.935578813999655,5.284706124999957,Y,7035
8,8,400,20,10,19.091444491999937,7.5029586050000034,Y,7019
8,8,400,20,10,18.92448892199991,6.633763437000198,Y,7024
8,8,400,20,10,18.97051867500113,6.184043225000551,Y,7040
8,8,400,20,10,18.944524391000414,6.045090405999872,Y,7039
8,8,400,20,10,18.91149928699997,5.297785252999347,Y,7044
8,8,400,20,10,18.921228391000113,6.097983048000515,Y,7064
8,8,500,23,12,30.232944609999322,13.870747234999726,Y,8583
8,8,500,23,12,30.279995975000475,12.552277841999967,Y,8614
8,8,500,23,12,30.30162268499953,11.69195279700034,Y,8610
8,8,500,23,12,30.303479892000723,13.31971503000068,Y,8609
8,8,500,23,12,30.356867547999627,14.079564672000288,Y,8597
8,8,500,23,12,30.294653159999598,12.93076268699997,Y,8623
8,8,500,23,12,30.22810635900032,12.656582533999881,Y,8584
8,8,500,23,12,30.366482280000128,15.436265907000688,Y,8620
8,8,500,23,12,30.278979402999994,12.825744341000245,Y,8562
8,8,500,23,12,30.31216225900016,13.288142783999774,Y,8571
8,4,300,18,9,4.32787591000033,3.6080974670003343,Y,2893
8,4,300,18,9,4.341193539999949,2.8478730230008296,Y,2925
8,4,300,18,9,4.318922866999856,3.8899430269998447,Y,2915
8,4,300,18,9,4.322521808000147,3.3890980240003046,Y,2916
8,4,300,18,9,4.306547119000243,3.782142408999789,Y,2876
8,4,300,18,9,4.333214414999929,3.805130218999693,Y,2905
8,4,300,18,9,4.3154688220001844,3.437953627999377,Y,2907
8,4,300,18,9,4.300327990999449,4.079258020000452,Y,2878
8,4,300,18,9,4.312396465999427,3.669796162000239,Y,2899
8,4,300,18,9,4.315924187999826,3.501944491999893,Y,2913
8,4,400,20,10,9.583673894999265,19.073614448000626,Y,3508
8,4,400,20,10,9.581616352000765,18.43150116300012,Y,3513
8,4,400,20,10,9.574373859000389,15.23824216200046,Y,3507
8,4,400,20,10,9.626258623999547,13.674848382999699,Y,3556
8,4,400,20,10,9.582324959999823,15.963593445000242,Y,3520
8,4,400,20,10,9.57728398000063,19.730035624999346,Y,3511
8,4,400,20,10,9.642384529000083,14.628406308999729,Y,3553