c,d,n,k,r,gen_time,solve_time,valid,sel_len
12,12,300,18,9,13.628885277,1.7103097269999998,Y,11185
12,12,300,18,9,13.644624704000002,1.7769719699999982,Y,11190
12,12,300,18,9,13.592030853999994,1.6980150150000028,Y,11168
12,12,300,18,9,13.637721965999994,1.7261916710000094,Y,11183
12,12,300,18,9,13.605180653000005,1.9319134540000107,Y,11146
12,12,300,18,9,13.620442648000008,1.7259612229999988,Y,11228
12,12,300,18,9,13.605742077000002,1.9115085779999816,Y,11178
12,12,300,18,9,13.589108369999991,2.072057275999981,Y,11192
12,12,300,18,9,13.625706404999988,1.926827916999983,Y,11194
12,12,300,18,9,13.620614711999991,2.0463969260000283,Y,11219
12,12,400,20,10,30.65291696899999,4.047972029999954,Y,14000
12,12,400,20,10,30.537426665999988,4.346801295000006,Y,13945
12,12,400,20,10,30.558130205999987,4.07600977900006,Y,14048
12,12,400,20,10,30.59245522899994,4.024972724999998,Y,14009
12,12,400,20,10,30.587578275000055,3.907416076000061,Y,14016
12,12,400,20,10,30.630748865999976,4.028789148000044,Y,14088
12,12,400,20,10,30.56615839599999,3.7087664389999873,Y,14048
12,12,400,20,10,30.49377421600002,3.995577413000035,Y,14035
12,12,400,20,10,30.54106083000005,4.251804309999898,Y,14005
12,12,400,20,10,30.455571834999944,4.016622608999967,Y,13985
12,12,500,23,12,48.99504242099994,7.842818174999991,Y,17328
12,12,500,23,12,48.88339536700016,7.417972722000172,Y,17305
12,12,500,23,12,49.08029159700004,7.773862280999992,Y,17298
12,12,500,23,12,48.914000016000045,7.721370616000058,Y,17309
12,12,500,23,12,49.04151168700014,7.1401058170004035,Y,17380
12,12,500,23,12,48.9901935879999,6.844579760999977,Y,17325
12,12,500,23,12,49.07593912899995,7.718023533000064,Y,17236
12,12,500,23,12,49.100483443999906,7.99013971699992,Y,17362
12,12,500,23,12,49.01802445700014,7.5768432439998605,Y,17298
12,12,500,23,12,49.010700107999924,7.277904207000006,Y,17356
12,8,300,18,9,9.110159088000046,1.884427131999928,Y,7427
12,8,300,18,9,9.119420271000081,1.8839205049998782,Y,7467
12,8,300,18,9,9.115327204000096,2.1507013509999524,Y,7474
12,8,300,18,9,9.095305897999879,2.0766549379998196,Y,7426
12,8,300,18,9,9.09609768200039,1.745947145999935,Y,7438
12,8,300,18,9,9.104886680000163,1.8730479690000266,Y,7451
12,8,300,18,9,9.138529585000242,1.9622228999996878,Y,7449
12,8,300,18,9,9.135900718999665,1.9020384180000747,Y,7465
12,8,300,18,9,9.085893788000021,1.930876937999983,Y,7461
12,8,300,18,9,9.127796261000185,1.8988235510000777,Y,7414
12,8,400,20,10,20.475233656,4.2229993460000514,Y,9297
12,8,400,20,10,20.44568675000005,4.095348194000508,Y,9366
12,8,400,20,10,20.470901699000024,4.095494561000123,Y,9301
12,8,400,20,10,20.437803559999793,4.045032269000103,Y,9347
12,8,400,20,10,20.446608556,4.430340618999935,Y,9320
12,8,400,20,10,20.452947920999804,4.252698018000046,Y,9383
12,8,400,20,10,20.4757065230001,4.108063032000246,Y,9359
12,8,400,20,10,20.457694827000296,4.006265793000239,Y,9392
12,8,400,20,10,20.446359536999807,3.9176852969999345,Y,9366
12,8,400,20,10,20.418319569000005,4.1150598270000955,Y,9331
12,8,500,23,12,32.93227557199975,7.371711488999836,Y,11591
12,8,500,23,12,32.7335278070002,7.79454213300005,Y,11503
12,8,500,23,12,32.7087773400001,7.452020208000022,Y,11506
12,8,500,23,12,32.828235639999775,7.916425733000096,Y,11579
12,8,500,23,12,32.758845649999785,6.728185869000299,Y,11536
12,8,500,23,12,32.847105721999924,6.662550395000153,Y,11600
12,8,500,23,12,32.66911172499999,6.584352889000229,Y,11539
12,8,500,23,12,32.71585905300003,7.042261832000122,Y,11572
12,8,500,23,12,32.76911352699972,6.998080285999777,Y,11511
12,8,500,23,12,32.789027381000324,7.147766006999973,Y,11571
12,4,300,18,9,4.640583687000117,2.123513724999839,Y,3762
12,4,300,18,9,4.614941890999717,1.7911797830001888,Y,3725
12,4,300,18,9,4.609752654999966,1.7061729160002415,Y,3731
12,4,300,18,9,4.618287950999957,1.936799811000128,Y,3747
12,4,300,18,9,4.6331761619997,1.5250497930001075,Y,3736
12,4,300,18,9,4.613839968999855,1.712447830000201,Y,3726
12,4,300,18,9,4.617497877999995,1.8514264359998833,Y,3768
12,4,300,18,9,4.625334016000352,2.182997038999929,Y,3744
12,4,300,18,9,4.598609765999981,2.029329418999623,Y,3697
12,4,300,18,9,4.5970297029996345,1.6761463480002021,Y,3718
12,4,400,20,10,10.361250378000022,4.128640376000249,Y,4699
12,4,400,20,10,10.366102964999982,4.733551219999981,Y,4697
12,4,400,20,10,10.320548349999854,5.095938004000118,Y,4658
12,4,400,20,10,10.35944411599985,3.9975672450000275,Y,4709
12,4,400,20,10,10.334720008999966,4.854590464999774,Y,4664
12,4,400,20,10,10.345334201000014,4.625338721999924,Y,4679
12,4,400,20,10,10.302448725999966,4.912250920000133,Y,4633
12,4,400,20,10,10.345589312000357,4.227843051000036,Y,4698
12,4,400,20,10,10.427565087000403,4.793986419999783,Y,4707
12,4,400,20,10,10.331499874000428,4.775061548000167,Y,4672
12,4,500,23,12,16.531225847000314,10.05952230599928,Y,5777
12,4,500,23,12,16.55557555400037,9.619659461999618,Y,5804
12,4,500,23,12,16.603859339000337,9.592335791001005,Y,5755
12,4,500,23,12,16.443012728000213,7.834400245000779,Y,5732
12,4,500,23,12,16.487568005999947,10.229624584000248,Y,5729
12,4,500,23,12,16.606920560000162,10.163201314999696,Y,5827
12,4,500,23,12,16.49944702500079,8.796738194999762,Y,5762
12,4,500,23,12,16.518084089999775,8.829891920999671,Y,5773
12,4,500,23,12,16.524424961000022,9.18157649900104,Y,5782
12,4,500,23,12,16.5338161210002,9.82645346299978,Y,5824
8,8,300,18,9,8.46451479399957,2.3051072530001875,Y,5792
8,8,300,18,9,8.496886937999534,2.1362194510006702,Y,5816
8,8,300,18,9,8.496761653000249,1.5980088629994498,Y,5795
8,8,300,18,9,8.509538483000142,2.2324454620002143,Y,5825
8,8,300,18,9,8.507694494000134,1.972357742999975,Y,5834
8,8,300,18,9,8.508920213000692,1.641100454000025,Y,5831
8,8,300,18,9,8.488918583999748,2.0298676990000786,Y,5802
8,8,300,18,9,8.487384632999692,2.0875204269996175,Y,5795
8,8,300,18,9,8.499095728000157,1.8774484990008204,Y,5826
8,8,300,18,9,8.471900314999402,2.065075973999683,Y,5785
8,8,400,20,10,18.910187600000427,5.178382239999337,Y,7048
8,8,400,20,10,18.936438409999937,5.727089424999576,Y,7054
8,8,400,20,10,18.980465650000042,5.80220350799982,Y,7091
8,8,400,20,10,18.935578813999655,5.284706124999957,Y,7035
8,8,400,20,10,19.091444491999937,7.5029586050000034,Y,7019
8,8,400,20,10,18.92448892199991,6.633763437000198,Y,7024
8,8,400,20,10,18.97051867500113,6.184043225000551,Y,7040
8,8,400,20,10,18.944524391000414,6.045090405999872,Y,7039
8,8,400,20,10,18.91149928699997,5.297785252999347,Y,7044
8,8,400,20,10,18.921228391000113,6.097983048000515,Y,7064
8,8,500,23,12,30.232944609999322,13.870747234999726,Y,8583
8,8,500,23,12,30.279995975000475,12.552277841999967,Y,8614
8,8,500,23,12,30.30162268499953,11.69195279700034,Y,8610
8,8,500,23,12,30.303479892000723,13.31971503000068,Y,8609
8,8,500,23,12,30.356867547999627,14.079564672000288,Y,8597
8,8,500,23,12,30.294653159999598,12.93076268699997,Y,8623
8,8,500,23,12,30.22810635900032,12.656582533999881,Y,8584
8,8,500,23,12,30.366482280000128,15.436265907000688,Y,8620
8,8,500,23,12,30.278979402999994,12.825744341000245,Y,8562
8,8,500,23,12,30.31216225900016,13.288142783999774,Y,8571
8,4,300,18,9,4.32787591000033,3.6080974670003343,Y,2893
8,4,300,18,9,4.341193539999949,2.8478730230008296,Y,2925
8,4,300,18,9,4.318922866999856,3.8899430269998447,Y,2915
8,4,300,18,9,4.322521808000147,3.3890980240003046,Y,2916
8,4,300,18,9,4.306547119000243,3.782142408999789,Y,2876
8,4,300,18,9,4.333214414999929,3.805130218999693,Y,2905
8,4,300,18,9,4.3154688220001844,3.437953627999377,Y,2907
8,4,300,18,9,4.300327990999449,4.079258020000452,Y,2878
8,4,300,18,9,4.312396465999427,3.669796162000239,Y,2899
8,4,300,18,9,4.315924187999826,3.501944491999893,Y,2913
8,4,400,20,10,9.583673894999265,19.073614448000626,Y,3508
8,4,400,20,10,9.581616352000765,18.43150116300012,Y,3513
8,4,400,20,10,9.574373859000389,15.23824216200046,Y,3507
8,4,400,20,10,9.626258623999547,13.674848382999699,Y,3556
8,4,400,20,10,9.582324959999823,15.963593445000242,Y,3520
8,4,400,20,10,9.57728398000063,19.730035624999346,Y,3511
8,4,400,20,10,9.642384529000083,14.628406308999729,Y,3553
8,4,400,20,10,9.586454589999903,18.530633880000096,Y,3514
8,4,400,20,10,9.59471789600002,15.91418560900047,Y,3524
8,4,400,20,10,9.572236362999774,15.088000841000394,Y,3499
8,4,500,23,12,15.409333606999553,55.39840430100003,Y,4287
8,4,500,23,12,15.304320002000168,53.63266346099999,Y,4303
8,4,500,23,12,15.28652798100029,60.66871486300079,Y,4264
8,4,500,23,12,15.326706321000074,57.70562683599928,Y,4267
8,4,500,23,12,15.309839951999948,48.57462146500029,Y,4302
8,4,500,23,12,15.303946689999975,49.24685616800025,Y,4296
8,4,500,23,12,15.315526206999493,57.34838081899943,Y,4303
8,4,500,23,12,15.366694779000227,55.013643306000176,Y,4292
8,4,500,23,12,15.295847068999592,52.54573032300004,Y,4305
8,4,500,23,12,15.34617193899976,53.704827176999515,Y,4283
4,4,300,18,9,3.813279720000537,90.81519080199905,Y,1630
4,4,300,18,9,3.8089600260000225,98.07757322700127,Y,1633
4,4,300,18,9,3.8015599109985487,96.23459427299986,Y,1627
4,4,300,18,9,3.8002401580006335,83.45199739499913,Y,1632
4,4,300,18,9,3.7988327310004024,85.94672097700004,Y,1635
4,4,300,18,9,3.8064869579993683,102.5048774550014,Y,1631
4,4,300,18,9,3.810266330000559,102.43951348300016,Y,1632
4,4,300,18,9,3.8004739740008517,97.77461218500048,Y,1630
4,4,300,18,9,3.7931323619995965,86.53223896499912,Y,1626
4,4,300,18,9,3.7981668560005346,103.04410878499948,Y,1631