c,d,n,k,r,gen_time,solve_time,valid,sel_len
12,12,100,10,5,1.2902343273162842,0.027986526489257812,Y,3852
12,12,100,10,5,1.3277459144592285,0.02822113037109375,Y,3803
12,12,100,10,5,1.3261120319366455,0.03016376495361328,Y,3804
12,12,100,10,5,1.345412015914917,0.0357670783996582,Y,3815
12,12,100,10,5,1.376908779144287,0.029703855514526367,Y,3837
12,12,200,15,8,6.152984142303467,0.3908810615539551,Y,7691
12,12,200,15,8,6.441094160079956,0.39655566215515137,Y,7712
12,12,200,15,8,6.63232421875,0.4393749237060547,Y,7702
12,12,200,15,8,6.80476713180542,0.5241196155548096,Y,7756
12,12,200,15,8,6.87793755531311,0.43985629081726074,Y,7733
12,12,300,18,9,16.464836835861206,1.0369889736175537,Y,11169
12,12,300,18,9,16.651458740234375,0.8674240112304688,Y,11148
12,12,300,18,9,16.87843346595764,0.8531837463378906,Y,11168
12,12,300,18,9,16.971044063568115,0.905989408493042,Y,11219
12,12,300,18,9,17.039653778076172,0.7813749313354492,Y,11178
12,12,400,20,10,31.055217742919922,1.5689680576324463,Y,14016
12,12,400,20,10,30.802730083465576,1.4699137210845947,Y,14005
12,12,400,20,10,30.855616092681885,1.5194742679595947,Y,14059
12,12,400,20,10,30.95419931411743,1.4563841819763184,Y,14095
12,12,400,20,10,30.77665424346924,1.5371158123016357,Y,14025
12,12,500,23,12,49.426233530044556,2.7685348987579346,Y,17369
12,12,500,23,12,48.9308557510376,2.77038311958313,Y,17358
12,12,500,23,12,48.45410370826721,2.692425012588501,Y,17293
12,12,500,23,12,48.31532692909241,2.754844903945923,Y,17309
12,12,500,23,12,47.552281856536865,2.617232322692871,Y,17369
12,8,100,10,5,1.0387639999389648,0.036130666732788086,Y,2543
12,8,100,10,5,1.041628122329712,0.03003835678100586,Y,2519
12,8,100,10,5,1.0628361701965332,0.04293990135192871,Y,2542
12,8,100,10,5,1.0355281829833984,0.03650712966918945,Y,2491
12,8,100,10,5,1.0581879615783691,0.04126596450805664,Y,2517
12,8,200,15,8,4.6890318393707275,0.41051268577575684,Y,5251
12,8,200,15,8,4.753680467605591,0.34464168548583984,Y,5214
12,8,200,15,8,4.727174997329712,0.3316037654876709,Y,5168
12,8,200,15,8,4.709782600402832,0.4396951198577881,Y,5203
12,8,200,15,8,4.716457366943359,0.49489879608154297,Y,5216
12,8,300,18,9,10.946911573410034,0.8216114044189453,Y,7469
12,8,300,18,9,11.000421047210693,0.7313354015350342,Y,7433
12,8,300,18,9,11.02889895439148,0.7873010635375977,Y,7438
12,8,300,18,9,10.939005136489868,0.8045322895050049,Y,7413
12,8,300,18,9,10.928788900375366,0.8285062313079834,Y,7507
12,8,400,20,10,19.740323066711426,1.3123080730438232,Y,9351
12,8,400,20,10,19.91515851020813,1.474776029586792,Y,9416
12,8,400,20,10,19.85559058189392,1.7057788372039795,Y,9375
12,8,400,20,10,19.852587699890137,1.4155611991882324,Y,9390
12,8,400,20,10,20.094687938690186,1.4658567905426025,Y,9380
12,8,500,23,12,32.06670784950256,2.595294237136841,Y,11595
12,8,500,23,12,31.907101154327393,2.7356600761413574,Y,11553
12,8,500,23,12,31.956159114837646,2.7273004055023193,Y,11548
12,8,500,23,12,32.1183660030365,2.580073833465576,Y,11504
