c,d,n,k,r,gen_time,solve_time,valid,sel_len
4,4,100,10,5,0.10315799713134766,0.10445308685302734,Y,696
4,4,100,10,5,0.08789825439453125,0.028284072875976562,Y,696
4,4,100,10,5,0.09067797660827637,0.00032901763916015625,Y,696
4,4,100,10,5,0.09299731254577637,7.009506225585938e-05,Y,696
4,4,100,10,5,0.11753010749816895,0.2153322696685791,Y,702
4,4,100,10,5,0.13337397575378418,0.03704977035522461,Y,702
4,4,100,10,5,0.09007692337036133,0.00016880035400390625,Y,702
4,4,100,10,5,0.08507609367370605,6.508827209472656e-05,Y,702
4,4,100,10,5,0.09246206283569336,0.08301496505737305,Y,703
4,4,100,10,5,0.09081816673278809,0.023589134216308594,Y,703
4,4,100,10,5,0.09053325653076172,0.0001761913299560547,Y,703
4,4,100,10,5,0.08847403526306152,0.00010180473327636719,Y,703
4,4,100,10,5,0.10060906410217285,0.10027289390563965,Y,706
4,4,100,10,5,0.09129810333251953,0.035901784896850586,Y,706
4,4,100,10,5,0.09621882438659668,0.0002620220184326172,Y,706
4,4,100,10,5,0.08707499504089355,5.1975250244140625e-05,Y,706
4,4,100,10,5,0.0898580551147461,0.12255001068115234,Y,695
4,4,100,10,5,0.08963894844055176,0.024398088455200195,Y,695
4,4,100,10,5,0.08729887008666992,0.00016307830810546875,Y,695
4,4,100,10,5,0.08730196952819824,5.793571472167969e-05,Y,695
4,4,100,10,5,0.0922691822052002,0.1540360450744629,Y,697
4,4,100,10,5,0.09252214431762695,0.03351020812988281,Y,697
4,4,100,10,5,0.08710098266601562,0.00015783309936523438,Y,697
4,4,100,10,5,0.08603692054748535,7.009506225585938e-05,Y,697
4,4,100,10,5,0.09112095832824707,0.14229416847229004,Y,693
4,4,100,10,5,0.0926201343536377,0.02956986427307129,Y,693
4,4,100,10,5,0.0868990421295166,0.00014281272888183594,Y,693
4,4,100,10,5,0.08345699310302734,6.103515625e-05,Y,693
4,4,100,10,5,0.09356999397277832,0.05889701843261719,Y,701
4,4,100,10,5,0.09285783767700195,0.03050374984741211,Y,701
4,4,100,10,5,0.08839821815490723,0.0002028942108154297,Y,701
4,4,100,10,5,0.08564901351928711,5.602836608886719e-05,Y,701
4,4,100,10,5,0.09507012367248535,0.09213423728942871,Y,707
4,4,100,10,5,0.09307599067687988,0.02107405662536621,Y,707
4,4,100,10,5,0.09050512313842773,0.0001678466796875,Y,707
4,4,100,10,5,0.09050226211547852,5.125999450683594e-05,Y,707
4,4,100,10,5,0.09668612480163574,0.17793798446655273,Y,698
4,4,100,10,5,0.08929777145385742,0.035888671875,Y,698
4,4,100,10,5,0.0911722183227539,0.00015616416931152344,Y,698
4,4,100,10,5,0.08494687080383301,7.104873657226562e-05,Y,698
4,4,200,15,8,0.4137258529663086,5.445677995681763,Y,1272
4,4,200,15,8,0.4248807430267334,1.8813271522521973,Y,1272
4,4,200,15,8,0.4343068599700928,0.0005269050598144531,Y,1272
4,4,200,15,8,0.4122922420501709,0.00020599365234375,Y,1272
4,4,200,15,8,0.43184423446655273,4.5301902294158936,Y,1276
4,4,200,15,8,0.4446127414703369,1.4360020160675049,Y,1276
4,4,200,15,8,0.4428260326385498,0.0005290508270263672,Y,1276
4,4,200,15,8,0.44268798828125,0.0002071857452392578,Y,1276
4,4,200,15,8,0.44606685638427734,4.5288848876953125,Y,1270
4,4,200,15,8,0.4483649730682373,1.474090337753296,Y,1270
4,4,200,15,8,0.4476020336151123,0.0005428791046142578,Y,1270
4,4,200,15,8,0.44364404678344727,0.00021195411682128906,Y,1270
4,4,200,15,8,0.47321486473083496,6.448061943054199,Y,1275
4,4,200,15,8,0.48455190658569336,1.8052680492401123,Y,1275
4,4,200,15,8,0.45645880699157715,0.0005390644073486328,Y,1275
4,4,200,15,8,0.45784997940063477,0.0002110004425048828,Y,1275
4,4,200,15,8,0.4818108081817627,5.056010007858276,Y,1274
4,4,200,15,8,0.5098209381103516,1.5852680206298828,Y,1274
4,4,200,15,8,0.459381103515625,0.0005738735198974609,Y,1274
4,4,200,15,8,0.46453189849853516,0.000186920166015625,Y,1274
4,4,200,15,8,0.4708731174468994,6.367899179458618,Y,1275
4,4,200,15,8,0.5028879642486572,1.950700044631958,Y,1275
4,4,200,15,8,0.5062499046325684,0.0005252361297607422,Y,1275
4,4,200,15,8,0.48384571075439453,0.0002269744873046875,Y,1275
4,4,200,15,8,0.5084397792816162,5.991687059402466,Y,1279
4,4,200,15,8,0.49222803115844727,1.7070460319519043,Y,1279
4,4,200,15,8,0.503159761428833,0.0005929470062255859,Y,1279
4,4,200,15,8,0.47829413414001465,0.00024509429931640625,Y,1279
4,4,200,15,8,0.5046570301055908,5.788459062576294,Y,1279
4,4,200,15,8,0.524756908416748,1.6802318096160889,Y,1279
4,4,200,15,8,0.487652063369751,0.0005769729614257812,Y,1279
4,4,200,15,8,0.4887843132019043,0.0002028942108154297,Y,1279
4,4,200,15,8,0.5054399967193604,5.796667098999023,Y,1284
4,4,200,15,8,0.48763489723205566,1.676137924194336,Y,1284
4,4,200,15,8,0.505169153213501,0.0004811286926269531,Y,1284
4,4,200,15,8,0.4777522087097168,0.00023698806762695312,Y,1284
4,4,200,15,8,0.48893117904663086,4.440665006637573,Y,1279
4,4,200,15,8,0.49097490310668945,1.4913957118988037,Y,1279
4,4,200,15,8,0.5039520263671875,0.0006101131439208984,Y,1279
4,4,200,15,8,0.46749210357666016,0.0002200603485107422,Y,1279
4,4,300,18,9,1.1311092376708984,37.572521924972534,Y,1627
4,4,300,18,9,1.126326084136963,12.970568895339966,Y,1627
4,4,300,18,9,1.1302993297576904,0.084381103515625,Y,1627
4,4,300,18,9,1.1189420223236084,0.000377655029296875,Y,1627
4,4,300,18,9,1.152129888534546,37.42829990386963,Y,1625
4,4,300,18,9,1.1335680484771729,12.009256839752197,Y,1625
4,4,300,18,9,1.1571199893951416,0.07165813446044922,Y,1625
4,4,300,18,9,1.0847370624542236,0.0004222393035888672,Y,1625
4,4,300,18,9,1.1425087451934814,36.44023299217224,Y,1631
4,4,300,18,9,1.1519269943237305,13.309605121612549,Y,1631
4,4,300,18,9,1.1079392433166504,0.03089594841003418,Y,1631
4,4,300,18,9,1.0993709564208984,0.0004630088806152344,Y,1631
4,4,300,18,9,1.137773036956787,37.117138147354126,Y,1627
4,4,300,18,9,1.1357131004333496,15.572036027908325,Y,1627
4,4,300,18,9,1.1691651344299316,0.09212517738342285,Y,1627
4,4,300,18,9,1.1193437576293945,0.0004930496215820312,Y,1627
4,4,300,18,9,1.1363909244537354,34.703782081604004,Y,1632
4,4,300,18,9,1.1293530464172363,11.899739980697632,Y,1632
4,4,300,18,9,1.1403026580810547,0.06759881973266602,Y,1632
4,4,300,18,9,1.0864088535308838,0.00043129920959472656,Y,1632
4,4,300,18,9,1.1137421131134033,31.090713024139404,Y,1632
4,4,300,18,9,1.1207921504974365,12.145179033279419,Y,1632
4,4,300,18,9,1.1110470294952393,0.07230210304260254,Y,1632
4,4,300,18,9,1.1059472560882568,0.00045013427734375,Y,1632
4,4,300,18,9,1.1316289901733398,35.77596592903137,Y,1629
4,4,300,18,9,1.113893747329712,12.604067087173462,Y,1629
4,4,300,18,9,1.147078275680542,0.07881903648376465,Y,1629
4,4,300,18,9,1.0645029544830322,0.0004677772521972656,Y,1629
4,4,300,18,9,1.105168342590332,36.925543785095215,Y,1628
4,4,300,18,9,1.1050817966461182,13.341152906417847,Y,1628
4,4,300,18,9,1.110198974609375,0.03676581382751465,Y,1628
4,4,300,18,9,1.0869290828704834,0.0004620552062988281,Y,1628
4,4,300,18,9,1.1319489479064941,33.581175088882446,Y,1635
4,4,300,18,9,1.1083791255950928,12.18935513496399,Y,1635
4,4,300,18,9,1.1389124393463135,0.03488588333129883,Y,1635
4,4,300,18,9,1.0764360427856445,0.00039196014404296875,Y,1635
4,4,300,18,9,1.1046819686889648,40.913443088531494,Y,1637
4,4,300,18,9,1.1395180225372314,13.433470964431763,Y,1637
4,4,300,18,9,1.1209747791290283,0.03647208213806152,Y,1637
4,4,300,18,9,1.1171648502349854,0.0004658699035644531,Y,1637
4,4,400,20,10,x,>(4000-x),Y?,?
