c,d,n,k,r,gen_time,solve_time,valid,sel_len
12,12,10,4,2,0.0019689999999999985,0.00010799999999999699,Y,253
12,12,10,4,2,0.001351000000000005,3.999999999998449e-05,Y,256
12,12,10,4,2,0.0013289999999999969,3.600000000000825e-05,Y,253
12,12,10,4,2,0.0013299999999999979,3.400000000000625e-05,Y,260
12,12,10,4,2,0.001461999999999991,3.200000000000425e-05,Y,246
12,12,10,4,2,0.001346999999999987,3.0000000000002247e-05,Y,256
12,12,10,4,2,0.001367000000000007,2.8000000000000247e-05,Y,253
12,12,10,4,2,0.0013440000000000119,2.8000000000000247e-05,Y,258
12,12,10,4,2,0.0013259999999999939,2.6999999999999247e-05,Y,260
12,12,10,4,2,0.0013370000000000049,2.5999999999998247e-05,Y,262
12,8,10,4,2,0.0009669999999999956,2.3999999999996247e-05,Y,172
12,8,10,4,2,0.0009480000000000044,2.5999999999998247e-05,Y,169
12,8,10,4,2,0.0009630000000000194,2.4999999999997247e-05,Y,175
12,8,10,4,2,0.0009470000000000034,2.3999999999996247e-05,Y,168
12,8,10,4,2,0.0009510000000000074,2.3000000000023002e-05,Y,170
12,8,10,4,2,0.0009589999999999876,2.5000000000025002e-05,Y,171
12,8,10,4,2,0.0009869999999999879,2.4999999999997247e-05,Y,172
12,8,10,4,2,0.0009540000000000104,2.3999999999996247e-05,Y,174
12,8,10,4,2,0.0009720000000000006,2.2999999999995246e-05,Y,185
12,8,10,4,2,0.0009549999999999836,2.5999999999998247e-05,Y,173
12,4,10,4,2,0.0005969999999999864,2.3999999999996247e-05,Y,93
12,4,10,4,2,0.0006460000000000077,2.3999999999996247e-05,Y,90
12,4,10,4,2,0.0006480000000000097,2.3999999999996247e-05,Y,92
12,4,10,4,2,0.0006589999999999929,2.3000000000023002e-05,Y,92
12,4,10,4,2,0.0006489999999999829,2.8000000000000247e-05,Y,90
12,4,10,4,2,0.0006490000000000107,3.400000000000625e-05,Y,88
12,4,10,4,2,0.0005950000000000122,2.0999999999993246e-05,Y,90
12,4,10,4,2,0.0006000000000000172,2.2000000000022002e-05,Y,92
12,4,10,4,2,0.0005949999999999844,2.2999999999995246e-05,Y,92
12,4,10,4,2,0.0005870000000000042,2.0999999999993246e-05,Y,87
8,8,10,4,2,0.0009609999999999896,2.3999999999996247e-05,Y,170
8,8,10,4,2,0.0009469999999999756,2.4000000000024002e-05,Y,168
8,8,10,4,2,0.0009429999999999994,2.4999999999997247e-05,Y,163
8,8,10,4,2,0.0009369999999999934,2.1999999999994246e-05,Y,163
8,8,10,4,2,0.0009579999999999866,2.2999999999995246e-05,Y,168
8,8,10,4,2,0.0009510000000000074,2.2999999999995246e-05,Y,166
8,8,10,4,2,0.0009359999999999924,2.1999999999994246e-05,Y,158
8,8,10,4,2,0.0009730000000000016,2.3999999999996247e-05,Y,170
8,8,10,4,2,0.0009550000000000114,2.3999999999996247e-05,Y,166
8,8,10,4,2,0.0009409999999999974,2.2999999999995246e-05,Y,164
8,4,10,4,2,0.0006140000000000034,2.2999999999995246e-05,Y,94
8,4,10,4,2,0.0005999999999999894,2.3999999999996247e-05,Y,90
8,4,10,4,2,0.0005960000000000132,2.0999999999993246e-05,Y,90
8,4,10,4,2,0.0005909999999999804,2.3999999999996247e-05,Y,84
8,4,10,4,2,0.0005850000000000022,2.0999999999993246e-05,Y,88
8,4,10,4,2,0.0005869999999999764,2.3999999999996247e-05,Y,88
8,4,10,4,2,0.0006000000000000172,2.1999999999994246e-05,Y,89
8,4,10,4,2,0.0006079999999999974,2.0999999999993246e-05,Y,86
8,4,10,4,2,0.0005850000000000022,2.2999999999995246e-05,Y,87
8,4,10,4,2,0.0005880000000000052,2.0999999999993246e-05,Y,89
4,4,10,4,2,0.0005630000000000079,2.4999999999997247e-05,Y,72
4,4,10,4,2,0.0005729999999999902,2.4000000000024002e-05,Y,72
4,4,10,4,2,0.0005729999999999902,2.2999999999995246e-05,Y,73
4,4,10,4,2,0.0005610000000000059,2.4999999999997247e-05,Y,71
4,4,10,4,2,0.0006160000000000054,2.4999999999997247e-05,Y,78
4,4,10,4,2,0.0005710000000000159,2.4000000000024002e-05,Y,75
4,4,10,4,2,0.0005809999999999982,2.3999999999996247e-05,Y,76
4,4,10,4,2,0.0005749999999999922,2.4999999999997247e-05,Y,74
4,4,10,4,2,0.0005749999999999922,2.2999999999995246e-05,Y,79
4,4,10,4,2,0.0005809999999999982,2.2999999999995246e-05,Y,75
3,2,10,4,2,0.0003800000000000192,2.3999999999996247e-05,Y,37
3,2,10,4,2,0.0003780000000000172,2.9000000000001247e-05,Y,34
3,2,10,4,2,0.00037699999999998846,2.5999999999998247e-05,Y,32
3,2,10,4,2,0.00037599999999998746,3.100000000000325e-05,Y,33
3,2,10,4,2,0.00038399999999999546,2.4999999999997247e-05,Y,40
3,2,10,4,2,0.0003780000000000172,2.4999999999997247e-05,Y,36
3,2,10,4,2,0.0003740000000000132,2.4999999999997247e-05,Y,33
3,2,10,4,2,0.00042999999999998595,2.9000000000001247e-05,Y,34
3,2,10,4,2,0.0004069999999999907,2.8000000000000247e-05,Y,31
3,2,10,4,2,0.00043899999999999495,2.8000000000000247e-05,Y,38
2,3,10,4,2,0.0004929999999999934,3.0000000000002247e-05,Y,42
2,3,10,4,2,0.0004899999999999904,3.100000000000325e-05,Y,39
2,3,10,4,2,0.0004850000000000132,2.5999999999998247e-05,Y,41
2,3,10,4,2,0.0004720000000000002,2.6999999999999247e-05,Y,44
2,3,10,4,2,0.0004340000000000177,3.899999999998349e-05,Y,39
2,3,10,4,2,0.00043999999999999595,2.9000000000001247e-05,Y,42
2,3,10,4,2,0.0004539999999999822,3.100000000000325e-05,Y,39
2,3,10,4,2,0.00045300000000000895,3.0000000000002247e-05,Y,46
2,3,10,4,2,0.00043899999999999495,2.6999999999999247e-05,Y,40
2,3,10,4,2,0.00044399999999999995,2.4999999999997247e-05,Y,44
2,2,10,4,2,0.00037199999999998346,4.300000000001525e-05,Y,31
2,2,10,4,2,0.0003700000000000092,2.8000000000000247e-05,Y,29
2,2,10,4,2,0.0003740000000000132,2.8000000000000247e-05,Y,30
2,2,10,4,2,0.00036999999999998145,2.9000000000001247e-05,Y,26
2,2,10,4,2,0.0003770000000000162,2.6999999999999247e-05,Y,31
2,2,10,4,2,0.0003750000000000142,2.5999999999998247e-05,Y,35
2,2,10,4,2,0.00036499999999997645,2.5999999999998247e-05,Y,28
2,2,10,4,2,0.0003730000000000122,2.6999999999999247e-05,Y,30
2,2,10,4,2,0.00037199999999998346,4.300000000001525e-05,Y,30
2,2,10,4,2,0.0003680000000000072,2.5999999999998247e-05,Y,29
12,12,20,5,3,0.006283999999999984,0.00022800000000000598,Y,624
12,12,20,5,3,0.0061279999999999946,0.00020499999999998297,Y,603
12,12,20,5,3,0.006147999999999987,0.00023899999999998922,Y,615
12,12,20,5,3,0.0063630000000000075,0.00023100000000000898,Y,621
12,12,20,5,3,0.006207999999999991,0.00020600000000001173,Y,618
12,12,20,5,3,0.006219000000000002,0.00019500000000000073,Y,629
12,12,20,5,3,0.006173000000000012,0.00021999999999999797,Y,627
12,12,20,5,3,0.006166000000000005,0.00021799999999999597,Y,628
12,12,20,5,3,0.006220000000000003,0.00020500000000001073,Y,606
12,12,20,5,3,0.006139999999999979,0.00019799999999997597,Y,615
12,8,20,5,3,0.004206000000000043,0.00020399999999998197,Y,407
12,8,20,5,3,0.0042260000000000075,0.00025399999999997647,Y,412
12,8,20,5,3,0.004251999999999978,0.00019099999999999673,Y,415
12,8,20,5,3,0.004237999999999964,0.00018000000000001348,Y,414
12,8,20,5,3,0.004257999999999984,0.00018300000000004424,Y,418
12,8,20,5,3,0.00440299999999999,0.0002530000000000032,Y,411
12,8,20,5,3,0.004253000000000007,0.00024199999999996447,Y,419
12,8,20,5,3,0.004259999999999986,0.00018499999999999073,Y,425
12,8,20,5,3,0.004274,0.00021200000000004549,Y,414
12,8,20,5,3,0.004219000000000028,0.00021300000000001873,Y,409
12,4,20,5,3,0.0023059999999999747,0.00020200000000003548,Y,205
12,4,20,5,3,0.0022800000000000042,0.00024000000000001798,Y,204
12,4,20,5,3,0.0023079999999999767,0.00020199999999997997,Y,210
12,4,20,5,3,0.0022699999999999942,0.00021199999999998997,Y,201
12,4,20,5,3,0.0022920000000000162,0.00022199999999999998,Y,209
12,4,20,5,3,0.0024460000000000037,0.00019500000000000073,Y,207
12,4,20,5,3,0.0023520000000000207,0.00017299999999997873,Y,207
12,4,20,5,3,0.002285000000000037,0.00022499999999997522,Y,204
12,4,20,5,3,0.0022980000000000222,0.0002670000000000172,Y,210
12,4,20,5,3,0.0022619999999999862,0.00021699999999996722,Y,201
8,8,20,5,3,0.0041260000000000185,0.00020499999999995522,Y,381
8,8,20,5,3,0.004143000000000008,0.00020300000000000873,Y,382
8,8,20,5,3,0.004141000000000006,0.00017600000000000948,Y,375
8,8,20,5,3,0.0042099999999999915,0.00021700000000002273,Y,391
8,8,20,5,3,0.004178999999999988,0.00023300000000003873,Y,382
8,8,20,5,3,0.004292999999999991,0.00021200000000004549,Y,390
8,8,20,5,3,0.0040879999999999805,0.00019500000000000073,Y,372
8,8,20,5,3,0.004076000000000024,0.00021999999999999797,Y,367
8,8,20,5,3,0.0041280000000000205,0.000250000000000028,Y,379
8,8,20,5,3,0.004144999999999954,0.00021399999999999197,Y,389
8,4,20,5,3,0.002263000000000015,0.00019399999999997197,Y,195
8,4,20,5,3,0.0022290000000000365,0.0002590000000000092,Y,186
8,4,20,5,3,0.002244999999999997,0.0002890000000000392,Y,189
8,4,20,5,3,0.002253000000000005,0.00021600000000004949,Y,186
8,4,20,5,3,0.0023440000000000127,0.0002870000000000372,Y,183
8,4,20,5,3,0.002342999999999984,0.00023899999999998922,Y,197
8,4,20,5,3,0.002249000000000001,0.00022299999999997322,Y,190
8,4,20,5,3,0.0022479999999999722,0.0002650000000000152,Y,190
8,4,20,5,3,0.0022479999999999722,0.00021199999999998997,Y,189
8,4,20,5,3,0.002226999999999979,0.00018000000000001348,Y,185
4,4,20,5,3,0.002130999999999994,0.0002610000000000112,Y,151
4,4,20,5,3,0.002173000000000036,0.00025799999999998047,Y,158
4,4,20,5,3,0.0021070000000000255,0.00022700000000003273,Y,145
4,4,20,5,3,0.002128999999999992,0.00023299999999998322,Y,150
4,4,20,5,3,0.00215700000000002,0.00028600000000000847,Y,150
4,4,20,5,3,0.0021380000000000288,0.00031200000000003447,Y,154
4,4,20,5,3,0.0021399999999999753,0.00026999999999999247,Y,153
4,4,20,5,3,0.0021499999999999853,0.0002729999999999677,Y,153
4,4,20,5,3,0.0022039999999999837,0.00027399999999999647,Y,147
4,4,20,5,3,0.0022689999999999655,0.00027199999999999447,Y,165
3,2,20,5,3,0.0012829999999999786,0.0003630000000000022,Y,67
3,2,20,5,3,0.0012550000000000061,0.0003790000000000182,Y,63
3,2,20,5,3,0.0012850000000000361,0.00029199999999995896,Y,67
3,2,20,5,3,0.0012940000000000174,0.0002790000000000292,Y,68
3,2,20,5,3,0.0012849999999999806,0.00028200000000000447,Y,73
3,2,20,5,3,0.0012900000000000134,0.0005140000000000144,Y,65
3,2,20,5,3,0.0012800000000000034,0.00039400000000000546,Y,70
3,2,20,5,3,0.0012860000000000094,0.00040600000000001746,Y,68
3,2,20,5,3,0.0012840000000000074,0.0003049999999999997,Y,70
3,2,20,5,3,0.0012800000000000034,0.00026799999999999047,Y,63
2,3,20,5,3,0.0016109999999999736,0.0004109999999999947,Y,80
2,3,20,5,3,0.0016039999999999943,0.0005060000000000064,Y,78
2,3,20,5,3,0.0016120000000000023,0.0004210000000000047,Y,80
2,3,20,5,3,0.0015979999999999883,0.0005519999999999969,Y,76
2,3,20,5,3,0.001601000000000019,0.0002650000000000152,Y,79
2,3,20,5,3,0.0016460000000000363,0.0004390000000000227,Y,80
2,3,20,5,3,0.0016399999999999748,0.00046999999999997044,Y,76
2,3,20,5,3,0.0017089999999999606,0.0005589999999999762,Y,79
2,3,20,5,3,0.0016269999999999896,0.00045600000000001195,Y,83
2,3,20,5,3,0.0016079999999999983,0.00041599999999997195,Y,79
2,2,20,5,3,0.0012010000000000076,0.0006399999999999739,Y,48
2,2,20,5,3,0.0012680000000000469,0.0006199999999999539,Y,50
2,2,20,5,3,0.0012299999999999534,0.0005530000000000257,Y,55
2,2,20,5,3,0.0012649999999999606,0.0005490000000000217,Y,52
2,2,20,5,3,0.0012260000000000604,0.0005129999999999857,Y,53
2,2,20,5,3,0.0012240000000000029,0.0007519999999999749,Y,49
2,2,20,5,3,0.0012209999999999166,0.0005030000000000312,Y,53
2,2,20,5,3,0.0012550000000000061,0.00038799999999994395,Y,55
2,2,20,5,3,0.0012309999999999821,0.0003630000000000022,Y,54
2,2,20,5,3,0.0012739999999999974,0.0004999999999999449,Y,53
12,12,30,6,3,0.03264199999999995,0.0008029999999999982,Y,1013
12,12,30,6,3,0.03020400000000001,0.0008419999999998984,Y,1001
12,12,30,6,3,0.030271999999999855,0.0010320000000000329,Y,1008
12,12,30,6,3,0.03024400000000005,0.0008139999999999814,Y,1015
12,12,30,6,3,0.030235000000000012,0.0008150000000000102,Y,1019
12,12,30,6,3,0.030279999999999974,0.0009899999999999354,Y,1027
12,12,30,6,3,0.03036899999999998,0.0006939999999999724,Y,1025
12,12,30,6,3,0.030278000000000027,0.0009390000000000231,Y,1026
12,12,30,6,3,0.030168000000000084,0.0009679999999998579,Y,1007
12,12,30,6,3,0.030104999999999937,0.0008860000000000534,Y,1014
12,8,30,6,3,0.021484999999999976,0.0006680000000000019,Y,709
12,8,30,6,3,0.020921999999999996,0.0008789999999999631,Y,684
12,8,30,6,3,0.02127000000000001,0.0008249999999999647,Y,683
12,8,30,6,3,0.021799000000000013,0.0007770000000000277,Y,698
12,8,30,6,3,0.021791999999999923,0.0008329999999999727,Y,697
12,8,30,6,3,0.021015000000000006,0.0008200000000000429,Y,687
12,8,30,6,3,0.021075999999999984,0.0008700000000001484,Y,686
12,8,30,6,3,0.021030000000000104,0.0007800000000000029,Y,693
12,8,30,6,3,0.02166200000000007,0.0008710000000000662,Y,692
12,8,30,6,3,0.02163399999999993,0.0008439999999998449,Y,690
12,4,30,6,3,0.011473000000000066,0.001068000000000069,Y,342
12,4,30,6,3,0.011190000000000033,0.0009520000000000639,Y,343
12,4,30,6,3,0.011263999999999719,0.0010250000000000536,Y,352
12,4,30,6,3,0.011278000000000343,0.0009079999999999089,Y,343
12,4,30,6,3,0.011181000000000108,0.0009480000000001709,Y,341
12,4,30,6,3,0.012940000000000174,0.0007650000000001267,Y,348
12,4,30,6,3,0.011254999999999793,0.0007839999999998959,Y,344
12,4,30,6,3,0.011055999999999955,0.0007470000000002752,Y,334
12,4,30,6,3,0.01128399999999985,0.0010919999999998709,Y,357
12,4,30,6,3,0.011392000000000069,0.0007120000000000459,Y,340
8,8,30,6,3,0.020950999999999942,0.0007899999999998464,Y,627
8,8,30,6,3,0.021205999999999836,0.0007500000000002505,Y,642
8,8,30,6,3,0.02105099999999993,0.0011099999999999444,Y,629
8,8,30,6,3,0.020662999999999876,0.0010630000000000361,Y,628
8,8,30,6,3,0.020730000000000137,0.0008510000000001572,Y,619
8,8,30,6,3,0.02091300000000018,0.0009529999999999816,Y,621
8,8,30,6,3,0.02087799999999973,0.0007440000000000779,Y,624
8,8,30,6,3,0.020990999999999982,0.0008879999999999999,Y,628
8,8,30,6,3,0.020904000000000034,0.0008079999999999199,Y,622
8,8,30,6,3,0.02105800000000002,0.0013279999999999959,Y,632
8,4,30,6,3,0.011238999999999999,0.0010679999999998468,Y,317
8,4,30,6,3,0.010968000000000089,0.0011139999999998373,Y,318
8,4,30,6,3,0.010977000000000237,0.0012450000000001626,Y,305
8,4,30,6,3,0.011169999999999902,0.0007980000000000764,Y,324
8,4,30,6,3,0.011080999999999896,0.0013570000000000526,Y,307
8,4,30,6,3,0.011287999999999965,0.0007120000000000459,Y,320
8,4,30,6,3,0.011151999999999829,0.0008439999999998449,Y,312
8,4,30,6,3,0.011257000000000073,0.0009289999999999576,Y,319
8,4,30,6,3,0.011189000000000116,0.0008939999999999504,Y,310
8,4,30,6,3,0.011058000000000012,0.0010479999999999379,Y,302
4,4,30,6,3,0.01020399999999988,0.0010900000000000354,Y,248
4,4,30,6,3,0.010228000000000126,0.0013330000000000286,Y,237
4,4,30,6,3,0.0100849999999999,0.0013969999999998706,Y,235
4,4,30,6,3,0.010260999999999854,0.0015620000000000633,Y,237
4,4,30,6,3,0.010474000000000094,0.0012389999999999901,Y,242
4,4,30,6,3,0.010516999999999888,0.0008550000000000502,Y,249
4,4,30,6,3,0.010383000000000031,0.0012489999999998336,Y,237
4,4,30,6,3,0.0103899999999999,0.0016179999999998973,Y,233
4,4,30,6,3,0.01045000000000007,0.0011139999999998373,Y,249
4,4,30,6,3,0.010345000000000049,0.0008739999999998194,Y,246
3,2,30,6,3,0.005728000000000177,0.0021130000000000315,Y,101
3,2,30,6,3,0.005973999999999924,0.0018540000000000223,Y,113
3,2,30,6,3,0.005701999999999874,0.0013620000000000854,Y,100
3,2,30,6,3,0.005819000000000241,0.0020339999999998692,Y,105
3,2,30,6,3,0.005737000000000325,0.0022740000000001093,Y,101
3,2,30,6,3,0.007500000000000062,0.0014620000000000744,Y,106
3,2,30,6,3,0.005858000000000141,0.0015250000000002206,Y,105
3,2,30,6,3,0.005827999999999944,0.0015890000000000626,Y,108
3,2,30,6,3,0.0057629999999997406,0.0015000000000000568,Y,105
3,2,30,6,3,0.00575799999999993,0.0017659999999999343,Y,104
2,3,30,6,3,0.007571999999999912,0.002234999999999987,Y,114
2,3,30,6,3,0.007837000000000094,0.0023210000000000175,Y,119
2,3,30,6,3,0.008213000000000026,0.0023649999999999505,Y,126
2,3,30,6,3,0.007626000000000133,0.002881999999999829,Y,120
2,3,30,6,3,0.008132999999999946,0.002505999999999897,Y,125
2,3,30,6,3,0.008151999999999937,0.0028439999999998467,Y,124
2,3,30,6,3,0.00757899999999978,0.00255099999999997,Y,120
2,3,30,6,3,0.008001000000000147,0.002626000000000017,Y,126
2,3,30,6,3,0.007681999999999967,0.0024660000000000792,Y,123
2,3,30,6,3,0.007723999999999842,0.0023979999999999,Y,124
2,2,30,6,3,0.005524000000000084,0.0032010000000002314,Y,80
2,2,30,6,3,0.005530999999999953,0.003195000000000059,Y,79
2,2,30,6,3,0.005511000000000266,0.003650000000000153,Y,78
2,2,30,6,3,0.00560700000000014,0.004345999999999961,Y,77
2,2,30,6,3,0.005535999999999985,0.002927000000000124,Y,80
2,2,30,6,3,0.005603999999999942,0.003401999999999905,Y,79
2,2,30,6,3,0.005471000000000004,0.003219000000000083,Y,76
2,2,30,6,3,0.005496000000000167,0.0033199999999999896,Y,78
2,2,30,6,3,0.005519999999999969,0.00297499999999995,Y,81
2,2,30,6,3,0.005551999999999779,0.003014000000000072,Y,77
12,12,40,7,4,0.05739399999999972,0.0024009999999996534,Y,1411
12,12,40,7,4,0.059334999999999916,0.002235000000000209,Y,1433
12,12,40,7,4,0.05922500000000008,0.002489999999999881,Y,1450
12,12,40,7,4,0.058641000000000165,0.0024220000000001463,Y,1442
12,12,40,7,4,0.057997999999999994,0.001914999999999889,Y,1435
12,12,40,7,4,0.05795099999999964,0.0025290000000000035,Y,1446
12,12,40,7,4,0.05825900000000006,0.0021049999999993574,Y,1443
12,12,40,7,4,0.0575960000000002,0.00216800000000017,Y,1448
12,12,40,7,4,0.05938700000000008,0.0022580000000003153,Y,1441
12,12,40,7,4,0.05758700000000028,0.0022639999999998217,Y,1460
12,8,40,7,4,0.03923299999999985,0.003375000000000128,Y,941
12,8,40,7,4,0.03973800000000027,0.0024820000000000952,Y,968
12,8,40,7,4,0.039289999999999825,0.0027129999999999654,Y,972
12,8,40,7,4,0.03955200000000003,0.002539000000000069,Y,962
12,8,40,7,4,0.03969400000000034,0.002075000000000049,Y,963
12,8,40,7,4,0.03996099999999991,0.0033560000000001367,Y,948
12,8,40,7,4,0.03996000000000022,0.002460000000000573,Y,951
12,8,40,7,4,0.03998899999999983,0.002071000000000378,Y,954
12,8,40,7,4,0.039975000000000094,0.0023409999999999265,Y,944
12,8,40,7,4,0.04023000000000021,0.001964000000000077,Y,973
12,4,40,7,4,0.021222999999999548,0.0024359999999998827,Y,480
12,4,40,7,4,0.021258,0.0022300000000003983,Y,481
12,4,40,7,4,0.021318000000000392,0.0021740000000001203,Y,481
12,4,40,7,4,0.02157100000000023,0.0019610000000001016,Y,512
12,4,40,7,4,0.021326000000000178,0.0025649999999997064,Y,483
12,4,40,7,4,0.021270999999999596,0.0023119999999994256,Y,486
12,4,40,7,4,0.021555000000000213,0.0026570000000001315,Y,499
12,4,40,7,4,0.023121999999999865,0.0024809999999999555,Y,475
12,4,40,7,4,0.021390000000000242,0.0031720000000001747,Y,483
12,4,40,7,4,0.021376999999999757,0.0022170000000003576,Y,497
8,8,40,7,4,0.038878999999999664,0.0026639999999997777,Y,855
8,8,40,7,4,0.038703000000000376,0.003354999999999553,Y,861
8,8,40,7,4,0.038534999999999986,0.0024540000000001783,Y,845
8,8,40,7,4,0.038711999999999414,0.002727000000000146,Y,849
8,8,40,7,4,0.038683000000000245,0.0023970000000002045,Y,854
8,8,40,7,4,0.03877199999999981,0.0038949999999995377,Y,853
8,8,40,7,4,0.038957999999999604,0.0027089999999998504,Y,861
8,8,40,7,4,0.038622000000000156,0.0028880000000000017,Y,854
8,8,40,7,4,0.038903000000000354,0.003107000000000415,Y,868
8,8,40,7,4,0.03873199999999999,0.0026250000000000995,Y,868
8,4,40,7,4,0.020493000000000094,0.002120000000000122,Y,434
8,4,40,7,4,0.020580000000000265,0.0027319999999999567,Y,420
8,4,40,7,4,0.020852000000000093,0.002866999999999731,Y,448
8,4,40,7,4,0.020542999999999978,0.003139000000000003,Y,419
8,4,40,7,4,0.020489999999999675,0.0026720000000000077,Y,420
8,4,40,7,4,0.020645000000000024,0.002905999999999853,Y,425
8,4,40,7,4,0.020677000000000056,0.0027249999999998664,Y,435
8,4,40,7,4,0.020655999999999786,0.0028799999999997716,Y,427
8,4,40,7,4,0.020553000000000043,0.0025199999999996336,Y,428
8,4,40,7,4,0.02059000000000033,0.002631000000000494,Y,425
4,4,40,7,4,0.019071999999999978,0.004090000000000149,Y,329
4,4,40,7,4,0.018962000000000145,0.00440700000000005,Y,324
4,4,40,7,4,0.019080000000000208,0.003301999999999694,Y,317
4,4,40,7,4,0.0188839999999999,0.0035720000000001306,Y,316
4,4,40,7,4,0.019093999999999944,0.0029680000000000817,Y,323
4,4,40,7,4,0.019137000000000626,0.003299000000000163,Y,324
4,4,40,7,4,0.018990999999999758,0.0035850000000001714,Y,328
4,4,40,7,4,0.018981000000000137,0.0034250000000000114,Y,323
4,4,40,7,4,0.01889000000000074,0.0038140000000010943,Y,318
4,4,40,7,4,0.01890000000000036,0.0035749999999996618,Y,318
3,2,40,7,4,0.011039000000000243,0.007344999999999935,Y,150
3,2,40,7,4,0.010902000000000633,0.008781000000000816,Y,141
3,2,40,7,4,0.010850999999999722,0.009149999999999103,Y,138
3,2,40,7,4,0.010733000000000104,0.013964000000000532,Y,143
3,2,40,7,4,0.010739999999999306,0.008693000000000062,Y,141
3,2,40,7,4,0.011023000000000671,0.006257999999999875,Y,148
3,2,40,7,4,0.010729999999999684,0.00741999999999976,Y,136
3,2,40,7,4,0.010889999999999844,0.006439999999999557,Y,146
3,2,40,7,4,0.010837999999999681,0.006388999999998646,Y,143
3,2,40,7,4,0.010858999999999952,0.005711000000000688,Y,146
2,3,40,7,4,0.01394100000000087,0.014345999999999748,Y,158
2,3,40,7,4,0.014137999999999096,0.015386000000000344,Y,159
2,3,40,7,4,0.013980999999999355,0.022031000000000134,Y,159
2,3,40,7,4,0.013902000000000747,0.016711999999999172,Y,155
2,3,40,7,4,0.014013999999999527,0.019688999999999623,Y,161
2,3,40,7,4,0.013950000000000351,0.016900999999999833,Y,160
2,3,40,7,4,0.014034000000000546,0.02548799999999929,Y,158
2,3,40,7,4,0.013972000000000762,0.020965000000000344,Y,155
2,3,40,7,4,0.014038000000000217,0.010311000000000625,Y,162
2,3,40,7,4,0.013859999999999317,0.01621399999999884,Y,157
2,2,40,7,4,0.0122510000000009,0.03077400000000008,Y,105
2,2,40,7,4,0.010183999999999749,0.03175099999999986,Y,107
2,2,40,7,4,0.010093999999999603,0.023263999999999285,Y,110
2,2,40,7,4,0.010132999999999726,0.02443099999999987,Y,109
2,2,40,7,4,0.010086000000000261,0.03823700000000052,Y,107
2,2,40,7,4,0.010105000000000253,0.028974999999999973,Y,106
2,2,40,7,4,0.010170999999999708,0.0374030000000003,Y,107
2,2,40,7,4,0.010104999999999364,0.040025000000000865,Y,108
2,2,40,7,4,0.010152999999999857,0.021204,Y,109
2,2,40,7,4,0.0101899999999997,0.02847600000000039,Y,108
12,12,50,8,4,0.095167,0.003190000000000026,Y,1836
12,12,50,8,4,0.09486300000000014,0.003410999999999831,Y,1824
12,12,50,8,4,0.09484699999999968,0.0029729999999998924,Y,1840
12,12,50,8,4,0.095059,0.002905999999999409,Y,1851
12,12,50,8,4,0.09473600000000104,0.0040759999999995244,Y,1837
12,12,50,8,4,0.09505899999999912,0.002990999999999744,Y,1844
12,12,50,8,4,0.09636799999999912,0.002393999999999785,Y,1828
12,12,50,8,4,0.09456700000000051,0.003481999999999985,Y,1832
12,12,50,8,4,0.09436099999999925,0.003645999999999816,Y,1819
12,12,50,8,4,0.09439399999999942,0.003491000000000355,Y,1816
12,8,50,8,4,0.06608900000000073,0.003771000000000413,Y,1277
12,8,50,8,4,0.06616999999999962,0.0026130000000001985,Y,1287
12,8,50,8,4,0.06541700000000006,0.0027020000000002042,Y,1243
12,8,50,8,4,0.0651300000000008,0.0025760000000003558,Y,1223
12,8,50,8,4,0.06560400000000044,0.0036039999999992745,Y,1240
12,8,50,8,4,0.06546900000000022,0.0031520000000000437,Y,1243
12,8,50,8,4,0.0654060000000003,0.0025290000000000035,Y,1239
12,8,50,8,4,0.06730299999999989,0.0033089999999997843,Y,1247
12,8,50,8,4,0.06590400000000063,0.0035809999999996123,Y,1264
12,8,50,8,4,0.06519399999999997,0.002258999999999567,Y,1242
12,4,50,8,4,0.034279999999999866,0.0026239999999990715,Y,621
12,4,50,8,4,0.034564999999999735,0.002565999999998958,Y,635
12,4,50,8,4,0.034258000000000344,0.003923000000001231,Y,626
12,4,50,8,4,0.03465500000000077,0.0028559999999995256,Y,636
12,4,50,8,4,0.034135000000000026,0.004228999999999594,Y,616
12,4,50,8,4,0.03448199999999968,0.0019850000000003476,Y,633
12,4,50,8,4,0.034581000000000195,0.0032410000000000494,Y,631
12,4,50,8,4,0.03416900000000034,0.0026060000000001082,Y,617
12,4,50,8,4,0.03465900000000044,0.0031250000000007105,Y,638
12,4,50,8,4,0.03444499999999895,0.0024039999999994066,Y,628
8,8,50,8,4,0.06342800000000004,0.003754999999999953,Y,1118
8,8,50,8,4,0.06376899999999974,0.0036960000000005877,Y,1139
8,8,50,8,4,0.06357100000000049,0.004926000000000208,Y,1096
8,8,50,8,4,0.06415399999999938,0.0041570000000010765,Y,1129
8,8,50,8,4,0.06239900000000009,0.003279000000000032,Y,1096
8,8,50,8,4,0.06269499999999972,0.003993999999999609,Y,1099
8,8,50,8,4,0.06341299999999972,0.003333999999999726,Y,1130
8,8,50,8,4,0.06285200000000035,0.003941999999999446,Y,1102
8,8,50,8,4,0.06327699999999936,0.0028209999999999624,Y,1130
8,8,50,8,4,0.06303899999999985,0.003694000000000308,Y,1119
8,4,50,8,4,0.03296200000000038,0.002857999999999805,Y,551
8,4,50,8,4,0.03329199999999943,0.0033719999999997086,Y,560
8,4,50,8,4,0.03298500000000004,0.002661999999999942,Y,549
8,4,50,8,4,0.03326199999999968,0.0025530000000006936,Y,565
8,4,50,8,4,0.032716999999999885,0.002874999999999517,Y,536
8,4,50,8,4,0.03401699999999863,0.004084999999999894,Y,556
8,4,50,8,4,0.03576100000000082,0.0035269999999982815,Y,568
8,4,50,8,4,0.03582599999999836,0.0027220000000003353,Y,553
8,4,50,8,4,0.0357069999999986,0.0034879999999990474,Y,552
8,4,50,8,4,0.03321599999999947,0.003142999999999674,Y,566
4,4,50,8,4,0.030400999999999456,0.003867000000001397,Y,409
4,4,50,8,4,0.030575999999999937,0.0041039999999998855,Y,406
4,4,50,8,4,0.030334000000001637,0.003171000000000035,Y,396
4,4,50,8,4,0.030247000000001023,0.004134999999999778,Y,405
4,4,50,8,4,0.030491999999998853,0.004590000000002092,Y,409
4,4,50,8,4,0.030564999999999287,0.0045010000000011985,Y,412
4,4,50,8,4,0.030318000000001177,0.005679999999998131,Y,400
4,4,50,8,4,0.030438000000000187,0.004545999999999495,Y,413
4,4,50,8,4,0.03029899999999941,0.004364999999999952,Y,404
4,4,50,8,4,0.030518999999999963,0.004154999999999021,Y,410
3,2,50,8,4,0.01607299999999867,0.018780999999998826,Y,165
3,2,50,8,4,0.0160619999999998,0.019835999999997966,Y,168
3,2,50,8,4,0.016193000000001234,0.016618000000001132,Y,173
3,2,50,8,4,0.01622199999999907,0.01219399999999915,Y,173
3,2,50,8,4,0.016155999999998727,0.011730000000001795,Y,170
3,2,50,8,4,0.01600300000000132,0.020145999999998665,Y,171
3,2,50,8,4,0.015978000000000492,0.010276000000001062,Y,169
3,2,50,8,4,0.01598000000000077,0.0108580000000007,Y,172
3,2,50,8,4,0.016159999999999286,0.013204999999999245,Y,169
3,2,50,8,4,0.017540000000000333,0.016845000000001775,Y,168
2,3,50,8,4,0.020657000000001702,0.03605600000000031,Y,180
2,3,50,8,4,0.020694999999999908,0.033495999999999526,Y,185
2,3,50,8,4,0.020675000000000665,0.05420400000000036,Y,183
2,3,50,8,4,0.020710000000001116,0.044139999999998736,Y,186
2,3,50,8,4,0.02072099999999999,0.04430900000000193,Y,182
2,3,50,8,4,0.020743999999998763,0.03329399999999971,Y,187
2,3,50,8,4,0.020733999999999142,0.03977400000000131,Y,183
2,3,50,8,4,0.020637000000000683,0.0452849999999998,Y,181
2,3,50,8,4,0.02064300000000152,0.046957000000000804,Y,183
2,3,50,8,4,0.02074200000000026,0.0411999999999999,Y,183
2,2,50,8,4,0.015000000000000568,0.11811499999999953,Y,122
2,2,50,8,4,0.014860999999999791,0.10304500000000161,Y,122
2,2,50,8,4,0.014942999999998818,0.09608799999999995,Y,122
2,2,50,8,4,0.014843000000000828,0.09695700000000151,Y,123
2,2,50,8,4,0.01489200000000146,0.06405799999999928,Y,123
2,2,50,8,4,0.014845999999998583,0.08685499999999813,Y,124
2,2,50,8,4,0.01502200000000009,0.06366700000000058,Y,124
2,2,50,8,4,0.01487400000000072,0.07547999999999888,Y,124
2,2,50,8,4,0.014806999999999348,0.1014090000000003,Y,122
2,2,50,8,4,0.014772999999999925,0.09387800000000013,Y,120
12,12,60,8,4,0.14462999999999937,0.006859999999999644,Y,2234
12,12,60,8,4,0.14175799999999938,0.006395000000001261,Y,2249
12,12,60,8,4,0.14180400000000049,0.005673999999999069,Y,2272
12,12,60,8,4,0.1415539999999993,0.005819999999999936,Y,2245
12,12,60,8,4,0.14042900000000103,0.0058920000000011186,Y,2208
12,12,60,8,4,0.1422100000000004,0.006572000000000244,Y,2218
12,12,60,8,4,0.1403780000000001,0.005893999999999622,Y,2211
12,12,60,8,4,0.1417850000000005,0.006097999999999715,Y,2217
12,12,60,8,4,0.1416889999999995,0.007032000000000593,Y,2255
12,12,60,8,4,0.14123500000000178,0.008278999999999925,Y,2247
12,8,60,8,4,0.09463199999999894,0.0070110000000003225,Y,1466
12,8,60,8,4,0.09554600000000057,0.005568000000000239,Y,1500
12,8,60,8,4,0.09482299999999988,0.005887000000001308,Y,1469
12,8,60,8,4,0.09478899999999868,0.00569299999999906,Y,1473
12,8,60,8,4,0.0946719999999992,0.005238000000000298,Y,1476
12,8,60,8,4,0.0953849999999985,0.006825000000000969,Y,1497
12,8,60,8,4,0.09535699999999991,0.005123000000001099,Y,1486
12,8,60,8,4,0.09433300000000244,0.008732999999999436,Y,1452
12,8,60,8,4,0.09441799999999922,0.007297999999998694,Y,1476
12,8,60,8,4,0.09532300000000227,0.005026000000000863,Y,1497
12,4,60,8,4,0.05173999999999879,0.005714999999998582,Y,777
12,4,60,8,4,0.0510420000000007,0.0056960000000003674,Y,768
12,4,60,8,4,0.0507080000000002,0.006493000000000748,Y,764
12,4,60,8,4,0.05109500000000011,0.00479900000000022,Y,782
12,4,60,8,4,0.05088899999999974,0.006418000000000035,Y,771
12,4,60,8,4,0.05044100000000107,0.006899999999999906,Y,741
12,4,60,8,4,0.05073600000000056,0.005975999999998649,Y,762
12,4,60,8,4,0.050937999999998596,0.00434300000000043,Y,772
12,4,60,8,4,0.05028699999999908,0.005889000000001587,Y,745
12,4,60,8,4,0.052353999999999346,0.006175000000000708,Y,764
8,8,60,8,4,0.09095300000000073,0.005971000000000615,Y,1297
8,8,60,8,4,0.09057899999999997,0.007156000000000162,Y,1273
8,8,60,8,4,0.0907119999999999,0.006241000000001051,Y,1297
8,8,60,8,4,0.09144200000000069,0.005198000000000036,Y,1316
8,8,60,8,4,0.09060500000000182,0.008062999999999931,Y,1271
8,8,60,8,4,0.09153099999999981,0.005582999999997895,Y,1311
8,8,60,8,4,0.0912860000000002,0.0067310000000002645,Y,1291
8,8,60,8,4,0.09067000000000114,0.007243000000000777,Y,1283
8,8,60,8,4,0.09234599999999915,0.007509999999999906,Y,1262
8,8,60,8,4,0.09117399999999876,0.007013000000000602,Y,1288
8,4,60,8,4,0.049170000000001934,0.005495000000001582,Y,664
8,4,60,8,4,0.04871799999999915,0.00672299999999737,Y,652
8,4,60,8,4,0.04905700000000124,0.008115999999999346,Y,662
8,4,60,8,4,0.04942299999999911,0.00867700000000049,Y,682
8,4,60,8,4,0.04938400000000165,0.0063480000000009085,Y,686
8,4,60,8,4,0.04896700000000109,0.006441000000000585,Y,672
8,4,60,8,4,0.048972000000000904,0.006322000000000827,Y,669
8,4,60,8,4,0.04873699999999914,0.00747000000000142,Y,661
8,4,60,8,4,0.04867699999999964,0.007478999999998237,Y,662
8,4,60,8,4,0.04931499999999822,0.005971999999999866,Y,678
4,4,60,8,4,0.044530000000001735,0.009467999999998256,Y,462
4,4,60,8,4,0.044655000000000555,0.01212200000000152,Y,460
4,4,60,8,4,0.044346000000000885,0.01128199999999957,Y,466
4,4,60,8,4,0.04610699999999923,0.00960700000000081,Y,468
4,4,60,8,4,0.044133999999999673,0.011497000000000313,Y,456
4,4,60,8,4,0.044461999999999335,0.010645000000000238,Y,467
4,4,60,8,4,0.04443799999999953,0.012284000000001072,Y,462
4,4,60,8,4,0.04437099999999994,0.010539000000001408,Y,467
4,4,60,8,4,0.04439800000000105,0.008666999999999092,Y,458
4,4,60,8,4,0.044739999999999114,0.010353000000000279,Y,476
3,2,60,8,4,0.024674000000000973,0.045513999999998944,Y,207
3,2,60,8,4,0.024517000000001232,0.029582999999998805,Y,206
3,2,60,8,4,0.02415900000000093,0.04373700000000014,Y,193
3,2,60,8,4,0.02404899999999799,0.04293200000000397,Y,193
3,2,60,8,4,0.024122000000001975,0.08039299999999727,Y,196
3,2,60,8,4,0.024516999999995903,0.036362999999997925,Y,205
3,2,60,8,4,0.024051000000003597,0.05247400000000013,Y,195
3,2,60,8,4,0.024022999999999683,0.06578000000000017,Y,193
3,2,60,8,4,0.025894999999998447,0.04210499999999939,Y,199
3,2,60,8,4,0.024284999999999002,0.02968800000000371,Y,201
2,3,60,8,4,0.030872999999999706,0.1518349999999984,Y,206
2,3,60,8,4,0.03110500000000016,0.12521399999999971,Y,204
2,3,60,8,4,0.030802999999998804,0.11276699999999806,Y,207
2,3,60,8,4,0.030746000000000606,0.14307000000000158,Y,199
2,3,60,8,4,0.030863000000000085,0.1285679999999978,Y,203
2,3,60,8,4,0.030625999999998044,0.1523299999999992,Y,204
2,3,60,8,4,0.030825000000000102,0.13036499999999762,Y,205
2,3,60,8,4,0.030696999999999974,0.17394800000000288,Y,201
2,3,60,8,4,0.03055700000000172,0.16059100000000015,Y,201
2,3,60,8,4,0.030997000000002828,0.1400100000000002,Y,205
2,2,60,8,4,0.02271599999999907,0.1921689999999998,Y,142
2,2,60,8,4,0.022491999999999734,0.2716220000000007,Y,137
2,2,60,8,4,0.02282099999999687,0.23390699999999853,Y,143
2,2,60,8,4,0.022764999999999702,0.23787899999999595,Y,139
2,2,60,8,4,0.022414000000001266,0.21344600000000113,Y,136
2,2,60,8,4,0.02454999999999785,0.18162199999999729,Y,142
2,2,60,8,4,0.02277000000000129,0.25730199999999925,Y,141
2,2,60,8,4,0.022812000000005384,0.2344650000000037,Y,141
2,2,60,8,4,0.0226729999999975,0.2218340000000012,Y,141
2,2,60,8,4,0.022869000000000028,0.24845000000000184,Y,140
12,12,70,9,5,0.1946089999999998,0.018431000000003195,Y,2615
12,12,70,9,5,0.19399699999999953,0.014566999999999553,Y,2619
12,12,70,9,5,0.19402499999999634,0.015412999999998789,Y,2620
12,12,70,9,5,0.19513800000000003,0.015460999999998393,Y,2632
12,12,70,9,5,0.1969220000000007,0.013958999999999833,Y,2629
12,12,70,9,5,0.19500599999999935,0.01526399999999839,Y,2634
12,12,70,9,5,0.1948000000000043,0.022032000000002938,Y,2650
12,12,70,9,5,0.19477300000000142,0.01681599999999861,Y,2635
12,12,70,9,5,0.1944100000000013,0.01067499999999555,Y,2638
12,12,70,9,5,0.19455999999999918,0.015724999999999767,Y,2630
12,8,70,9,5,0.1376679999999979,0.01218899999999934,Y,1757
12,8,70,9,5,0.135861000000002,0.02090000000000103,Y,1751
12,8,70,9,5,0.13208400000000253,0.017823000000003475,Y,1767
12,8,70,9,5,0.1323829999999937,0.010983000000003074,Y,1770
12,8,70,9,5,0.13092100000000428,0.011962000000000472,Y,1742
12,8,70,9,5,0.13097899999999996,0.014559000000001987,Y,1735
12,8,70,9,5,0.13245299999999816,0.01257699999999673,Y,1745
12,8,70,9,5,0.13094699999999904,0.01563499999999607,Y,1736
12,8,70,9,5,0.13320099999999968,0.011414000000002034,Y,1738
12,8,70,9,5,0.1315860000000022,0.016086000000001377,Y,1759
12,4,70,9,5,0.0679930000000013,0.014321999999999946,Y,866
12,4,70,9,5,0.06783400000000128,0.01774300000000295,Y,855
12,4,70,9,5,0.06859399999999738,0.017192999999998904,Y,889
12,4,70,9,5,0.06801200000000307,0.011956999999998885,Y,866
12,4,70,9,5,0.06843800000000044,0.013222999999996432,Y,880
12,4,70,9,5,0.06820600000000354,0.012662000000002394,Y,875
12,4,70,9,5,0.0686169999999997,0.01696499999999901,Y,887
12,4,70,9,5,0.06825400000000315,0.016650000000002052,Y,881
12,4,70,9,5,0.06826300000000174,0.012406999999999613,Y,879
12,4,70,9,5,0.06832100000000096,0.013723999999999847,Y,883
8,8,70,9,5,0.1263879999999986,0.020869000000001137,Y,1535
8,8,70,9,5,0.12619500000000272,0.016519999999999868,Y,1535
8,8,70,9,5,0.12559199999999748,0.02380799999999894,Y,1514
8,8,70,9,5,0.12686700000000073,0.015553000000000594,Y,1556
8,8,70,9,5,0.12568999999999875,0.019897000000000276,Y,1513
8,8,70,9,5,0.12650400000000062,0.017081000000001012,Y,1554
8,8,70,9,5,0.12838999999999956,0.018761999999995282,Y,1549
8,8,70,9,5,0.12583199999999906,0.022736000000001866,Y,1530
8,8,70,9,5,0.12600199999999973,0.014082999999999402,Y,1530
8,8,70,9,5,0.1264129999999959,0.01378000000000057,Y,1550
8,4,70,9,5,0.0653889999999997,0.01794699999999949,Y,756
8,4,70,9,5,0.06547699999999779,0.0210259999999991,Y,766
8,4,70,9,5,0.06545500000000004,0.01676000000000144,Y,762
8,4,70,9,5,0.06566300000000425,0.015011000000001218,Y,768
8,4,70,9,5,0.06544300000000192,0.015756999999997134,Y,761
8,4,70,9,5,0.06756400000000085,0.011790999999998775,Y,773
8,4,70,9,5,0.06561699999999604,0.018053000000001873,Y,767
8,4,70,9,5,0.06553699999999907,0.014663000000002313,Y,766
8,4,70,9,5,0.06525999999999854,0.018348999999997062,Y,747
8,4,70,9,5,0.06587000000000387,0.012655999999999779,Y,778
4,4,70,9,5,0.05894699999999986,0.04605499999999907,Y,509
4,4,70,9,5,0.05981399999999937,0.019201000000002466,Y,531
4,4,70,9,5,0.05934000000000239,0.0251589999999986,Y,524
4,4,70,9,5,0.05916800000000322,0.02975799999999751,Y,516
4,4,70,9,5,0.0595630000000007,0.024989000000001482,Y,535
4,4,70,9,5,0.05935399999999902,0.02495699999999701,Y,530
4,4,70,9,5,0.06166599999999889,0.03374099999999913,Y,532
4,4,70,9,5,0.05932899999999819,0.03774999999999906,Y,528
4,4,70,9,5,0.059106000000003434,0.023445999999999856,Y,526
4,4,70,9,5,0.05939300000000003,0.03227500000000205,Y,537
3,2,70,9,5,0.031973000000000695,0.2910800000000009,Y,220
3,2,70,9,5,0.0321239999999996,0.21846100000000135,Y,227
3,2,70,9,5,0.03119599999999778,0.3887010000000011,Y,222
3,2,70,9,5,0.03143999999999636,0.2002290000000002,Y,221
3,2,70,9,5,0.031154000000000792,0.35764199999999846,Y,228
3,2,70,9,5,0.03137100000000004,0.18641300000000172,Y,232
3,2,70,9,5,0.031484999999999985,0.2818879999999986,Y,234
3,2,70,9,5,0.031442999999999444,0.23788300000000007,Y,230
3,2,70,9,5,0.03315700000000277,0.32267399999999924,Y,229
3,2,70,9,5,0.031114000000002306,0.2415200000000013,Y,223
2,3,70,9,5,0.03991799999999657,0.9045680000000047,Y,228
2,3,70,9,5,0.03982099999999633,0.7801910000000021,Y,227
2,3,70,9,5,0.040211999999996806,0.9656479999999945,Y,232
2,3,70,9,5,0.04002599999999745,0.7817739999999986,Y,232
2,3,70,9,5,0.039882999999996116,0.964223000000004,Y,226
2,3,70,9,5,0.03992400000000629,0.9330960000000061,Y,228
2,3,70,9,5,0.03999499999999756,1.0926970000000011,Y,231
2,3,70,9,5,0.04017700000000701,0.9858400000000032,Y,231
2,3,70,9,5,0.039830999999999506,0.888030999999998,Y,229
2,3,70,9,5,0.03986100000000192,0.8520150000000015,Y,230
2,2,70,9,5,0.029380000000010398,2.747284999999998,Y,159
2,2,70,9,5,0.03131700000000848,2.799867000000006,Y,156
2,2,70,9,5,0.02966100000000438,2.7701899999999995,Y,159
2,2,70,9,5,0.029431999999992797,1.748698999999995,Y,159
2,2,70,9,5,0.029362999999996475,1.3532339999999934,Y,162
2,2,70,9,5,0.029428000000002896,2.3024780000000007,Y,159
2,2,70,9,5,0.02929499999999763,2.7680500000000023,Y,159
2,2,70,9,5,0.029612000000000194,2.8238619999999983,Y,158
2,2,70,9,5,0.029752999999999474,2.9822249999999997,Y,159
2,2,70,9,5,0.02938500000000488,3.002672000000004,Y,156
12,12,80,9,5,0.25276600000000826,0.01543399999999906,Y,3035
12,12,80,9,5,0.25646399999999403,0.011974000000009255,Y,3036
12,12,80,9,5,0.25205300000000364,0.011000999999993155,Y,3019
12,12,80,9,5,0.25119399999999814,0.02089499999999589,Y,3003
12,12,80,9,5,0.25224099999999794,0.021084999999999354,Y,3004
12,12,80,9,5,0.26407999999999276,0.015858999999991852,Y,3016
12,12,80,9,5,0.2570049999999924,0.02201300000001538,Y,3039
12,12,80,9,5,0.2526900000000012,0.014943999999999846,Y,2996
12,12,80,9,5,0.2559100000000143,0.012781000000003928,Y,3011
12,12,80,9,5,0.25175400000000536,0.01993300000000886,Y,3021
12,8,80,9,5,0.17173999999998557,0.013943999999995071,Y,2001
12,8,80,9,5,0.17188099999998485,0.022421999999991726,Y,2022
12,8,80,9,5,0.17468800000000329,0.013960999999994783,Y,2029
12,8,80,9,5,0.17344099999999685,0.021823000000011916,Y,2050
12,8,80,9,5,0.1736670000000089,0.023578999999998018,Y,2050
12,8,80,9,5,0.17298200000000463,0.012210999999993533,Y,2050
12,8,80,9,5,0.17296299999999576,0.01410499999998649,Y,2033
12,8,80,9,5,0.17358600000001445,0.021017000000000507,Y,2050
12,8,80,9,5,0.17875699999999028,0.019395000000002938,Y,2054
12,8,80,9,5,0.17290300000000514,0.01272400000000573,Y,2046
12,4,80,9,5,0.09022500000000377,0.013048999999995203,Y,1047
12,4,80,9,5,0.08912699999999063,0.014352999999999838,Y,1018
12,4,80,9,5,0.08887200000000917,0.011386000000001673,Y,1007
12,4,80,9,5,0.08937699999999893,0.011290000000002465,Y,1020
12,4,80,9,5,0.08916200000000174,0.013836999999995214,Y,1018
12,4,80,9,5,0.09272799999999393,0.017992999999989934,Y,1042
12,4,80,9,5,0.09395100000000411,0.017190999999996848,Y,1028
12,4,80,9,5,0.09105199999999058,0.016778999999985444,Y,1020
12,4,80,9,5,0.08979000000000781,0.01820700000000386,Y,1033
12,4,80,9,5,0.08951500000000578,0.01870199999999045,Y,1026
8,8,80,9,5,0.16569299999999032,0.01444999999998231,Y,1744
8,8,80,9,5,0.16479400000001476,0.02644499999999539,Y,1734
8,8,80,9,5,0.16494699999999796,0.017489000000011856,Y,1761
8,8,80,9,5,0.1646080000000012,0.01973999999999876,Y,1737
8,8,80,9,5,0.1669170000000122,0.023215000000021746,Y,1736
8,8,80,9,5,0.1641039999999947,0.021189000000006786,Y,1730
8,8,80,9,5,0.16474100000000647,0.018173000000004436,Y,1749
8,8,80,9,5,0.164937000000009,0.023446999999990226,Y,1749
8,8,80,9,5,0.16473200000000077,0.024888999999987504,Y,1733
8,8,80,9,5,0.1655450000000087,0.0226769999999874,Y,1768
8,4,80,9,5,0.08507699999999829,0.01716900000000976,Y,871
8,4,80,9,5,0.08829000000001486,0.020583000000016227,Y,905
8,4,80,9,5,0.08506400000000269,0.012730999999988057,Y,861
8,4,80,9,5,0.08573300000000472,0.017558999999991443,Y,891
8,4,80,9,5,0.08521600000000262,0.01847999999999672,Y,869
8,4,80,9,5,0.08542400000000328,0.01370099999999752,Y,869
8,4,80,9,5,0.08498799999999562,0.019683000000014772,Y,856
8,4,80,9,5,0.0865399999999994,0.014653000000009797,Y,875
8,4,80,9,5,0.08521299999999599,0.019686000000007198,Y,863
8,4,80,9,5,0.08521899999999505,0.012089000000003125,Y,868
4,4,80,9,5,0.07879200000000708,0.07182699999999897,Y,585
4,4,80,9,5,0.07664400000000171,0.04315100000000882,Y,583
4,4,80,9,5,0.07656599999999969,0.06074599999999464,Y,585
4,4,80,9,5,0.07646999999998627,0.10391299999999148,Y,573
4,4,80,9,5,0.07668900000000178,0.0721629999999891,Y,578
4,4,80,9,5,0.07642599999999788,0.049559999999999604,Y,579
4,4,80,9,5,0.0759610000000066,0.12060700000000679,Y,564
4,4,80,9,5,0.07709900000000403,0.0314560000000057,Y,601
4,4,80,9,5,0.07664499999998498,0.08220599999999934,Y,582
4,4,80,9,5,0.07834599999998204,0.04426699999999073,Y,580
3,2,80,9,5,0.03893599999999253,0.7205929999999938,Y,229
3,2,80,9,5,0.03917400000000271,0.7100670000000093,Y,233
3,2,80,9,5,0.03910199999999975,0.7391099999999824,Y,233
3,2,80,9,5,0.03896500000000458,0.5842310000000026,Y,231
3,2,80,9,5,0.03901700000000119,0.6935660000000041,Y,233
3,2,80,9,5,0.038958999999991306,0.7171190000000109,Y,230
3,2,80,9,5,0.039095999999986475,0.8114070000000027,Y,231
3,2,80,9,5,0.038970000000006166,0.6878489999999999,Y,229
3,2,80,9,5,0.0388499999999965,0.5549369999999811,Y,231
3,2,80,9,5,0.03887600000000191,0.8254249999999956,Y,230
2,3,80,9,5,0.0559199999999862,2.7695850000000064,Y,251
2,3,80,9,5,0.053919999999990864,2.72880099999999,Y,251
2,3,80,9,5,0.05372100000001012,2.8800589999999886,Y,250
2,3,80,9,5,0.05388900000001229,2.6135890000000046,Y,249
2,3,80,9,5,0.054088999999976295,1.8645689999999888,Y,250
2,3,80,9,5,0.05787100000000578,2.8997190000000046,Y,251
2,3,80,9,5,0.053781000000000745,2.632782000000006,Y,249
2,3,80,9,5,0.05454399999999282,3.105041,Y,248
2,3,80,9,5,0.054769000000007395,2.5866620000000182,Y,249
2,3,80,9,5,0.053706999999988625,3.04194600000001,Y,248
2,2,80,9,5,0.03889100000000667,7.698143000000002,Y,162
2,2,80,9,5,0.036880999999993946,7.296987999999999,Y,159
2,2,80,9,5,0.03691299999999842,7.186131000000017,Y,161
2,2,80,9,5,0.036950999999987744,7.790392999999995,Y,160
2,2,80,9,5,0.038215000000008104,7.2088950000000125,Y,160
2,2,80,9,5,0.03705600000003528,6.9753729999999905,Y,161
2,2,80,9,5,0.036990000000002965,7.562805999999995,Y,159
2,2,80,9,5,0.03694600000000037,6.818196999999998,Y,160
2,2,80,9,5,0.03689400000001797,7.931668000000002,Y,158
2,2,80,9,5,0.03688500000001227,5.988077000000004,Y,160
12,12,90,10,5,0.5103380000000186,0.028046000000017557,Y,3468
12,12,90,10,5,0.5051250000000209,0.031052999999957365,Y,3429
12,12,90,10,5,0.5142159999999762,0.029561999999970112,Y,3456
12,12,90,10,5,0.5041060000000073,0.03275899999997023,Y,3453
12,12,90,10,5,0.48539400000001365,0.03535600000000727,Y,3417
12,12,90,10,5,0.48571199999997816,0.030046000000027107,Y,3427
12,12,90,10,5,0.5005120000000147,0.02502300000000446,Y,3465
12,12,90,10,5,0.4841029999999762,0.03281899999996085,Y,3392
12,12,90,10,5,0.4867370000000335,0.036752000000007,Y,3449
12,12,90,10,5,0.489104999999995,0.02950200000000791,Y,3466
12,8,90,10,5,0.32724999999999227,0.029410000000012815,Y,2265
12,8,90,10,5,0.32646299999998973,0.030531999999965365,Y,2279
12,8,90,10,5,0.3277259999999842,0.025362000000001217,Y,2306
12,8,90,10,5,0.32967300000001387,0.01747500000001878,Y,2312
12,8,90,10,5,0.32588900000001786,0.02349399999999946,Y,2259
12,8,90,10,5,0.3261970000000076,0.024989000000005035,Y,2288
12,8,90,10,5,0.327038999999985,0.020852999999988242,Y,2291
12,8,90,10,5,0.32748399999999833,0.031304999999974825,Y,2281
12,8,90,10,5,0.32664300000001845,0.03775499999997578,Y,2275
12,8,90,10,5,0.32659500000002595,0.031644000000000005,Y,2285
12,4,90,10,5,0.16887899999997558,0.029404999999997017,Y,1134
12,4,90,10,5,0.17014100000000099,0.024136000000027025,Y,1133
12,4,90,10,5,0.16778199999998833,0.02486900000002379,Y,1114
12,4,90,10,5,0.16900499999999852,0.029326000000025942,Y,1152
12,4,90,10,5,0.16712300000006053,0.029702999999983604,Y,1108
12,4,90,10,5,0.16964400000003366,0.03139500000000339,Y,1166
12,4,90,10,5,0.17112000000000194,0.020557000000025027,Y,1157
12,4,90,10,5,0.16880099999997356,0.02538699999996652,Y,1140
12,4,90,10,5,0.1689269999999965,0.029996000000039658,Y,1145
12,4,90,10,5,0.168091000000004,0.027194999999977654,Y,1129
8,8,90,10,5,0.3115290000000073,0.02949800000001801,Y,1930
8,8,90,10,5,0.3135599999999954,0.02787999999998192,Y,1948
8,8,90,10,5,0.31324299999999994,0.020854999999983193,Y,1988
8,8,90,10,5,0.3113170000000025,0.029950000000013688,Y,1944
8,8,90,10,5,0.3121969999999976,0.03340600000001359,Y,1948
8,8,90,10,5,0.3130270000000337,0.03151100000002316,Y,1942
8,8,90,10,5,0.312424999999962,0.03094799999996667,Y,1963
8,8,90,10,5,0.3110189999999875,0.02423200000001202,Y,1938
8,8,90,10,5,0.3115369999999871,0.03749700000000189,Y,1950
8,8,90,10,5,0.3134669999999744,0.026904000000001815,Y,1952
8,4,90,10,5,0.16276199999998653,0.028205000000014024,Y,1002
8,4,90,10,5,0.16111499999999523,0.030089000000003807,Y,966
8,4,90,10,5,0.1623209999999915,0.030981999999966092,Y,994
8,4,90,10,5,0.16177200000001335,0.02711400000001163,Y,985
8,4,90,10,5,0.16305899999994722,0.03400800000000004,Y,970
8,4,90,10,5,0.16195300000001112,0.03436400000001072,Y,993
8,4,90,10,5,0.161200000000008,0.026758000000000948,Y,971
8,4,90,10,5,0.16043999999999414,0.022625000000005002,Y,968
8,4,90,10,5,0.16138999999998305,0.029670000000010077,Y,974
8,4,90,10,5,0.16271299999996813,0.02709200000001033,Y,980
4,4,90,10,5,0.14450500000000943,0.07433900000000904,Y,642
4,4,90,10,5,0.14462800000003995,0.12254799999999477,Y,653
4,4,90,10,5,0.14463100000000395,0.08290100000004941,Y,648
4,4,90,10,5,0.14459700000003295,0.05069400000002133,Y,654
4,4,90,10,5,0.14576999999999884,0.1079610000000173,Y,646
4,4,90,10,5,0.14360300000001303,0.09973899999999958,Y,637
4,4,90,10,5,0.14357499999999845,0.10516000000004055,Y,636
4,4,90,10,5,0.1444529999999986,0.06128099999997971,Y,653
4,4,90,10,5,0.1491749999999854,0.07175600000002191,Y,640
4,4,90,10,5,0.14502200000001153,0.10163299999999253,Y,650
3,2,90,10,5,0.07531399999999167,1.0004800000000103,Y,259
3,2,90,10,5,0.07299199999999928,1.2644209999999987,Y,254
3,2,90,10,5,0.0730000000000075,1.285776999999996,Y,253
3,2,90,10,5,0.07283799999999019,1.2926429999999982,Y,251
3,2,90,10,5,0.07337600000002453,1.1430590000000223,Y,262
3,2,90,10,5,0.07294799999999668,1.0827059999999733,Y,254
3,2,90,10,5,0.07520499999998265,0.9906210000000044,Y,262
3,2,90,10,5,0.07311399999997548,0.9213349999999991,Y,257
3,2,90,10,5,0.0731800000000078,1.0815269999999941,Y,256
3,2,90,10,5,0.07358899999999835,1.2089379999999892,Y,260
2,3,90,10,5,0.10159199999998236,3.784323999999998,Y,279
2,3,90,10,5,0.10142699999997262,4.551419000000038,Y,277
2,3,90,10,5,0.10361299999999574,4.380985000000038,Y,277
2,3,90,10,5,0.10182899999998085,5.047902000000022,Y,279
2,3,90,10,5,0.1017620000000079,4.156096000000019,Y,278
2,3,90,10,5,0.10154800000000819,4.326883000000009,Y,273
2,3,90,10,5,0.10166000000003805,4.329674000000011,Y,278
2,3,90,10,5,0.10402400000000966,4.246432999999996,Y,277
2,3,90,10,5,0.10163500000001591,4.435312999999979,Y,279
2,3,90,10,5,0.10140999999998712,4.568163000000055,Y,275
2,2,90,10,5,0.06997100000000955,15.516860000000008,Y,177
2,2,90,10,5,0.06938399999995681,12.825311000000056,Y,180
2,2,90,10,5,0.06949399999996331,12.450288999999998,Y,179
2,2,90,10,5,0.06895600000007107,21.096386999999993,Y,175
2,2,90,10,5,0.0739730000000236,14.265891999999951,Y,178
2,2,90,10,5,0.0712069999999585,14.392663000000027,Y,178
2,2,90,10,5,0.06930999999991627,14.948627999999985,Y,178
2,2,90,10,5,0.06925100000000839,10.792460999999946,Y,180
2,2,90,10,5,0.07135099999999284,11.648916999999983,Y,180
2,2,90,10,5,0.07111500000002025,15.248122000000023,Y,179
12,12,100,10,5,0.6157219999999484,0.026933999999982916,Y,3802
12,12,100,10,5,0.6162869999999998,0.026544000000058077,Y,3860
12,12,100,10,5,0.6473799999999414,0.02786100000002989,Y,3851
12,12,100,10,5,0.6128709999999842,0.02537000000000944,Y,3795
12,12,100,10,5,0.6188910000000192,0.03848199999998769,Y,3801
12,12,100,10,5,0.6289879999999926,0.027288999999996122,Y,3771
12,12,100,10,5,0.6259589999999093,0.02533499999998412,Y,3802
12,12,100,10,5,0.6167759999999589,0.027620000000069922,Y,3850
12,12,100,10,5,0.6143730000000005,0.026737000000025546,Y,3789
12,12,100,10,5,0.6470690000000445,0.025011000000063177,Y,3807
12,8,100,10,5,0.4161229999999705,0.035147999999935564,Y,2530
12,8,100,10,5,0.41148199999997814,0.02628900000001977,Y,2526
12,8,100,10,5,0.4116780000000517,0.03579200000001492,Y,2525
12,8,100,10,5,0.42830699999996114,0.03864500000008775,Y,2551
12,8,100,10,5,0.4259340000000975,0.030502000000012686,Y,2547
12,8,100,10,5,0.41905500000007123,0.03149299999995492,Y,2568
12,8,100,10,5,0.4115260000000376,0.031141000000047825,Y,2544
12,8,100,10,5,0.4218500000000063,0.031968000000006214,Y,2537
12,8,100,10,5,0.4289959999999837,0.03419700000000603,Y,2514
12,8,100,10,5,0.4203709999999319,0.03712600000000066,Y,2503
12,4,100,10,5,0.21920399999999063,0.030314000000032593,Y,1300
12,4,100,10,5,0.2163290000000302,0.030983000000048833,Y,1279
12,4,100,10,5,0.2164860000000317,0.03712999999999056,Y,1294
12,4,100,10,5,0.21737600000000157,0.04178299999995261,Y,1312
12,4,100,10,5,0.2175799999999981,0.03038099999997712,Y,1297
12,4,100,10,5,0.21838599999995267,0.03360000000003538,Y,1291
12,4,100,10,5,0.2274680000000444,0.03316399999994246,Y,1276
12,4,100,10,5,0.23520399999995334,0.03813700000011977,Y,1292
12,4,100,10,5,0.21616999999997688,0.03335600000002614,Y,1288
12,4,100,10,5,0.22025000000002137,0.033382999999957974,Y,1316
8,8,100,10,5,0.39742699999993647,0.028409000000010565,Y,2132
8,8,100,10,5,0.3890049999999974,0.03468300000002955,Y,2113
8,8,100,10,5,0.39160799999996243,0.033727000000055796,Y,2128
8,8,100,10,5,0.4129300000000171,0.03101800000001731,Y,2146
8,8,100,10,5,0.3978630000000294,0.03954899999996542,Y,2122
8,8,100,10,5,0.3902940000000399,0.03308699999996634,Y,2132
8,8,100,10,5,0.3908180000000243,0.04616100000004053,Y,2124
8,8,100,10,5,0.3858540000001085,0.0358969999999772,Y,2073
8,8,100,10,5,0.4121559999999249,0.04035299999992503,Y,2120
8,8,100,10,5,0.39642599999996264,0.035164000000008855,Y,2103
8,4,100,10,5,0.2075080000000753,0.036971999999934724,Y,1101
8,4,100,10,5,0.20389000000000124,0.029856999999992695,Y,1060
8,4,100,10,5,0.20387599999997974,0.030716000000040822,Y,1059
8,4,100,10,5,0.2073649999999816,0.03613099999995484,Y,1086
8,4,100,10,5,0.20638099999996484,0.029512000000011085,Y,1091
8,4,100,10,5,0.20526200000000472,0.034761000000059994,Y,1094
8,4,100,10,5,0.2173630000000344,0.03243800000001329,Y,1096
8,4,100,10,5,0.22040599999991173,0.036853000000007796,Y,1083
8,4,100,10,5,0.20667900000006512,0.036804999999958454,Y,1082
8,4,100,10,5,0.2059650000000488,0.035011999999994714,Y,1083
4,4,100,10,5,0.1822050000000104,0.22280899999998383,Y,693
4,4,100,10,5,0.1826819999999998,0.10392100000001392,Y,694
4,4,100,10,5,0.19008700000000545,0.19521499999996195,Y,697
4,4,100,10,5,0.18689200000000028,0.21767099999999573,Y,692
4,4,100,10,5,0.1969649999999774,0.2080649999999764,Y,700
4,4,100,10,5,0.18248999999997295,0.1617970000000355,Y,702
4,4,100,10,5,0.18437099999999873,0.1759130000000937,Y,697
4,4,100,10,5,0.1814860000000067,0.1712800000000243,Y,690
4,4,100,10,5,0.18311199999999417,0.2125419999999849,Y,708
4,4,100,10,5,0.18757699999991928,0.1677589999999327,Y,692
3,2,100,10,5,0.10054999999999836,2.1871909999999843,Y,287
3,2,100,10,5,0.10227700000001505,1.7855939999999464,Y,289
3,2,100,10,5,0.09668799999991506,2.280889000000059,Y,288
3,2,100,10,5,0.10329599999994343,1.5481030000000828,Y,295
3,2,100,10,5,0.1002409999999827,1.4970500000000015,Y,296
3,2,100,10,5,0.09896800000001349,1.6273789999999622,Y,289
3,2,100,10,5,0.10039299999999685,1.7884659999999712,Y,289
3,2,100,10,5,0.10214500000000726,1.8238000000000056,Y,293
3,2,100,10,5,0.09706699999998136,1.9850959999999986,Y,290
3,2,100,10,5,0.09720600000002833,1.7311089999999467,Y,290
2,3,100,10,5,0.12504200000000765,13.949628000000018,Y,279
2,3,100,10,5,0.1270600000000286,8.087996999999916,Y,278
2,3,100,10,5,0.123079999999959,7.879037999999923,Y,279
2,3,100,10,5,0.12727000000006683,14.513332999999989,Y,278
2,3,100,10,5,0.12453199999998787,13.944417999999985,Y,277
2,3,100,10,5,0.12873199999995677,13.53856300000001,Y,279
2,3,100,10,5,0.1262650000001031,13.806093000000033,Y,279
2,3,100,10,5,0.1275070000000369,12.49840800000004,Y,277
2,3,100,10,5,0.12697099999991224,6.996523000000025,Y,279
2,3,100,10,5,0.12312099999996917,8.667389000000185,Y,279
2,2,100,10,5,0.0958299999999781,38.776682999999935,Y,200
2,2,100,10,5,0.09244499999999789,39.52912300000003,Y,200
2,2,100,10,5,0.09242700000004334,28.73660200000006,Y,199
2,2,100,10,5,0.09129699999994045,37.99164600000006,Y,199
2,2,100,10,5,0.09163600000010774,38.17693899999995,Y,197
2,2,100,10,5,0.09385400000007849,43.74680799999999,Y,199
2,2,100,10,5,0.09151299999996354,29.75720799999999,Y,197
2,2,100,10,5,0.0914869999999155,33.88179100000002,Y,199
2,2,100,10,5,0.0914540000001125,25.993603000000007,Y,200
2,2,100,10,5,0.09136800000010226,34.81590500000004,Y,199
12,12,200,15,8,2.7969750000000886,0.4146529999999302,Y,7738
12,12,200,15,8,2.781778999999915,0.3484679999999116,Y,7722
12,12,200,15,8,2.801038999999946,0.34461099999998623,Y,7767
12,12,200,15,8,2.7856689999999844,0.3709159999999656,Y,7762
12,12,200,15,8,2.7800210000000334,0.2677649999999403,Y,7763
12,12,200,15,8,2.781649000000016,0.3683720000000221,Y,7770
12,12,200,15,8,2.769661000000042,0.3150430000000597,Y,7733
12,12,200,15,8,2.866623000000004,0.30110099999990325,Y,7785
12,12,200,15,8,2.8108399999999847,0.3855550000000676,Y,7719
12,12,200,15,8,2.793295999999941,0.3518069999998943,Y,7722
12,8,200,15,8,1.8785010000000284,0.3377150000000029,Y,5243
12,8,200,15,8,1.8707160000000158,0.35302599999999984,Y,5228
12,8,200,15,8,1.8915840000000799,0.4483630000000858,Y,5253
12,8,200,15,8,1.8790299999999434,0.37535200000013447,Y,5198
12,8,200,15,8,1.872051999999826,0.4473550000001296,Y,5179
12,8,200,15,8,1.8862669999999753,0.3037299999998595,Y,5205
12,8,200,15,8,1.8674650000000383,0.3237899999999172,Y,5186
12,8,200,15,8,1.865130000000022,0.41813199999990047,Y,5211
12,8,200,15,8,1.8682980000000953,0.2687189999999191,Y,5178
12,8,200,15,8,1.8768069999999852,0.31533200000001216,Y,5205
12,4,200,15,8,0.9771039999999402,0.3987240000000156,Y,2661
12,4,200,15,8,0.971618000000035,0.4159700000000157,Y,2648
12,4,200,15,8,0.9703039999999419,0.3756630000001451,Y,2648
12,4,200,15,8,0.9694630000000188,0.281364999999937,Y,2634
12,4,200,15,8,0.9708479999999327,0.3156189999999697,Y,2666
12,4,200,15,8,0.9769440000001168,0.22176999999987856,Y,2668
12,4,200,15,8,0.9670649999999341,0.3222610000000259,Y,2653
12,4,200,15,8,0.9713669999999865,0.3747209999999086,Y,2659
12,4,200,15,8,0.9745730000000776,0.46111199999995733,Y,2681
12,4,200,15,8,0.979212000000075,0.332971999999927,Y,2670
8,8,200,15,8,1.7544080000001259,0.43707999999992353,Y,4205
8,8,200,15,8,1.7487490000002026,0.3105869999999413,Y,4158
8,8,200,15,8,1.7577199999999493,0.3711880000000747,Y,4197
8,8,200,15,8,1.7537110000000666,0.503296999999975,Y,4181
8,8,200,15,8,1.7581720000000587,0.45179099999984373,Y,4181
8,8,200,15,8,1.7603199999999788,0.41827500000010787,Y,4188
8,8,200,15,8,1.759488000000033,0.33895000000006803,Y,4208
8,8,200,15,8,1.7699289999999337,0.43573399999991125,Y,4194
8,8,200,15,8,1.7647419999999556,0.3745090000001028,Y,4205
8,8,200,15,8,1.7530329999998457,0.4950810000001411,Y,4163
8,4,200,15,8,0.9198659999999563,0.45997299999999086,Y,2146
8,4,200,15,8,0.9282919999999422,0.4162189999999555,Y,2177
8,4,200,15,8,0.916072999999983,0.36503700000002937,Y,2155
8,4,200,15,8,0.9172170000000506,0.5388719999998557,Y,2139
8,4,200,15,8,0.9147870000000466,0.5425229999998464,Y,2142
8,4,200,15,8,0.9188660000000937,0.4675399999999854,Y,2145
8,4,200,15,8,0.9236049999999523,0.41808800000001156,Y,2147
8,4,200,15,8,0.922151000000099,0.5996409999999059,Y,2178
8,4,200,15,8,0.9201229999998759,0.3430509999999458,Y,2135
8,4,200,15,8,0.9179150000001073,0.42436499999985244,Y,2135
4,4,200,15,8,0.806276000000139,5.164479000000142,Y,1279
4,4,200,15,8,0.8147750000000542,9.587611000000152,Y,1279
4,4,200,15,8,0.8087929999999233,9.566865000000234,Y,1288
4,4,200,15,8,0.8133379999999306,8.221932999999808,Y,1273
4,4,200,15,8,0.8153179999999338,8.958980999999994,Y,1279
4,4,200,15,8,0.8075690000000577,8.205708999999842,Y,1262
4,4,200,15,8,0.8165260000000671,8.44366100000002,Y,1272
4,4,200,15,8,0.817060999999967,7.837469000000283,Y,1270
4,4,200,15,8,0.8053440000001046,8.720852999999806,Y,1279
4,4,200,15,8,0.8072700000002442,9.687962000000198,Y,1270
3,2,200,15,8,0.4038399999999456,9727.843319,Y,491
3,2,200,15,8,0.41616199999953096,5291.607921000001,Y,490
3,2,200,15,8,0.4059849999994185,3117.9744050000027,Y,490
