c,d,n,k,r,gen_time,solve_time,valid,sel_len
12,12,300,18,9,9.201495,0.791930999999999,Y,11231
12,12,300,18,9,9.258928000000001,0.757816,Y,11142
12,12,300,18,9,9.257859000000003,0.7896149999999977,Y,11226
12,12,300,18,9,9.239949000000014,0.8429870000000008,Y,11213
12,12,300,18,9,9.236735000000003,0.8540780000000012,Y,11116
12,12,300,18,9,9.286118000000002,0.8480069999999955,Y,11228
12,12,300,18,9,9.284328000000002,0.8201070000000144,Y,11205
12,12,300,18,9,9.302558000000005,0.7650900000000149,Y,11166
12,12,300,18,9,9.311739999999986,0.8543499999999824,Y,11230
12,12,300,18,9,9.29903800000001,0.8385190000000051,Y,11220
12,8,300,18,9,6.210064000000017,0.843619999999973,Y,7471
12,8,300,18,9,6.221817000000016,0.802661999999998,Y,7441
12,8,300,18,9,6.240474999999989,0.8590760000000017,Y,7424
12,8,300,18,9,6.291254000000023,0.8191020000000009,Y,7500
12,8,300,18,9,6.245041000000015,0.7954119999999989,Y,7460
12,8,300,18,9,6.275420999999994,0.8048410000000388,Y,7463
12,8,300,18,9,6.268737999999985,0.7165829999999858,Y,7469
12,8,300,18,9,6.265322999999995,0.8354070000000036,Y,7485
12,8,300,18,9,6.214697000000001,0.8727899999999806,Y,7448
12,8,300,18,9,6.230099000000024,0.8941270000000259,Y,7465
12,4,300,18,9,3.13371699999999,0.8883710000000065,Y,3692
12,4,300,18,9,3.1390380000000278,0.9104750000000195,Y,3753
12,4,300,18,9,3.181892000000005,0.8906389999999647,Y,3770
12,4,300,18,9,3.172192999999993,0.8002050000000338,Y,3745
12,4,300,18,9,3.1478790000000174,0.8967179999999928,Y,3734
12,4,300,18,9,3.167810000000003,0.8546210000000372,Y,3759
12,4,300,18,9,3.165527000000054,0.8456709999999816,Y,3775
12,4,300,18,9,3.175454999999971,0.8682589999999948,Y,3746
12,4,300,18,9,3.1490790000000004,0.8571679999999731,Y,3753
12,4,300,18,9,3.1379570000000285,0.8847409999999911,Y,3726
8,8,300,18,9,5.819954999999965,0.9497829999999965,Y,5810
8,8,300,18,9,5.8012580000000185,0.7961950000000115,Y,5821
8,8,300,18,9,5.764308,0.8903489999999863,Y,5791
8,8,300,18,9,5.775755999999973,1.0296340000000157,Y,5789
8,8,300,18,9,5.8124529999999766,0.8051209999999855,Y,5829
8,8,300,18,9,5.84564400000005,0.8079249999999831,Y,5799
8,8,300,18,9,5.858055000000007,0.8394849999999963,Y,5793
8,8,300,18,9,5.823055000000068,0.8783339999999953,Y,5814
8,8,300,18,9,5.783595999999989,1.0703509999999596,Y,5833
8,8,300,18,9,5.815732999999966,0.9207589999999755,Y,5814
8,4,300,18,9,2.9501280000000065,1.894004999999936,Y,2889
8,4,300,18,9,2.9557229999999777,1.247690999999918,Y,2911
8,4,300,18,9,2.962402999999995,1.8517570000000205,Y,2913
8,4,300,18,9,2.921284000000071,1.6233949999999595,Y,2909
8,4,300,18,9,2.920536000000027,1.4407900000000495,Y,2908
8,4,300,18,9,2.929508999999996,1.3154560000000401,Y,2922
8,4,300,18,9,2.9455649999999878,1.8774499999999534,Y,2934
8,4,300,18,9,2.919872000000055,1.4536279999999806,Y,2904
8,4,300,18,9,2.916810000000055,1.301084000000003,Y,2898
8,4,300,18,9,2.911882999999932,1.6986660000000597,Y,2898
4,4,300,18,9,2.5592949999999632,52.63506300000006,Y,1624
4,4,300,18,9,2.564373000000046,43.85771,Y,1629
4,4,300,18,9,2.547888000000057,46.36663699999997,Y,1626
4,4,300,18,9,2.5579239999999572,61.59483099999994,Y,1636
4,4,300,18,9,2.552765000000022,42.49418500000013,Y,1631
4,4,300,18,9,2.5345980000000736,40.19260799999995,Y,1630
4,4,300,18,9,2.5367339999999103,51.10474099999999,Y,1631
4,4,300,18,9,2.5703600000000506,43.778485000000046,Y,1631
4,4,300,18,9,2.5790199999997867,47.12254899999982,Y,1631
4,4,300,18,9,2.5713020000001734,43.92658400000005,Y,1636
12,12,400,20,10,21.011291000000142,1.811425999999983,Y,13999
12,12,400,20,10,20.80118499999992,1.7554699999999457,Y,14061
12,12,400,20,10,21.93064599999991,1.756774000000064,Y,14028
12,12,400,20,10,21.51752399999998,1.8902580000001308,Y,14048
12,12,400,20,10,20.840190000000007,1.8421249999998963,Y,14070
12,12,400,20,10,20.97713500000009,1.6449630000000752,Y,14020
12,12,400,20,10,20.905528999999888,1.681203000000096,Y,14029
12,12,400,20,10,20.93067700000006,1.6390079999999898,Y,14026
12,12,400,20,10,21.005862000000207,1.8035549999998466,Y,14034
12,12,400,20,10,20.88216099999977,1.6883010000001377,Y,13984
12,8,400,20,10,13.972091999999748,1.748899999999594,Y,9327
12,8,400,20,10,13.9760210000004,1.7190890000003947,Y,9364
12,8,400,20,10,14.07001900000023,1.5487210000001141,Y,9378
12,8,400,20,10,13.980133999999907,1.7191380000001573,Y,9372
12,8,400,20,10,13.984448000000384,1.714531000000079,Y,9350
12,8,400,20,10,14.021455999999716,1.71721800000023,Y,9349
12,8,400,20,10,13.996220000000221,1.8007179999999607,Y,9389
12,8,400,20,10,13.978153000000248,1.7313770000002933,Y,9375
12,8,400,20,10,13.923923000000286,1.7094810000000962,Y,9387
12,8,400,20,10,13.925375999999915,1.6609270000003562,Y,9333
12,4,400,20,10,7.042936000000054,2.135727999999972,Y,4618
12,4,400,20,10,7.065063999999893,1.8963690000000497,Y,4667
12,4,400,20,10,7.0612529999998515,2.095409000000018,Y,4697
12,4,400,20,10,7.050507999999354,1.9043660000002092,Y,4659
12,4,400,20,10,7.047116999999844,1.6619529999998122,Y,4730
12,4,400,20,10,7.0585279999997965,2.1091030000004594,Y,4682
12,4,400,20,10,7.036024999999881,1.9945140000002084,Y,4675
12,4,400,20,10,7.045684999999821,1.7396889999999985,Y,4677
12,4,400,20,10,7.029056000000082,2.131262000000106,Y,4689
12,4,400,20,10,7.037993000000142,1.7280659999998988,Y,4666
8,8,400,20,10,12.85189299999979,2.429214000000229,Y,7051
8,8,400,20,10,12.859789999999975,2.545517999999902,Y,7051
8,8,400,20,10,12.974183999999923,2.867733000000044,Y,7073
8,8,400,20,10,13.191277999999784,2.651540999999952,Y,7064
8,8,400,20,10,13.52059700000018,2.833171999999877,Y,7024
8,8,400,20,10,13.505879999999706,3.09399099999996,Y,7038
8,8,400,20,10,12.87616799999978,2.9472990000003847,Y,7046
8,8,400,20,10,12.889461999999867,2.285609999999906,Y,7056
8,8,400,20,10,12.848208999999997,2.9632389999999305,Y,7015
8,8,400,20,10,12.886278999999831,2.6068390000002637,Y,7042
8,4,400,20,10,6.524194000000307,6.908938000000035,Y,3557
8,4,400,20,10,6.501545000000078,9.626970000000256,Y,3538
8,4,400,20,10,6.491696000000047,8.885861000000205,Y,3527
8,4,400,20,10,6.5066699999999855,7.816547999999784,Y,3525
8,4,400,20,10,6.534318000000212,7.65877300000011,Y,3521
8,4,400,20,10,6.542014999999765,6.460535000000164,Y,3509
8,4,400,20,10,6.564763999999741,6.690701000000217,Y,3533
8,4,400,20,10,6.568830000000162,6.708611000000019,Y,3567
8,4,400,20,10,6.543219000000136,8.86350900000025,Y,3515
8,4,400,20,10,6.525447000000213,8.329545999999937,Y,3540
4,4,400,20,10,5.731400999998641,4029.1432890000015,Y,1907
4,4,400,20,10,5.701286999998047,14946.065709000004,Y,1900
