c,d,n,k,r,gen_time,solve_time,valid,sel_len
2,3,10,4,2,0.002458333969116211,0.00015997886657714844,Y,45
2,3,10,4,2,0.002275705337524414,0.00010943412780761719,Y,41
2,3,10,4,2,0.0021986961364746094,0.00010085105895996094,Y,42
2,3,10,4,2,0.002443075180053711,0.0001220703125,Y,38
2,3,10,4,2,0.0024487972259521484,0.0001456737518310547,Y,42
2,3,10,4,2,0.0028171539306640625,0.00015425682067871094,Y,40
2,3,10,4,2,0.0028846263885498047,0.00017333030700683594,Y,43
2,3,10,4,2,0.0025510787963867188,0.0001499652862548828,Y,36
2,3,10,4,2,0.0023729801177978516,0.00011682510375976562,Y,40
2,3,10,4,2,0.0023725032806396484,0.00011897087097167969,Y,40
2,3,10,4,2,0.005594968795776367,0.00036716461181640625,Y,41
2,3,10,4,2,0.005018949508666992,0.00024890899658203125,Y,42
2,3,10,4,2,0.002981901168823242,0.00017118453979492188,Y,41
2,3,10,4,2,0.004686832427978516,0.00018715858459472656,Y,45
2,3,10,4,2,0.002510547637939453,0.000125885009765625,Y,35
2,3,10,4,2,0.0024657249450683594,0.00012063980102539062,Y,39
2,3,10,4,2,0.004898548126220703,0.00027942657470703125,Y,40
2,3,10,4,2,0.0025582313537597656,0.00014519691467285156,Y,41
2,3,10,4,2,0.0038819313049316406,0.0002205371856689453,Y,42
2,3,10,4,2,0.002737760543823242,0.00013184547424316406,Y,43
2,3,20,5,3,0.009799957275390625,0.0009319782257080078,Y,81
2,3,20,5,3,0.00876927375793457,0.0012097358703613281,Y,78
2,3,20,5,3,0.009076833724975586,0.0010390281677246094,Y,83
2,3,20,5,3,0.010650157928466797,0.0015957355499267578,Y,79
2,3,20,5,3,0.008473873138427734,0.0011179447174072266,Y,78
2,3,20,5,3,0.009313583374023438,0.001215219497680664,Y,79
2,3,20,5,3,0.008800983428955078,0.0013346672058105469,Y,77
2,3,20,5,3,0.00748753547668457,0.0010364055633544922,Y,79
2,3,20,5,3,0.008714914321899414,0.0009379386901855469,Y,77
2,3,20,5,3,0.0071868896484375,0.0009701251983642578,Y,77
2,3,20,5,3,0.007695674896240234,0.0010056495666503906,Y,79
2,3,20,5,3,0.0073566436767578125,0.0007660388946533203,Y,82
2,3,20,5,3,0.0074462890625,0.0009748935699462891,Y,80
2,3,20,5,3,0.007218122482299805,0.0009236335754394531,Y,80
2,3,20,5,3,0.007618904113769531,0.0012869834899902344,Y,82
2,3,20,5,3,0.0070607662200927734,0.0008118152618408203,Y,81
2,3,20,5,3,0.007524728775024414,0.0009942054748535156,Y,77
2,3,20,5,3,0.007012844085693359,0.0008718967437744141,Y,79
2,3,20,5,3,0.007827997207641602,0.0010271072387695312,Y,79
2,3,20,5,3,0.007337808609008789,0.0009837150573730469,Y,79
2,3,30,6,3,0.018266916275024414,0.002109050750732422,Y,122
2,3,30,6,3,0.01881718635559082,0.0028040409088134766,Y,124
2,3,30,6,3,0.0208740234375,0.0027387142181396484,Y,121
2,3,30,6,3,0.019026756286621094,0.0028853416442871094,Y,122
2,3,30,6,3,0.016744375228881836,0.002081155776977539,Y,124
2,3,30,6,3,0.017300844192504883,0.0025780200958251953,Y,124
2,3,30,6,3,0.017180204391479492,0.0022432804107666016,Y,115
2,3,30,6,3,0.021156787872314453,0.0038628578186035156,Y,118
2,3,30,6,3,0.01772618293762207,0.002690553665161133,Y,125
2,3,30,6,3,0.017395496368408203,0.002154111862182617,Y,124
2,3,30,6,3,0.01653575897216797,0.002074003219604492,Y,120
2,3,30,6,3,0.017607927322387695,0.002189159393310547,Y,126
2,3,30,6,3,0.016817808151245117,0.0022177696228027344,Y,125
2,3,30,6,3,0.017624855041503906,0.002557992935180664,Y,126
2,3,30,6,3,0.017158031463623047,0.002198457717895508,Y,123
2,3,30,6,3,0.016776561737060547,0.0020291805267333984,Y,126
2,3,30,6,3,0.016737937927246094,0.002141714096069336,Y,124
2,3,30,6,3,0.017452001571655273,0.002651214599609375,Y,124
2,3,30,6,3,0.017095565795898438,0.0024144649505615234,Y,125
2,3,30,6,3,0.016988515853881836,0.0021364688873291016,Y,124
2,3,40,7,4,0.03350090980529785,0.018784046173095703,Y,158
2,3,40,7,4,0.03240609169006348,0.022707700729370117,Y,159
2,3,40,7,4,0.030321836471557617,0.019530057907104492,Y,162
2,3,40,7,4,0.03220415115356445,0.021380901336669922,Y,160
2,3,40,7,4,0.030552148818969727,0.015337467193603516,Y,156
2,3,40,7,4,0.030663013458251953,0.01787424087524414,Y,160
2,3,40,7,4,0.03056478500366211,0.02945256233215332,Y,159
2,3,40,7,4,0.0297238826751709,0.007696866989135742,Y,161
2,3,40,7,4,0.03104090690612793,0.01978611946105957,Y,160
2,3,40,7,4,0.035989999771118164,0.020646333694458008,Y,157
2,3,40,7,4,0.03143000602722168,0.027796030044555664,Y,159
2,3,40,7,4,0.030747175216674805,0.020569324493408203,Y,159
2,3,40,7,4,0.030547142028808594,0.012083053588867188,Y,163
2,3,40,7,4,0.03090524673461914,0.02514505386352539,Y,161
2,3,40,7,4,0.030181169509887695,0.025690317153930664,Y,160
2,3,40,7,4,0.030577898025512695,0.02846693992614746,Y,157
2,3,40,7,4,0.030724287033081055,0.025136947631835938,Y,161
2,3,40,7,4,0.03022170066833496,0.023233890533447266,Y,155
2,3,40,7,4,0.030905961990356445,0.01771092414855957,Y,159
2,3,40,7,4,0.030379772186279297,0.026066064834594727,Y,155
2,3,50,8,4,0.04615330696105957,0.08377361297607422,Y,186
2,3,50,8,4,0.044454097747802734,0.07004690170288086,Y,183
2,3,50,8,4,0.04480242729187012,0.05201411247253418,Y,188
2,3,50,8,4,0.0450131893157959,0.0509486198425293,Y,182
2,3,50,8,4,0.04483389854431152,0.06872153282165527,Y,182
2,3,50,8,4,0.04811668395996094,0.06867289543151855,Y,186
2,3,50,8,4,0.04519224166870117,0.0748450756072998,Y,183
2,3,50,8,4,0.0446019172668457,0.03295707702636719,Y,187
2,3,50,8,4,0.04402017593383789,0.06719613075256348,Y,179
2,3,50,8,4,0.046643733978271484,0.06939697265625,Y,182
2,3,50,8,4,0.05048036575317383,0.05039191246032715,Y,182
2,3,50,8,4,0.0461430549621582,0.05168867111206055,Y,181
2,3,50,8,4,0.046122074127197266,0.043582916259765625,Y,183
2,3,50,8,4,0.04667067527770996,0.05491209030151367,Y,188
2,3,50,8,4,0.04636693000793457,0.04897117614746094,Y,186
2,3,50,8,4,0.047663211822509766,0.05045604705810547,Y,186
2,3,50,8,4,0.049283742904663086,0.07515358924865723,Y,186
2,3,50,8,4,0.04764556884765625,0.060839176177978516,Y,184
2,3,50,8,4,0.04597592353820801,0.054473161697387695,Y,182
2,3,50,8,4,0.04708290100097656,0.05185580253601074,Y,188
2,3,60,8,4,0.07185697555541992,0.20241451263427734,Y,200
2,3,60,8,4,0.06868720054626465,0.16838645935058594,Y,204
2,3,60,8,4,0.06790947914123535,0.18347787857055664,Y,204
2,3,60,8,4,0.0661015510559082,0.22369694709777832,Y,203
2,3,60,8,4,0.07356810569763184,0.1876678466796875,Y,205
2,3,60,8,4,0.07518219947814941,0.1965041160583496,Y,206
2,3,60,8,4,0.06949687004089355,0.2114849090576172,Y,204
2,3,60,8,4,0.0736842155456543,0.20351099967956543,Y,203
2,3,60,8,4,0.06784296035766602,0.21353864669799805,Y,202
2,3,60,8,4,0.06726741790771484,0.19603681564331055,Y,199
2,3,60,8,4,0.07062602043151855,0.09202766418457031,Y,202
2,3,60,8,4,0.0659339427947998,0.19902515411376953,Y,203
2,3,60,8,4,0.0708615779876709,0.19291377067565918,Y,205
2,3,60,8,4,0.0695948600769043,0.2361009120941162,Y,204
2,3,60,8,4,0.07413506507873535,0.20209503173828125,Y,201
2,3,60,8,4,0.06980180740356445,0.2389531135559082,Y,203
2,3,60,8,4,0.07232904434204102,0.18840241432189941,Y,205
2,3,60,8,4,0.07115912437438965,0.16464495658874512,Y,205
2,3,60,8,4,0.07419443130493164,0.20849609375,Y,204
2,3,60,8,4,0.07232928276062012,0.24442315101623535,Y,201
2,3,70,9,5,0.1321103572845459,1.4790534973144531,Y,226
2,3,70,9,5,0.12949347496032715,1.0689845085144043,Y,230
2,3,70,9,5,0.12444567680358887,1.6140201091766357,Y,227
2,3,70,9,5,0.12588787078857422,0.9990403652191162,Y,229
2,3,70,9,5,0.14563345909118652,1.1586339473724365,Y,229
2,3,70,9,5,0.13684487342834473,1.1013987064361572,Y,230
2,3,70,9,5,0.13470149040222168,1.1921963691711426,Y,231
2,3,70,9,5,0.13305878639221191,1.2773869037628174,Y,232
2,3,70,9,5,0.13528895378112793,1.179119348526001,Y,231
2,3,70,9,5,0.13430356979370117,1.1778972148895264,Y,232
2,3,70,9,5,0.1372690200805664,1.1035263538360596,Y,231
2,3,70,9,5,0.13147830963134766,1.1655280590057373,Y,230
2,3,70,9,5,0.13669991493225098,1.146897554397583,Y,229
2,3,70,9,5,0.13129377365112305,1.0814108848571777,Y,228
2,3,70,9,5,0.1333019733428955,1.054788589477539,Y,226
2,3,70,9,5,0.13465547561645508,1.158761978149414,Y,230
2,3,70,9,5,0.14225387573242188,1.1322224140167236,Y,227
2,3,70,9,5,0.14071297645568848,1.0781257152557373,Y,230
2,3,70,9,5,0.1372058391571045,1.0919580459594727,Y,231
2,3,70,9,5,0.1389620304107666,1.0761759281158447,Y,230
2,3,80,9,5,0.18863439559936523,1.9608039855957031,Y,249
2,3,80,9,5,0.22777199745178223,3.403839349746704,Y,252
2,3,80,9,5,0.22375965118408203,4.312063932418823,Y,249
2,3,80,9,5,0.18507671356201172,3.9757065773010254,Y,248
2,3,80,9,5,0.1987895965576172,3.88247013092041,Y,250
2,3,80,9,5,0.19760727882385254,4.036252498626709,Y,248
2,3,80,9,5,0.18555498123168945,4.006577491760254,Y,248
2,3,80,9,5,0.19519734382629395,3.931668281555176,Y,249
2,3,80,9,5,0.19792938232421875,3.310288906097412,Y,249
2,3,80,9,5,0.19582629203796387,3.949037790298462,Y,250
2,3,80,9,5,0.19115138053894043,4.2305638790130615,Y,249
2,3,80,9,5,0.1935720443725586,3.552894353866577,Y,248
2,3,80,9,5,0.1867227554321289,3.6357219219207764,Y,249
2,3,80,9,5,0.20693397521972656,4.4265851974487305,Y,247
2,3,80,9,5,0.1972827911376953,4.360850095748901,Y,250
2,3,80,9,5,0.19698190689086914,3.669340133666992,Y,251
2,3,80,9,5,0.20404720306396484,2.711587905883789,Y,249
2,3,80,9,5,0.190964937210083,4.408786296844482,Y,248
2,3,80,9,5,0.20680809020996094,3.597093343734741,Y,244
2,3,80,9,5,0.20207524299621582,4.202393054962158,Y,251
2,3,90,10,5,0.24519801139831543,4.880984544754028,Y,279
2,3,90,10,5,0.2397921085357666,4.763072490692139,Y,279
2,3,90,10,5,0.2503070831298828,4.449728012084961,Y,277
2,3,90,10,5,0.2531569004058838,5.609895944595337,Y,276
2,3,90,10,5,0.23938465118408203,4.788699150085449,Y,277
2,3,90,10,5,0.24557089805603027,4.306237459182739,Y,277
2,3,90,10,5,0.24861788749694824,4.8709716796875,Y,278
2,3,90,10,5,0.24976491928100586,4.629631042480469,Y,279
2,3,90,10,5,0.24513673782348633,4.545109748840332,Y,277
2,3,90,10,5,0.255504846572876,4.5337793827056885,Y,278
2,3,90,10,5,0.24718475341796875,5.184530019760132,Y,275
2,3,90,10,5,0.2534503936767578,4.904198408126831,Y,277
2,3,90,10,5,0.24131226539611816,4.501081943511963,Y,275
2,3,90,10,5,0.23956847190856934,5.101022005081177,Y,278
2,3,90,10,5,0.24950599670410156,4.930499315261841,Y,278
2,3,90,10,5,0.24602246284484863,4.8778300285339355,Y,278
2,3,90,10,5,0.24116134643554688,5.375373125076294,Y,278
2,3,90,10,5,0.24210286140441895,5.089526176452637,Y,276
2,3,90,10,5,0.2599618434906006,4.8450140953063965,Y,278
2,3,90,10,5,0.2631034851074219,4.745030164718628,Y,276
2,3,100,10,5,0.3243446350097656,11.180234909057617,Y,278
2,3,100,10,5,0.2888152599334717,18.44975256919861,Y,280
2,3,100,10,5,0.30112576484680176,20.58118486404419,Y,279
2,3,100,10,5,0.3092350959777832,19.99265193939209,Y,277
2,3,100,10,5,0.2817416191101074,15.012765645980835,Y,279
2,3,100,10,5,0.3040297031402588,14.64805269241333,Y,277
2,3,100,10,5,0.3005332946777344,7.332911968231201,Y,280
2,3,100,10,5,0.30138611793518066,19.920928955078125,Y,278
2,3,100,10,5,0.2972137928009033,17.509995937347412,Y,278
2,3,100,10,5,0.30575084686279297,21.831648588180542,Y,279
2,3,100,10,5,0.3119161128997803,18.994826078414917,Y,279
2,3,100,10,5,0.2875187397003174,20.195961713790894,Y,279
2,3,100,10,5,0.29108476638793945,19.68893551826477,Y,278
2,3,100,10,5,0.2883169651031494,13.747062683105469,Y,280
2,3,100,10,5,0.2941615581512451,16.88040041923523,Y,278
2,3,100,10,5,0.30809640884399414,16.551936626434326,Y,275
2,3,100,10,5,0.2892739772796631,17.15832543373108,Y,278
2,3,100,10,5,0.28500914573669434,19.155421018600464,Y,278
2,3,100,10,5,0.2906839847564697,13.610889196395874,Y,278
2,3,100,10,5,0.2835996150970459,17.546443939208984,Y,276
2,2,10,4,2,0.0020978450775146484,0.0001201629638671875,Y,33
2,2,10,4,2,0.002049684524536133,0.0001227855682373047,Y,27
2,2,10,4,2,0.0021181106567382812,0.00016498565673828125,Y,29
2,2,10,4,2,0.002123117446899414,0.0001289844512939453,Y,31
2,2,10,4,2,0.002156972885131836,0.00011420249938964844,Y,34
2,2,10,4,2,0.0021169185638427734,0.00011301040649414062,Y,34
2,2,10,4,2,0.0021872520446777344,0.00013208389282226562,Y,31
2,2,10,4,2,0.0019488334655761719,0.0001304149627685547,Y,30
2,2,10,4,2,0.0019779205322265625,0.00011205673217773438,Y,31
2,2,10,4,2,0.00206756591796875,0.00011539459228515625,Y,31
2,2,10,4,2,0.0020661354064941406,0.00011301040649414062,Y,28
2,2,10,4,2,0.0020949840545654297,0.00013327598571777344,Y,26
2,2,10,4,2,0.0021021366119384766,0.00011491775512695312,Y,32
2,2,10,4,2,0.0021429061889648438,0.00011801719665527344,Y,33
2,2,10,4,2,0.0022509098052978516,0.00012493133544921875,Y,31
2,2,10,4,2,0.0040018558502197266,0.0002033710479736328,Y,30
2,2,10,4,2,0.0026397705078125,0.00014495849609375,Y,29
2,2,10,4,2,0.0027141571044921875,0.00014400482177734375,Y,28
2,2,10,4,2,0.0030052661895751953,0.00016808509826660156,Y,28
2,2,10,4,2,0.001986980438232422,0.000110626220703125,Y,30
2,2,20,5,3,0.007020235061645508,0.0011205673217773438,Y,55
2,2,20,5,3,0.0076198577880859375,0.0013685226440429688,Y,52
2,2,20,5,3,0.007755279541015625,0.001669168472290039,Y,51
2,2,20,5,3,0.006756305694580078,0.0009257793426513672,Y,51
2,2,20,5,3,0.007055044174194336,0.001764059066772461,Y,51
2,2,20,5,3,0.008125066757202148,0.0013120174407958984,Y,56
2,2,20,5,3,0.008710145950317383,0.0012359619140625,Y,52
2,2,20,5,3,0.0062139034271240234,0.0012912750244140625,Y,49
2,2,20,5,3,0.006825923919677734,0.0015425682067871094,Y,54
2,2,20,5,3,0.00687718391418457,0.0012862682342529297,Y,53
2,2,20,5,3,0.008574724197387695,0.001508951187133789,Y,54
2,2,20,5,3,0.007124900817871094,0.0016460418701171875,Y,48
2,2,20,5,3,0.00648188591003418,0.0012607574462890625,Y,49
2,2,20,5,3,0.006898641586303711,0.0014367103576660156,Y,52
2,2,20,5,3,0.006833076477050781,0.0012099742889404297,Y,52
2,2,20,5,3,0.006804943084716797,0.0011692047119140625,Y,54
2,2,20,5,3,0.006474971771240234,0.0012292861938476562,Y,52
2,2,20,5,3,0.007437705993652344,0.0014317035675048828,Y,53
2,2,20,5,3,0.007263898849487305,0.0016751289367675781,Y,51
2,2,20,5,3,0.006604194641113281,0.001657247543334961,Y,51
2,2,30,6,3,0.014849424362182617,0.0035393238067626953,Y,76
2,2,30,6,3,0.017325162887573242,0.0032339096069335938,Y,79
2,2,30,6,3,0.014724493026733398,0.0036203861236572266,Y,77
2,2,30,6,3,0.014437198638916016,0.0038459300994873047,Y,77
2,2,30,6,3,0.013099193572998047,0.0026149749755859375,Y,79
2,2,30,6,3,0.013772726058959961,0.0028100013732910156,Y,81
2,2,30,6,3,0.014986991882324219,0.003661632537841797,Y,75
2,2,30,6,3,0.01648998260498047,0.0035619735717773438,Y,80
2,2,30,6,3,0.014707565307617188,0.0034618377685546875,Y,78
2,2,30,6,3,0.01416015625,0.0034182071685791016,Y,78
2,2,30,6,3,0.013203620910644531,0.0027658939361572266,Y,75
2,2,30,6,3,0.013848304748535156,0.0027430057525634766,Y,80
2,2,30,6,3,0.01454782485961914,0.0037207603454589844,Y,75
2,2,30,6,3,0.016121864318847656,0.004018068313598633,Y,79
2,2,30,6,3,0.017682313919067383,0.0034990310668945312,Y,80
2,2,30,6,3,0.013807296752929688,0.0031528472900390625,Y,81
2,2,30,6,3,0.013485193252563477,0.004019975662231445,Y,76
2,2,30,6,3,0.013996601104736328,0.0029838085174560547,Y,78
2,2,30,6,3,0.014663219451904297,0.0038938522338867188,Y,76
2,2,30,6,3,0.01450347900390625,0.003000974655151367,Y,81
2,2,40,7,4,0.026247739791870117,0.052404165267944336,Y,105
2,2,40,7,4,0.024186134338378906,0.05343794822692871,Y,106
2,2,40,7,4,0.0263216495513916,0.031141042709350586,Y,108
2,2,40,7,4,0.028130531311035156,0.04902386665344238,Y,106
2,2,40,7,4,0.028153657913208008,0.05277848243713379,Y,107
2,2,40,7,4,0.027003049850463867,0.04599428176879883,Y,107
2,2,40,7,4,0.026813030242919922,0.06510424613952637,Y,104
2,2,40,7,4,0.026314973831176758,0.05216789245605469,Y,105
2,2,40,7,4,0.025177478790283203,0.04236245155334473,Y,107
2,2,40,7,4,0.026683807373046875,0.060108184814453125,Y,109
2,2,40,7,4,0.026135921478271484,0.038949012756347656,Y,103
2,2,40,7,4,0.026420116424560547,0.04266691207885742,Y,108
2,2,40,7,4,0.02944779396057129,0.06305480003356934,Y,108
2,2,40,7,4,0.025510787963867188,0.04169774055480957,Y,111
2,2,40,7,4,0.02673029899597168,0.027552127838134766,Y,109
2,2,40,7,4,0.024531126022338867,0.06346797943115234,Y,105
2,2,40,7,4,0.02820611000061035,0.044992923736572266,Y,106
2,2,40,7,4,0.026643753051757812,0.05292367935180664,Y,101
2,2,40,7,4,0.028241872787475586,0.05383610725402832,Y,108
2,2,40,7,4,0.02557682991027832,0.050814151763916016,Y,107
2,2,50,8,4,0.039473772048950195,0.12980985641479492,Y,123
2,2,50,8,4,0.03959321975708008,0.09424281120300293,Y,120
2,2,50,8,4,0.03717327117919922,0.11506175994873047,Y,123
2,2,50,8,4,0.04078269004821777,0.1296401023864746,Y,123
2,2,50,8,4,0.042138099670410156,0.1483781337738037,Y,120
2,2,50,8,4,0.03771185874938965,0.10932421684265137,Y,123
2,2,50,8,4,0.04080033302307129,0.10167813301086426,Y,124
2,2,50,8,4,0.04169201850891113,0.15180611610412598,Y,121
2,2,50,8,4,0.0401151180267334,0.1433117389678955,Y,127
2,2,50,8,4,0.03753829002380371,0.15809988975524902,Y,123
2,2,50,8,4,0.036162376403808594,0.12500762939453125,Y,124
2,2,50,8,4,0.03516674041748047,0.16479206085205078,Y,126
2,2,50,8,4,0.0352931022644043,0.12855887413024902,Y,124
2,2,50,8,4,0.039780616760253906,0.1520991325378418,Y,121
2,2,50,8,4,0.03921627998352051,0.13915038108825684,Y,124
2,2,50,8,4,0.04151511192321777,0.1511392593383789,Y,116
2,2,50,8,4,0.04150891304016113,0.131333589553833,Y,121
2,2,50,8,4,0.03949379920959473,0.15038156509399414,Y,125
2,2,50,8,4,0.03998112678527832,0.15128421783447266,Y,122
2,2,50,8,4,0.04139280319213867,0.13959264755249023,Y,122
2,2,60,8,4,0.060625553131103516,0.30044126510620117,Y,141
2,2,60,8,4,0.05961799621582031,0.33965492248535156,Y,141
2,2,60,8,4,0.05491995811462402,0.292816162109375,Y,143
2,2,60,8,4,0.05704212188720703,0.3299069404602051,Y,144
2,2,60,8,4,0.05799698829650879,0.41861391067504883,Y,143
2,2,60,8,4,0.054303884506225586,0.37519049644470215,Y,142
2,2,60,8,4,0.06017303466796875,0.22857332229614258,Y,143
2,2,60,8,4,0.07015109062194824,0.3791077136993408,Y,139
2,2,60,8,4,0.05870556831359863,0.39049673080444336,Y,141
2,2,60,8,4,0.05827927589416504,0.42162179946899414,Y,140
2,2,60,8,4,0.0581362247467041,0.38979220390319824,Y,139
2,2,60,8,4,0.06356143951416016,0.33896303176879883,Y,139
2,2,60,8,4,0.05860495567321777,0.34230899810791016,Y,142
2,2,60,8,4,0.06218528747558594,0.2857067584991455,Y,142
2,2,60,8,4,0.057216644287109375,0.2979545593261719,Y,143
2,2,60,8,4,0.0562436580657959,0.4162609577178955,Y,139
2,2,60,8,4,0.055399179458618164,0.36193108558654785,Y,143
2,2,60,8,4,0.056600093841552734,0.3924267292022705,Y,142
2,2,60,8,4,0.0603179931640625,0.3904416561126709,Y,143
2,2,60,8,4,0.05431699752807617,0.3137495517730713,Y,142
2,2,70,9,5,0.09972310066223145,3.937631368637085,Y,161
2,2,70,9,5,0.0982670783996582,2.1548006534576416,Y,162
2,2,70,9,5,0.10247993469238281,3.501095771789551,Y,160
2,2,70,9,5,0.09778761863708496,2.628340244293213,Y,160
2,2,70,9,5,0.09964203834533691,2.1911675930023193,Y,159
2,2,70,9,5,0.09680747985839844,3.302982807159424,Y,161
2,2,70,9,5,0.09809422492980957,4.030807018280029,Y,158
2,2,70,9,5,0.09380316734313965,3.679736852645874,Y,157
2,2,70,9,5,0.09681916236877441,2.5356149673461914,Y,160
2,2,70,9,5,0.1037149429321289,4.067708253860474,Y,157
2,2,70,9,5,0.10046696662902832,4.017230749130249,Y,159
2,2,70,9,5,0.10160255432128906,3.9809837341308594,Y,158
2,2,70,9,5,0.09835124015808105,3.247387170791626,Y,159
2,2,70,9,5,0.10333704948425293,3.3432037830352783,Y,160
2,2,70,9,5,0.10159492492675781,4.114956855773926,Y,158
2,2,70,9,5,0.10007691383361816,3.0555026531219482,Y,159
2,2,70,9,5,0.09744405746459961,4.0156471729278564,Y,156
2,2,70,9,5,0.09885811805725098,3.6879162788391113,Y,161
2,2,70,9,5,0.09952831268310547,3.7721400260925293,Y,159
2,2,70,9,5,0.0992121696472168,3.563520669937134,Y,158
2,2,80,9,5,0.12032938003540039,12.9421968460083,Y,162
2,2,80,9,5,0.12653231620788574,11.343695163726807,Y,161
2,2,80,9,5,0.12638211250305176,15.103142499923706,Y,161
2,2,80,9,5,0.12340021133422852,7.493732929229736,Y,162
2,2,80,9,5,0.12511992454528809,9.619232892990112,Y,161
2,2,80,9,5,0.12572479248046875,10.006877899169922,Y,160
2,2,80,9,5,0.13320326805114746,15.106955528259277,Y,159
2,2,80,9,5,0.1238400936126709,10.223682880401611,Y,160
2,2,80,9,5,0.12824559211730957,14.197332859039307,Y,159
2,2,80,9,5,0.12926888465881348,11.19292664527893,Y,158
2,2,80,9,5,0.12687110900878906,8.806812763214111,Y,159
2,2,80,9,5,0.1261141300201416,7.901915788650513,Y,161
2,2,80,9,5,0.11924505233764648,14.193854808807373,Y,160
2,2,80,9,5,0.1271660327911377,11.304124116897583,Y,161
2,2,80,9,5,0.12360310554504395,8.991781949996948,Y,161
2,2,80,9,5,0.12144064903259277,11.327937126159668,Y,162
2,2,80,9,5,0.1267712116241455,17.53618812561035,Y,157
2,2,80,9,5,0.12046980857849121,10.820531606674194,Y,161
2,2,80,9,5,0.1283562183380127,12.738929986953735,Y,160
2,2,80,9,5,0.12093496322631836,10.229695796966553,Y,161
2,2,90,10,5,0.1565108299255371,20.539352655410767,Y,178
2,2,90,10,5,0.15523910522460938,24.873469352722168,Y,177
2,2,90,10,5,0.15752506256103516,26.91496729850769,Y,177
2,2,90,10,5,0.16089415550231934,21.794467210769653,Y,178
2,2,90,10,5,0.14832639694213867,20.424519300460815,Y,179
2,2,90,10,5,0.15651893615722656,21.77504324913025,Y,180
2,2,90,10,5,0.1572132110595703,21.23795485496521,Y,179
2,2,90,10,5,0.14962267875671387,18.21348786354065,Y,179
2,2,90,10,5,0.1602778434753418,22.132728099822998,Y,180
2,2,90,10,5,0.1540970802307129,19.007245302200317,Y,179
2,2,90,10,5,0.16437077522277832,18.92940902709961,Y,180
2,2,90,10,5,0.1627674102783203,14.113832235336304,Y,178
2,2,90,10,5,0.14795875549316406,19.82778835296631,Y,178
2,2,90,10,5,0.1626605987548828,16.15436291694641,Y,180
2,2,90,10,5,0.15892624855041504,22.36577010154724,Y,178
2,2,90,10,5,0.16137933731079102,23.351837158203125,Y,180
2,2,90,10,5,0.16190552711486816,19.155435800552368,Y,179
2,2,90,10,5,0.16125082969665527,20.135101795196533,Y,176
2,2,90,10,5,0.1608126163482666,16.652885913848877,Y,179
2,2,90,10,5,0.1668403148651123,21.515902280807495,Y,177
2,2,100,10,5,0.20171022415161133,37.15782856941223,Y,198
2,2,100,10,5,0.21361374855041504,42.297149896621704,Y,199
2,2,100,10,5,0.2005443572998047,82.87160968780518,Y,195
2,2,100,10,5,0.20913195610046387,36.018296003341675,Y,198
2,2,100,10,5,0.214583158493042,41.35669541358948,Y,199
2,2,100,10,5,0.21882343292236328,54.2185697555542,Y,198
2,2,100,10,5,0.19832468032836914,35.045435428619385,Y,200
2,2,100,10,5,0.2000112533569336,53.5047128200531,Y,199
2,2,100,10,5,0.2151036262512207,31.65394401550293,Y,198
2,2,100,10,5,0.2040271759033203,45.639538288116455,Y,199
2,2,100,10,5,0.1990959644317627,46.54837703704834,Y,199
2,2,100,10,5,0.20566892623901367,56.25779056549072,Y,199
2,2,100,10,5,0.21175599098205566,63.76276707649231,Y,199
2,2,100,10,5,0.20290279388427734,59.045081615448,Y,198
2,2,100,10,5,0.2045760154724121,39.17790484428406,Y,198
2,2,100,10,5,0.21383452415466309,47.79409885406494,Y,199
2,2,100,10,5,0.2114424705505371,54.406758069992065,Y,200
2,2,100,10,5,0.21953821182250977,55.206867694854736,Y,199
2,2,100,10,5,0.21557116508483887,66.19714832305908,Y,199
2,2,100,10,5,0.2202925682067871,73.11848521232605,Y,198
2,1,10,4,2,0.0005860328674316406,0.00010180473327636719,N,17
2,1,10,4,2,0.0014052391052246094,0.00011229515075683594,Y,17
2,1,10,4,2,0.0013153553009033203,9.703636169433594e-05,Y,19
2,1,10,4,2,0.0013289451599121094,9.608268737792969e-05,Y,17
2,1,10,4,2,0.0014107227325439453,0.00010967254638671875,Y,17
2,1,10,4,2,0.0013966560363769531,0.00010514259338378906,Y,17
2,1,10,4,2,0.0014221668243408203,0.0001461505889892578,Y,15
2,1,10,4,2,0.0014510154724121094,0.00011086463928222656,Y,18
2,1,10,4,2,0.001466989517211914,0.00010704994201660156,Y,15
2,1,10,4,2,0.0015578269958496094,0.00010776519775390625,Y,20
2,1,10,4,2,0.0011322498321533203,0.00012493133544921875,N,19
2,1,10,4,2,0.0015246868133544922,0.0001251697540283203,Y,19
2,1,10,4,2,0.0015568733215332031,0.00011467933654785156,Y,19
2,1,10,4,2,0.0015919208526611328,0.00011396408081054688,Y,18
2,1,10,4,2,0.0015971660614013672,0.000141143798828125,Y,16
2,1,10,4,2,0.0006508827209472656,0.0001239776611328125,N,17
2,1,10,4,2,0.001646280288696289,0.0001201629638671875,Y,19
2,1,10,4,2,0.0015745162963867188,0.00012135505676269531,Y,16
2,1,10,4,2,0.0016171932220458984,0.00012087821960449219,Y,17
2,1,10,4,2,0.0017421245574951172,0.0001399517059326172,Y,19
2,1,20,5,3,0.001811981201171875,0.0001480579376220703,N,27
2,1,20,5,3,0.0035560131072998047,0.00011515617370605469,N,26
2,1,20,5,3,0.0034759044647216797,0.0005197525024414062,N,25
2,1,20,5,3,0.0032029151916503906,0.0003540515899658203,N,28
2,1,20,5,3,0.0018260478973388672,0.00045490264892578125,N,29
2,1,20,5,3,0.0018739700317382812,0.0002899169921875,N,27
2,1,20,5,3,0.002285003662109375,0.00029587745666503906,N,25
2,1,20,5,3,0.0019838809967041016,0.002195119857788086,N,25
2,1,20,5,3,0.0018360614776611328,0.0003349781036376953,N,26
2,1,20,5,3,0.0018870830535888672,0.0007100105285644531,N,26
2,1,20,5,3,0.002103090286254883,0.0008878707885742188,N,25
2,1,20,5,3,0.0043315887451171875,0.002235889434814453,Y,28
2,1,20,5,3,0.0016100406646728516,0.0004520416259765625,N,28
2,1,20,5,3,0.0017018318176269531,0.00034880638122558594,N,26
2,1,20,5,3,0.00165557861328125,0.00019097328186035156,N,26
2,1,20,5,3,0.0017368793487548828,0.00045800209045410156,N,29
2,1,20,5,3,0.0031859874725341797,0.00017261505126953125,N,25
2,1,20,5,3,0.0030508041381835938,0.001318216323852539,N,25
2,1,20,5,3,0.002234220504760742,0.00032520294189453125,N,26
2,1,20,5,3,0.0018579959869384766,0.000797271728515625,N,22
2,1,30,6,3,0.003428220748901367,0.01194000244140625,N,42
2,1,30,6,3,0.0032782554626464844,0.00611114501953125,N,41
2,1,30,6,3,0.010422945022583008,0.005132198333740234,Y,47
2,1,30,6,3,0.01092982292175293,0.006945133209228516,Y,44
2,1,30,6,3,0.00963282585144043,0.0032367706298828125,Y,48
2,1,30,6,3,0.011471271514892578,0.006852865219116211,Y,47
2,1,30,6,3,0.005288124084472656,0.0006389617919921875,N,46
2,1,30,6,3,0.004463911056518555,0.0007190704345703125,N,44
2,1,30,6,3,0.004301786422729492,0.0034978389739990234,N,45
2,1,30,6,3,0.013216972351074219,0.005530118942260742,Y,45
2,1,30,6,3,0.009747982025146484,0.00026488304138183594,N,44
2,1,30,6,3,0.005571842193603516,0.0009279251098632812,N,45
2,1,30,6,3,0.006267070770263672,0.006020069122314453,N,46
2,1,30,6,3,0.004836082458496094,0.003900289535522461,N,44
2,1,30,6,3,0.015159368515014648,0.006591796875,Y,45
2,1,30,6,3,0.011286497116088867,0.006561994552612305,Y,44
2,1,30,6,3,0.003945827484130859,0.00972437858581543,N,40
2,1,30,6,3,0.003645181655883789,0.0014989376068115234,N,46
2,1,30,6,3,0.009630918502807617,0.005333900451660156,Y,45
2,1,30,6,3,0.0038819313049316406,0.0007617473602294922,N,43
2,1,40,7,4,0.00552678108215332,0.0005040168762207031,N,51
2,1,40,7,4,0.005980730056762695,0.018201112747192383,N,55
2,1,40,7,4,0.005546092987060547,0.0027971267700195312,N,54
2,1,40,7,4,0.006085872650146484,0.0027260780334472656,N,52
2,1,40,7,4,0.005640268325805664,0.005674839019775391,N,54
2,1,40,7,4,0.006144046783447266,0.01437687873840332,N,53
2,1,40,7,4,0.005525112152099609,0.015569925308227539,N,52
2,1,40,7,4,0.005544900894165039,0.004295825958251953,N,53
2,1,40,7,4,0.006117105484008789,0.013092041015625,N,53
2,1,40,7,4,0.005840778350830078,0.006276845932006836,N,52
2,1,40,7,4,0.0062830448150634766,0.022585153579711914,N,53
2,1,40,7,4,0.005883932113647461,0.0024378299713134766,N,51
2,1,40,7,4,0.005265951156616211,0.0005278587341308594,N,52
2,1,40,7,4,0.0056078433990478516,0.0075032711029052734,N,54
2,1,40,7,4,0.00534510612487793,0.004787921905517578,N,54
2,1,40,7,4,0.005822896957397461,0.02529311180114746,N,52
2,1,40,7,4,0.006628274917602539,0.03324699401855469,N,55
2,1,40,7,4,0.0062656402587890625,0.04528999328613281,N,54
2,1,40,7,4,0.006343841552734375,0.017461061477661133,N,53
2,1,40,7,4,0.005116939544677734,0.0076901912689208984,N,52
2,1,50,8,4,0.009071111679077148,0.11222004890441895,N,62
2,1,50,8,4,0.009809732437133789,0.04581618309020996,N,62
2,1,50,8,4,0.009166955947875977,0.022686004638671875,N,64
2,1,50,8,4,0.008387088775634766,0.0018579959869384766,N,58
2,1,50,8,4,0.007981061935424805,0.060096025466918945,N,61
2,1,50,8,4,0.007779836654663086,0.04730486869812012,N,59
2,1,50,8,4,0.008260965347290039,0.0061991214752197266,N,62
2,1,50,8,4,0.009002923965454102,0.0015099048614501953,N,62
2,1,50,8,4,0.011018037796020508,0.03289437294006348,N,62
2,1,50,8,4,0.007658958435058594,0.029727935791015625,N,62
2,1,50,8,4,0.009258031845092773,0.0450749397277832,N,62
2,1,50,8,4,0.008850812911987305,0.20094585418701172,N,62
2,1,50,8,4,0.008234024047851562,0.3911468982696533,N,62
2,1,50,8,4,0.007631063461303711,0.005513906478881836,N,63
2,1,50,8,4,0.0075757503509521484,0.017870187759399414,N,63
2,1,50,8,4,0.009277105331420898,0.0009553432464599609,N,64
2,1,50,8,4,0.008584976196289062,0.05054807662963867,N,61
2,1,50,8,4,0.007630825042724609,0.07375693321228027,N,62
2,1,50,8,4,0.009083032608032227,0.0015082359313964844,N,60
2,1,50,8,4,0.009313106536865234,0.13202714920043945,N,62
2,1,60,8,4,0.01165008544921875,0.596513032913208,N,80
2,1,60,8,4,0.013680696487426758,0.3651919364929199,N,77
2,1,60,8,4,0.013897895812988281,0.05274176597595215,N,79
2,1,60,8,4,0.01376199722290039,0.06666111946105957,N,78
2,1,60,8,4,0.011193037033081055,0.46723270416259766,N,78
2,1,60,8,4,0.013648033142089844,1.3646159172058105,N,79
2,1,60,8,4,0.011579036712646484,1.4522340297698975,N,78
2,1,60,8,4,0.011768102645874023,0.14140987396240234,N,80
2,1,60,8,4,0.034249067306518555,2.7853927612304688,Y,78
2,1,60,8,4,0.012356042861938477,1.7750720977783203,N,77
2,1,60,8,4,0.013806819915771484,0.24909400939941406,N,79
2,1,60,8,4,0.037413835525512695,1.8058826923370361,Y,78
2,1,60,8,4,0.03658103942871094,1.8594930171966553,Y,79
2,1,60,8,4,0.013988733291625977,1.382140874862671,N,77
2,1,60,8,4,0.011379003524780273,1.3685579299926758,N,78
2,1,60,8,4,0.011958837509155273,0.23053503036499023,N,78
2,1,60,8,4,0.013286828994750977,0.07792830467224121,N,79
2,1,60,8,4,0.011443138122558594,0.3878762722015381,N,78
2,1,60,8,4,0.011325359344482422,0.4624001979827881,N,78
2,1,60,8,4,0.03376269340515137,1.594249963760376,Y,80
2,1,70,9,5,0.014907121658325195,0.333510160446167,N,89
2,1,70,9,5,0.016636133193969727,0.3355700969696045,N,88
2,1,70,9,5,0.016623973846435547,0.2336740493774414,N,89
2,1,70,9,5,0.01485586166381836,0.703272819519043,N,87
2,1,70,9,5,0.018368005752563477,0.09850597381591797,N,86
2,1,70,9,5,0.018742799758911133,0.546579122543335,N,88
2,1,70,9,5,0.015054702758789062,0.14784979820251465,N,89
2,1,70,9,5,0.015210151672363281,4.400540828704834,N,87
2,1,70,9,5,0.01862192153930664,0.24322080612182617,N,88
2,1,70,9,5,0.018246173858642578,2.5726630687713623,N,86
2,1,70,9,5,0.018782854080200195,0.20714592933654785,N,88
2,1,70,9,5,0.015821218490600586,0.08485293388366699,N,87
2,1,70,9,5,0.016531944274902344,0.08454775810241699,N,90
2,1,70,9,5,0.015940189361572266,1.496880292892456,N,89
2,1,70,9,5,0.017781972885131836,0.25380396842956543,N,88
2,1,70,9,5,0.015984058380126953,0.7761502265930176,N,88
2,1,70,9,5,0.015539884567260742,5.36324405670166,N,88
2,1,70,9,5,0.015538930892944336,0.16805720329284668,N,90
2,1,70,9,5,0.015513896942138672,0.4129509925842285,N,88
2,1,70,9,5,0.015159130096435547,0.06397795677185059,N,90
2,1,80,9,5,0.02027297019958496,0.2200007438659668,N,88
2,1,80,9,5,0.01954793930053711,0.07713103294372559,N,89
2,1,80,9,5,0.020027875900268555,0.0764777660369873,N,89
2,1,80,9,5,0.021554231643676758,0.05908012390136719,N,90
2,1,80,9,5,0.020681142807006836,3.7455079555511475,N,90
2,1,80,9,5,0.022774934768676758,0.6448640823364258,N,90
2,1,80,9,5,0.02420210838317871,0.5028598308563232,N,90
2,1,80,9,5,0.02204298973083496,0.08969497680664062,N,90
2,1,80,9,5,0.0239410400390625,0.1964421272277832,N,90
2,1,80,9,5,0.01883220672607422,0.18150711059570312,N,89
2,1,80,9,5,0.021332979202270508,0.3155241012573242,N,90
2,1,80,9,5,0.019109010696411133,0.053933143615722656,N,89
2,1,80,9,5,0.021150827407836914,1.3225038051605225,N,88
2,1,80,9,5,0.018314123153686523,0.24353408813476562,N,90
2,1,80,9,5,0.019786834716796875,0.08255386352539062,N,90
2,1,80,9,5,0.0198209285736084,0.08890819549560547,N,90
2,1,80,9,5,0.024035930633544922,0.09650516510009766,N,90
2,1,80,9,5,0.020767927169799805,0.07832098007202148,N,88
2,1,80,9,5,0.019035816192626953,0.07799887657165527,N,90
2,1,80,9,5,0.02382206916809082,1.3759143352508545,N,87
2,1,90,10,5,0.02592778205871582,1.2725389003753662,N,99
2,1,90,10,5,0.029009103775024414,1.2015259265899658,N,99
2,1,90,10,5,0.024345874786376953,0.11307120323181152,N,99
2,1,90,10,5,0.0254209041595459,5.9631030559539795,N,99
2,1,90,10,5,0.02404475212097168,2.8407297134399414,N,99
2,1,90,10,5,0.024499893188476562,0.43296289443969727,N,98
2,1,90,10,5,0.025181293487548828,5.453118085861206,N,99
2,1,90,10,5,0.024390220642089844,0.6852691173553467,N,97
2,1,90,10,5,0.024692058563232422,0.37798213958740234,N,99
2,1,90,10,5,0.028251171112060547,0.27750682830810547,N,98
2,1,90,10,5,0.029970884323120117,2.3874189853668213,N,99
2,1,90,10,5,0.030014991760253906,1.7364721298217773,N,100
2,1,90,10,5,0.02455282211303711,0.06958794593811035,N,99
2,1,90,10,5,0.029051780700683594,5.1661460399627686,N,100
2,1,90,10,5,0.025288105010986328,2.0130951404571533,N,99
2,1,90,10,5,0.023977994918823242,1.7123908996582031,N,98
2,1,90,10,5,0.02301478385925293,1.1350491046905518,N,99
2,1,90,10,5,0.025053977966308594,7.490533828735352,N,99
2,1,90,10,5,0.025633811950683594,0.8010668754577637,N,100
2,1,90,10,5,0.028445959091186523,2.9658219814300537,N,99
2,1,100,10,5,0.034837961196899414,1.2064998149871826,N,100
2,1,100,10,5,0.030894994735717773,1.2003448009490967,N,99
2,1,100,10,5,0.03164505958557129,1.8233861923217773,N,100
2,1,100,10,5,0.03492379188537598,1.4222369194030762,N,100
2,1,100,10,5,0.030740976333618164,0.3188941478729248,N,96
2,1,100,10,5,0.03838324546813965,1.5469067096710205,N,100
2,1,100,10,5,0.03134512901306152,0.43271493911743164,N,99
2,1,100,10,5,0.03008413314819336,0.2903740406036377,N,98
2,1,100,10,5,0.036231279373168945,1.0853140354156494,N,100
2,1,100,10,5,0.031100988388061523,5.592897891998291,N,100
2,1,100,10,5,0.03461503982543945,1.2758290767669678,N,100
2,1,100,10,5,0.03220510482788086,0.08432221412658691,N,99
2,1,100,10,5,0.03328704833984375,0.8634769916534424,N,99
2,1,100,10,5,0.03457832336425781,1.0556590557098389,N,99
2,1,100,10,5,0.032994985580444336,0.1477069854736328,N,100
2,1,100,10,5,0.029154062271118164,7.265779256820679,N,100
2,1,100,10,5,0.0329892635345459,0.4823751449584961,N,99
2,1,100,10,5,0.03537797927856445,8.945800304412842,N,100
2,1,100,10,5,0.03395819664001465,6.5154128074646,N,100
2,1,100,10,5,0.03444790840148926,2.903149127960205,N,100
1,1,10,4,2,0.0015459060668945312,0.0003428459167480469,Y,12
1,1,10,4,2,0.0005819797515869141,8.606910705566406e-05,N,11
1,1,10,4,2,0.0005507469177246094,7.081031799316406e-05,N,12
1,1,10,4,2,0.0005319118499755859,8.20159912109375e-05,N,11
1,1,10,4,2,0.0005340576171875,7.82012939453125e-05,N,11
1,1,10,4,2,0.0005271434783935547,0.0001552104949951172,N,12
1,1,10,4,2,0.0005371570587158203,0.0001437664031982422,N,12
1,1,10,4,2,0.0005409717559814453,0.00011181831359863281,N,10
1,1,10,4,2,0.0005450248718261719,0.0001201629638671875,N,11
1,1,10,4,2,0.0005619525909423828,0.0001518726348876953,N,12
1,1,10,4,2,0.0005602836608886719,0.0002410411834716797,N,12
1,1,10,4,2,0.0005729198455810547,2.4080276489257812e-05,N,11
1,1,10,4,2,0.0005929470062255859,0.00015425682067871094,N,11
1,1,10,4,2,0.0006263256072998047,7.605552673339844e-05,N,11
1,1,10,4,2,0.0005717277526855469,7.605552673339844e-05,N,11
1,1,10,4,2,0.0005800724029541016,8.487701416015625e-05,N,12
1,1,10,4,2,0.000576019287109375,9.894371032714844e-05,N,10
1,1,10,4,2,0.0005970001220703125,7.605552673339844e-05,N,12
1,1,10,4,2,0.0006229877471923828,0.0001430511474609375,N,11
1,1,10,4,2,0.0006289482116699219,0.00010180473327636719,N,12
1,1,20,5,3,0.0016319751739501953,0.00018286705017089844,N,15
1,1,20,5,3,0.0014581680297851562,8.225440979003906e-05,N,14
1,1,20,5,3,0.0014226436614990234,0.00013494491577148438,N,15
1,1,20,5,3,0.0015549659729003906,0.0004391670227050781,N,15
1,1,20,5,3,0.001531839370727539,8.988380432128906e-05,N,15
1,1,20,5,3,0.0015621185302734375,0.0003261566162109375,N,15
1,1,20,5,3,0.001638174057006836,0.0003712177276611328,N,15
1,1,20,5,3,0.001718759536743164,0.0006091594696044922,N,15
1,1,20,5,3,0.0018677711486816406,0.00015211105346679688,N,15
1,1,20,5,3,0.0016770362854003906,0.00019598007202148438,N,14
1,1,20,5,3,0.003359079360961914,0.00021505355834960938,N,14
1,1,20,5,3,0.0033218860626220703,0.00017905235290527344,N,15
1,1,20,5,3,0.0018601417541503906,0.00010204315185546875,N,15
1,1,20,5,3,0.0017819404602050781,0.0003142356872558594,N,15
1,1,20,5,3,0.001810312271118164,0.00046706199645996094,N,15
1,1,20,5,3,0.002129077911376953,0.00042700767517089844,N,14
1,1,20,5,3,0.0018990039825439453,0.0003070831298828125,N,15
1,1,20,5,3,0.002691030502319336,0.0003082752227783203,N,15
1,1,20,5,3,0.002797842025756836,0.0007507801055908203,N,15
1,1,20,5,3,0.0017049312591552734,0.0002818107604980469,N,13
1,1,30,6,3,0.0036020278930664062,0.0008940696716308594,N,24
1,1,30,6,3,0.0033500194549560547,0.0026531219482421875,N,23
1,1,30,6,3,0.003710031509399414,0.0007300376892089844,N,24
1,1,30,6,3,0.003946065902709961,0.00180816650390625,N,24
1,1,30,6,3,0.0043489933013916016,0.0010938644409179688,N,24
1,1,30,6,3,0.0038793087005615234,0.0007140636444091797,N,24
1,1,30,6,3,0.003969669342041016,0.0013680458068847656,N,24
1,1,30,6,3,0.0049097537994384766,0.003108978271484375,N,24
1,1,30,6,3,0.004024028778076172,0.00012493133544921875,N,24
1,1,30,6,3,0.0036039352416992188,0.00047016143798828125,N,24
1,1,30,6,3,0.0036802291870117188,0.0014312267303466797,N,24
1,1,30,6,3,0.0037157535552978516,0.000244140625,N,24
1,1,30,6,3,0.004045963287353516,0.0006740093231201172,N,24
1,1,30,6,3,0.004462242126464844,0.0008220672607421875,N,24
1,1,30,6,3,0.0038259029388427734,0.0027229785919189453,N,24
1,1,30,6,3,0.0034971237182617188,0.0006527900695800781,N,24
1,1,30,6,3,0.003645181655883789,0.0007832050323486328,N,23
1,1,30,6,3,0.0037560462951660156,0.005730867385864258,N,24
1,1,30,6,3,0.0040471553802490234,0.0005562305450439453,N,24
1,1,30,6,3,0.003618001937866211,0.0005939006805419922,N,24
1,1,40,7,4,0.006268978118896484,0.0008313655853271484,N,28
1,1,40,7,4,0.0055119991302490234,0.0012950897216796875,N,28
1,1,40,7,4,0.005330085754394531,0.001293182373046875,N,28
1,1,40,7,4,0.006608247756958008,0.00047397613525390625,N,28
1,1,40,7,4,0.005906105041503906,0.0014808177947998047,N,28
1,1,40,7,4,0.006562948226928711,0.0014891624450683594,N,27
1,1,40,7,4,0.00799107551574707,0.004698991775512695,N,28
1,1,40,7,4,0.005536556243896484,0.0006759166717529297,N,28
1,1,40,7,4,0.008578062057495117,0.002260923385620117,N,27
1,1,40,7,4,0.006079912185668945,0.0053558349609375,N,28
1,1,40,7,4,0.006721973419189453,0.0012669563293457031,N,28
1,1,40,7,4,0.005644083023071289,0.0016741752624511719,N,28
1,1,40,7,4,0.00606083869934082,0.01285409927368164,N,28
1,1,40,7,4,0.005951881408691406,0.002505064010620117,N,28
1,1,40,7,4,0.006200075149536133,0.0012590885162353516,N,28
1,1,40,7,4,0.0061419010162353516,0.0011909008026123047,N,28
1,1,40,7,4,0.006391048431396484,0.0016279220581054688,N,28
1,1,40,7,4,0.006193876266479492,0.00039505958557128906,N,28
1,1,40,7,4,0.0062389373779296875,0.001535177230834961,N,27
1,1,40,7,4,0.006727933883666992,0.0011990070343017578,N,28
1,1,50,8,4,0.009192228317260742,0.002576112747192383,N,31
1,1,50,8,4,0.008300065994262695,0.017721891403198242,N,32
1,1,50,8,4,0.010245084762573242,0.006215810775756836,N,32
1,1,50,8,4,0.00917196273803711,0.001657247543334961,N,32
1,1,50,8,4,0.010956764221191406,0.0046482086181640625,N,32
1,1,50,8,4,0.007827997207641602,0.0040340423583984375,N,32
1,1,50,8,4,0.008780956268310547,0.0016901493072509766,N,32
1,1,50,8,4,0.00755000114440918,0.016021013259887695,N,32
1,1,50,8,4,0.007770061492919922,0.008852005004882812,N,32
1,1,50,8,4,0.007802248001098633,0.002627849578857422,N,32
1,1,50,8,4,0.007573127746582031,0.006096839904785156,N,32
1,1,50,8,4,0.008276939392089844,0.004019021987915039,N,32
1,1,50,8,4,0.007871866226196289,0.002750873565673828,N,32
1,1,50,8,4,0.007838964462280273,0.0026798248291015625,N,32
1,1,50,8,4,0.00810694694519043,0.004678964614868164,N,32
1,1,50,8,4,0.009299755096435547,0.008877754211425781,N,32
1,1,50,8,4,0.008751869201660156,0.0023369789123535156,N,32
1,1,50,8,4,0.008159160614013672,0.007834911346435547,N,32
1,1,50,8,4,0.007872819900512695,0.006213188171386719,N,32
1,1,50,8,4,0.008832931518554688,0.010013818740844727,N,32
1,1,60,8,4,0.014948129653930664,0.001931905746459961,N,40
1,1,60,8,4,0.012120962142944336,0.004809141159057617,N,40
1,1,60,8,4,0.012797832489013672,0.0038759708404541016,N,40
1,1,60,8,4,0.013079166412353516,0.06811118125915527,N,40
1,1,60,8,4,0.013671398162841797,0.0016770362854003906,N,40
1,1,60,8,4,0.014149188995361328,0.026936769485473633,N,40
1,1,60,8,4,0.013911724090576172,0.014416933059692383,N,40
1,1,60,8,4,0.013888120651245117,0.1320509910583496,N,40
1,1,60,8,4,0.011218070983886719,0.005528926849365234,N,40
1,1,60,8,4,0.012325763702392578,0.00576472282409668,N,40
1,1,60,8,4,0.013822078704833984,0.005565166473388672,N,40
1,1,60,8,4,0.014209985733032227,0.0015289783477783203,N,40
1,1,60,8,4,0.011909961700439453,0.009613037109375,N,40
1,1,60,8,4,0.01287388801574707,0.0027081966400146484,N,40
1,1,60,8,4,0.013826847076416016,0.07329392433166504,N,40
1,1,60,8,4,0.011710882186889648,0.0033080577850341797,N,40
1,1,60,8,4,0.015247106552124023,0.002256155014038086,N,40
1,1,60,8,4,0.01446390151977539,0.023288965225219727,N,40
1,1,60,8,4,0.013431072235107422,0.023373842239379883,N,40
1,1,60,8,4,0.013512849807739258,0.0031490325927734375,N,40
1,1,70,9,5,0.015977859497070312,0.014461994171142578,N,45
1,1,70,9,5,0.01849079132080078,0.03202700614929199,N,45
1,1,70,9,5,0.018333911895751953,0.0028700828552246094,N,45
1,1,70,9,5,0.01591324806213379,0.00813913345336914,N,45
1,1,70,9,5,0.015522956848144531,0.10043787956237793,N,45
1,1,70,9,5,0.017863988876342773,0.0029718875885009766,N,45
1,1,70,9,5,0.01872396469116211,0.003593921661376953,N,45
1,1,70,9,5,0.01784682273864746,0.006052970886230469,N,45
1,1,70,9,5,0.015380859375,0.019088029861450195,N,45
1,1,70,9,5,0.015587806701660156,0.10120272636413574,N,45
1,1,70,9,5,0.01813507080078125,0.00472712516784668,N,45
1,1,70,9,5,0.01904582977294922,0.027361154556274414,N,45
1,1,70,9,5,0.017987966537475586,0.07663893699645996,N,45
1,1,70,9,5,0.01933908462524414,0.002160787582397461,N,45
1,1,70,9,5,0.02057170867919922,0.004736900329589844,N,45
1,1,70,9,5,0.027033090591430664,0.0035619735717773438,N,45
1,1,70,9,5,0.02417302131652832,0.006073951721191406,N,45
1,1,70,9,5,0.020394086837768555,0.011172294616699219,N,45
1,1,70,9,5,0.018821001052856445,0.009442806243896484,N,45
1,1,70,9,5,0.01605081558227539,0.01164698600769043,N,45
1,1,80,9,5,0.020475149154663086,0.11446714401245117,N,45
1,1,80,9,5,0.02276301383972168,0.007984161376953125,N,45
1,1,80,9,5,0.021347999572753906,0.022780895233154297,N,45
1,1,80,9,5,0.022422075271606445,0.02128911018371582,N,45
1,1,80,9,5,0.023697853088378906,0.018761873245239258,N,45
1,1,80,9,5,0.022155046463012695,0.007509946823120117,N,45
1,1,80,9,5,0.02297496795654297,0.011004924774169922,N,45
1,1,80,9,5,0.021814823150634766,0.011450052261352539,N,45
1,1,80,9,5,0.02181696891784668,0.019561052322387695,N,45
1,1,80,9,5,0.01910996437072754,0.05479598045349121,N,45
1,1,80,9,5,0.019201040267944336,0.0027048587799072266,N,45
1,1,80,9,5,0.019879817962646484,0.0068361759185791016,N,45
1,1,80,9,5,0.021134614944458008,0.0046138763427734375,N,45
1,1,80,9,5,0.01919722557067871,0.0044820308685302734,N,45
1,1,80,9,5,0.02301502227783203,0.0047419071197509766,N,45
1,1,80,9,5,0.020650148391723633,0.00692296028137207,N,45
1,1,80,9,5,0.02078104019165039,0.0027437210083007812,N,45
1,1,80,9,5,0.02077484130859375,0.055236101150512695,N,45
1,1,80,9,5,0.020891189575195312,0.010497093200683594,N,45
1,1,80,9,5,0.020541906356811523,0.0024268627166748047,N,45
1,1,90,10,5,0.02475595474243164,0.018150806427001953,N,50
1,1,90,10,5,0.03101491928100586,0.012329816818237305,N,50
1,1,90,10,5,0.02610301971435547,0.005377769470214844,N,50
1,1,90,10,5,0.024718761444091797,0.02777695655822754,N,50
1,1,90,10,5,0.026314973831176758,0.02226877212524414,N,50
1,1,90,10,5,0.027141094207763672,0.017346858978271484,N,50
1,1,90,10,5,0.02554798126220703,0.006057024002075195,N,50
1,1,90,10,5,0.025418996810913086,0.006308078765869141,N,50
1,1,90,10,5,0.026534080505371094,0.09655499458312988,N,50
1,1,90,10,5,0.02501392364501953,0.009812116622924805,N,50
1,1,90,10,5,0.024959087371826172,0.007125139236450195,N,50
1,1,90,10,5,0.025070905685424805,0.003282785415649414,N,50
1,1,90,10,5,0.026109933853149414,0.0281982421875,N,50
1,1,90,10,5,0.02555680274963379,0.0439150333404541,N,50
1,1,90,10,5,0.024349212646484375,0.09978222846984863,N,50
1,1,90,10,5,0.023810148239135742,0.005194902420043945,N,50
1,1,90,10,5,0.028914928436279297,0.028499841690063477,N,50
1,1,90,10,5,0.02530193328857422,0.037953853607177734,N,50
1,1,90,10,5,0.030420303344726562,0.006158113479614258,N,50
1,1,90,10,5,0.028148174285888672,0.017679691314697266,N,50
1,1,100,10,5,0.029009342193603516,0.19743990898132324,N,50
1,1,100,10,5,0.03223896026611328,0.01256704330444336,N,50
1,1,100,10,5,0.02831411361694336,0.07347393035888672,N,50
1,1,100,10,5,0.03426504135131836,0.0219881534576416,N,50
1,1,100,10,5,0.034214019775390625,0.025769948959350586,N,50
1,1,100,10,5,0.0317080020904541,0.020865678787231445,N,50
1,1,100,10,5,0.0353999137878418,0.01493072509765625,N,50
1,1,100,10,5,0.03250622749328613,0.011720895767211914,N,50
1,1,100,10,5,0.02824711799621582,0.005244255065917969,N,50
1,1,100,10,5,0.03200984001159668,0.008571863174438477,N,50
1,1,100,10,5,0.032945871353149414,0.006837129592895508,N,50
1,1,100,10,5,0.03280830383300781,0.024580955505371094,N,50
1,1,100,10,5,0.03391695022583008,0.08415794372558594,N,50
1,1,100,10,5,0.030122041702270508,0.13692903518676758,N,50
1,1,100,10,5,0.0337519645690918,0.07306981086730957,N,50
1,1,100,10,5,0.02854609489440918,0.016580820083618164,N,50
1,1,100,10,5,0.029258012771606445,0.03095412254333496,N,50
1,1,100,10,5,0.02978205680847168,0.1154029369354248,N,50
1,1,100,10,5,0.03260397911071777,0.02779698371887207,N,50
1,1,100,10,5,0.033780813217163086,0.016837120056152344,N,50
