c,d,n,k,r,gen_time,solve_time,valid,sel_len
3,2,10,4,2,0.0021104812622070312,0.0001437664031982422,Y,34
3,2,10,4,2,0.001988649368286133,0.00010800361633300781,Y,33
3,2,10,4,2,0.0020236968994140625,0.00010609626770019531,Y,37
3,2,10,4,2,0.0022339820861816406,0.00012493133544921875,Y,31
3,2,10,4,2,0.0038917064666748047,0.00019073486328125,Y,34
3,2,10,4,2,0.003633260726928711,0.00019788742065429688,Y,36
3,2,10,4,2,0.0024955272674560547,0.00012087821960449219,Y,32
3,2,10,4,2,0.002238035202026367,0.00012087821960449219,Y,33
3,2,10,4,2,0.0019752979278564453,0.00010824203491210938,Y,34
3,2,10,4,2,0.0024971961975097656,0.0001220703125,Y,34
3,2,10,4,2,0.002041339874267578,0.00011539459228515625,Y,34
3,2,10,4,2,0.0025200843811035156,0.0001270771026611328,Y,33
3,2,10,4,2,0.0033779144287109375,0.00018215179443359375,Y,35
3,2,10,4,2,0.0020132064819335938,0.00011324882507324219,Y,34
3,2,10,4,2,0.003648042678833008,0.00019359588623046875,Y,35
3,2,10,4,2,0.001973390579223633,0.00010704994201660156,Y,33
3,2,10,4,2,0.0020651817321777344,0.0001087188720703125,Y,30
3,2,10,4,2,0.0020139217376708984,0.00011110305786132812,Y,31
3,2,10,4,2,0.0018279552459716797,0.00010013580322265625,Y,36
3,2,10,4,2,0.0017430782318115234,9.489059448242188e-05,Y,37
3,2,20,5,3,0.007601022720336914,0.0007898807525634766,Y,69
3,2,20,5,3,0.006608724594116211,0.0008351802825927734,Y,68
3,2,20,5,3,0.006178617477416992,0.0011980533599853516,Y,63
3,2,20,5,3,0.0068509578704833984,0.0010406970977783203,Y,66
3,2,20,5,3,0.005753040313720703,0.0008978843688964844,Y,69
3,2,20,5,3,0.0060749053955078125,0.0009849071502685547,Y,65
3,2,20,5,3,0.00632786750793457,0.0009980201721191406,Y,61
3,2,20,5,3,0.00635075569152832,0.0006299018859863281,Y,71
3,2,20,5,3,0.006127357482910156,0.0012030601501464844,Y,63
3,2,20,5,3,0.006311893463134766,0.0007371902465820312,Y,67
3,2,20,5,3,0.0067560672760009766,0.0008723735809326172,Y,68
3,2,20,5,3,0.005788564682006836,0.0008976459503173828,Y,70
3,2,20,5,3,0.005630016326904297,0.0006871223449707031,Y,70
3,2,20,5,3,0.005786895751953125,0.0009100437164306641,Y,68
3,2,20,5,3,0.006047964096069336,0.0011682510375976562,Y,69
3,2,20,5,3,0.005552768707275391,0.0006935596466064453,Y,69
3,2,20,5,3,0.0057430267333984375,0.0006551742553710938,Y,72
3,2,20,5,3,0.005459308624267578,0.0007648468017578125,Y,63
3,2,20,5,3,0.0059528350830078125,0.0006511211395263672,Y,72
3,2,20,5,3,0.005574226379394531,0.0007598400115966797,Y,69
3,2,30,6,3,0.013432025909423828,0.0016732215881347656,Y,105
3,2,30,6,3,0.014144420623779297,0.0017614364624023438,Y,107
3,2,30,6,3,0.014055252075195312,0.00203704833984375,Y,98
3,2,30,6,3,0.013198137283325195,0.0021712779998779297,Y,103
3,2,30,6,3,0.013294219970703125,0.0013561248779296875,Y,105
3,2,30,6,3,0.013136863708496094,0.0017688274383544922,Y,102
3,2,30,6,3,0.01230001449584961,0.0015201568603515625,Y,99
3,2,30,6,3,0.012490034103393555,0.0016946792602539062,Y,106
3,2,30,6,3,0.012764215469360352,0.00185394287109375,Y,101
3,2,30,6,3,0.012657880783081055,0.0012679100036621094,Y,107
3,2,30,6,3,0.012666940689086914,0.001638650894165039,Y,108
3,2,30,6,3,0.013071060180664062,0.0013337135314941406,Y,109
3,2,30,6,3,0.012833356857299805,0.0015492439270019531,Y,111
3,2,30,6,3,0.013657093048095703,0.001718759536743164,Y,102
3,2,30,6,3,0.013686656951904297,0.0018610954284667969,Y,103
3,2,30,6,3,0.01241612434387207,0.0015578269958496094,Y,104
3,2,30,6,3,0.01312112808227539,0.0019550323486328125,Y,101
3,2,30,6,3,0.013334989547729492,0.0014595985412597656,Y,103
3,2,30,6,3,0.012192726135253906,0.002011537551879883,Y,98
3,2,30,6,3,0.01248788833618164,0.0020363330841064453,Y,104
3,2,40,7,4,0.023613929748535156,0.00664973258972168,Y,145
3,2,40,7,4,0.026228904724121094,0.008071184158325195,Y,146
3,2,40,7,4,0.023068904876708984,0.010584831237792969,Y,142
3,2,40,7,4,0.024674415588378906,0.009386062622070312,Y,145
3,2,40,7,4,0.023891210556030273,0.01029348373413086,Y,142
3,2,40,7,4,0.022539377212524414,0.00842595100402832,Y,144
3,2,40,7,4,0.02422618865966797,0.006896018981933594,Y,148
3,2,40,7,4,0.0223848819732666,0.006703853607177734,Y,144
3,2,40,7,4,0.02352285385131836,0.006951332092285156,Y,140
3,2,40,7,4,0.02251267433166504,0.00855875015258789,Y,148
3,2,40,7,4,0.02480769157409668,0.009153604507446289,Y,142
3,2,40,7,4,0.02276015281677246,0.0068280696868896484,Y,148
3,2,40,7,4,0.023850679397583008,0.0064885616302490234,Y,144
3,2,40,7,4,0.024392127990722656,0.0076808929443359375,Y,147
3,2,40,7,4,0.023548126220703125,0.00944375991821289,Y,145
3,2,40,7,4,0.022433996200561523,0.010519742965698242,Y,147
3,2,40,7,4,0.024109601974487305,0.007175922393798828,Y,149
3,2,40,7,4,0.02271127700805664,0.006459712982177734,Y,149
3,2,40,7,4,0.023305892944335938,0.014657974243164062,Y,142
3,2,40,7,4,0.022486209869384766,0.00858616828918457,Y,146
3,2,50,8,4,0.03642678260803223,0.032258033752441406,Y,164
3,2,50,8,4,0.03410530090332031,0.03207087516784668,Y,164
3,2,50,8,4,0.0346684455871582,0.020574569702148438,Y,172
3,2,50,8,4,0.0346980094909668,0.013712644577026367,Y,165
3,2,50,8,4,0.034233808517456055,0.01763463020324707,Y,163
3,2,50,8,4,0.03474617004394531,0.01787590980529785,Y,170
3,2,50,8,4,0.03474855422973633,0.010303020477294922,Y,173
3,2,50,8,4,0.034650564193725586,0.01584649085998535,Y,171
3,2,50,8,4,0.04266834259033203,0.023591041564941406,Y,171
3,2,50,8,4,0.04265284538269043,0.03234529495239258,Y,161
3,2,50,8,4,0.03468513488769531,0.027546167373657227,Y,166
3,2,50,8,4,0.03485679626464844,0.017100811004638672,Y,171
3,2,50,8,4,0.03508615493774414,0.009479999542236328,Y,174
3,2,50,8,4,0.03498959541320801,0.022420406341552734,Y,166
3,2,50,8,4,0.03640484809875488,0.023852825164794922,Y,166
3,2,50,8,4,0.035306692123413086,0.0217440128326416,Y,171
3,2,50,8,4,0.03439736366271973,0.01717996597290039,Y,171
3,2,50,8,4,0.03427481651306152,0.010040521621704102,Y,168
3,2,50,8,4,0.0362696647644043,0.023730993270874023,Y,166
3,2,50,8,4,0.034403085708618164,0.012719154357910156,Y,171
3,2,60,8,4,0.05071902275085449,0.06515002250671387,Y,197
3,2,60,8,4,0.05031299591064453,0.050332069396972656,Y,204
3,2,60,8,4,0.0724482536315918,0.05939769744873047,Y,199
3,2,60,8,4,0.056726932525634766,0.049978017807006836,Y,198
3,2,60,8,4,0.05022764205932617,0.05558586120605469,Y,195
3,2,60,8,4,0.049809932708740234,0.04731321334838867,Y,190
3,2,60,8,4,0.050013065338134766,0.05278635025024414,Y,199
3,2,60,8,4,0.05008077621459961,0.05805683135986328,Y,199
3,2,60,8,4,0.05579686164855957,0.035115957260131836,Y,201
3,2,60,8,4,0.0520939826965332,0.047126054763793945,Y,199
3,2,60,8,4,0.05033063888549805,0.056394100189208984,Y,197
3,2,60,8,4,0.05109882354736328,0.036576032638549805,Y,201
3,2,60,8,4,0.049928903579711914,0.048239946365356445,Y,199
3,2,60,8,4,0.05066561698913574,0.04380512237548828,Y,201
3,2,60,8,4,0.049993038177490234,0.05389070510864258,Y,195
3,2,60,8,4,0.05052018165588379,0.046872854232788086,Y,203
3,2,60,8,4,0.05082988739013672,0.034406185150146484,Y,199
3,2,60,8,4,0.050096750259399414,0.039820194244384766,Y,197
3,2,60,8,4,0.0515749454498291,0.05513167381286621,Y,200
3,2,60,8,4,0.050914764404296875,0.05810666084289551,Y,196
3,2,70,9,5,0.09181880950927734,0.3222181797027588,Y,226
3,2,70,9,5,0.09206271171569824,0.19666147232055664,Y,228
3,2,70,9,5,0.08947944641113281,0.29099345207214355,Y,222
3,2,70,9,5,0.09675455093383789,0.24947595596313477,Y,229
3,2,70,9,5,0.10253095626831055,0.27988529205322266,Y,227
3,2,70,9,5,0.09799408912658691,0.41199445724487305,Y,224
3,2,70,9,5,0.09759688377380371,0.2717301845550537,Y,228
3,2,70,9,5,0.12522363662719727,0.4719674587249756,Y,229
3,2,70,9,5,0.12179994583129883,0.3125765323638916,Y,229
3,2,70,9,5,0.11256742477416992,0.452437162399292,Y,228
3,2,70,9,5,0.11422395706176758,0.3706545829772949,Y,224
3,2,70,9,5,0.10447025299072266,0.456798791885376,Y,224
3,2,70,9,5,0.10145926475524902,0.2593863010406494,Y,223
3,2,70,9,5,0.10805773735046387,0.2541828155517578,Y,228
3,2,70,9,5,0.1023709774017334,0.399151086807251,Y,227
3,2,70,9,5,0.10273623466491699,0.27638816833496094,Y,228
3,2,70,9,5,0.10421514511108398,0.250957727432251,Y,229
3,2,70,9,5,0.10311365127563477,0.33234333992004395,Y,222
3,2,70,9,5,0.10275721549987793,0.31064581871032715,Y,225
3,2,70,9,5,0.10884690284729004,0.34118127822875977,Y,231
3,2,80,9,5,0.1296372413635254,0.6952056884765625,Y,235
3,2,80,9,5,0.1261579990386963,0.9255881309509277,Y,228
3,2,80,9,5,0.12023305892944336,0.9519901275634766,Y,233
3,2,80,9,5,0.12640690803527832,0.7204220294952393,Y,232
3,2,80,9,5,0.12586283683776855,0.8870761394500732,Y,235
3,2,80,9,5,0.11780834197998047,0.8076040744781494,Y,230
3,2,80,9,5,0.12268590927124023,0.8463547229766846,Y,231
3,2,80,9,5,0.12267327308654785,0.7270638942718506,Y,231
3,2,80,9,5,0.125,0.8815069198608398,Y,230
3,2,80,9,5,0.1248328685760498,0.9327390193939209,Y,237
3,2,80,9,5,0.13262367248535156,0.5532631874084473,Y,230
3,2,80,9,5,0.13307452201843262,0.974759578704834,Y,231
3,2,80,9,5,0.12993288040161133,0.8728082180023193,Y,229
3,2,80,9,5,0.13440871238708496,1.1472718715667725,Y,228
3,2,80,9,5,0.13468241691589355,0.8599941730499268,Y,232
3,2,80,9,5,0.13472890853881836,0.9352669715881348,Y,234
3,2,80,9,5,0.13401031494140625,0.8783230781555176,Y,235
3,2,80,9,5,0.12773394584655762,0.6588668823242188,Y,230
3,2,80,9,5,0.12958598136901855,1.0800862312316895,Y,225
3,2,80,9,5,0.12700653076171875,0.8991472721099854,Y,230
3,2,90,10,5,0.18120956420898438,1.1395196914672852,Y,261
3,2,90,10,5,0.1611936092376709,1.1434786319732666,Y,262
3,2,90,10,5,0.1712801456451416,1.038869857788086,Y,254
3,2,90,10,5,0.16320204734802246,1.150752305984497,Y,254
3,2,90,10,5,0.16142940521240234,1.230527639389038,Y,258
3,2,90,10,5,0.1678614616394043,0.8906397819519043,Y,259
3,2,90,10,5,0.16324758529663086,1.1678459644317627,Y,255
3,2,90,10,5,0.17422747611999512,1.3848907947540283,Y,257
3,2,90,10,5,0.1626720428466797,0.8797783851623535,Y,263
3,2,90,10,5,0.16179895401000977,1.2029531002044678,Y,256
3,2,90,10,5,0.16552376747131348,1.149362564086914,Y,259
3,2,90,10,5,0.16072583198547363,1.1636240482330322,Y,254
3,2,90,10,5,0.16864681243896484,0.9477288722991943,Y,255
3,2,90,10,5,0.16380977630615234,1.4411516189575195,Y,256
3,2,90,10,5,0.16799068450927734,1.2008366584777832,Y,251
3,2,90,10,5,0.16874480247497559,1.1488490104675293,Y,262
3,2,90,10,5,0.1661083698272705,1.1617152690887451,Y,256
3,2,90,10,5,0.16867399215698242,1.2605931758880615,Y,257
3,2,90,10,5,0.17802810668945312,0.9064459800720215,Y,253
3,2,90,10,5,0.16223812103271484,1.044403314590454,Y,250
3,2,100,10,5,0.22074675559997559,1.5668330192565918,Y,286
3,2,100,10,5,0.2518594264984131,2.352815866470337,Y,289
3,2,100,10,5,0.22902822494506836,1.39512300491333,Y,290
3,2,100,10,5,0.236527681350708,1.2831785678863525,Y,290
3,2,100,10,5,0.22926068305969238,1.6270921230316162,Y,289
3,2,100,10,5,0.23853111267089844,1.796987533569336,Y,292
3,2,100,10,5,0.22571706771850586,1.3551759719848633,Y,286
3,2,100,10,5,0.23052215576171875,1.497135877609253,Y,292
3,2,100,10,5,0.23237299919128418,2.018895149230957,Y,288
3,2,100,10,5,0.23582220077514648,1.8826689720153809,Y,287
3,2,100,10,5,0.23688912391662598,1.51597261428833,Y,292
3,2,100,10,5,0.2284839153289795,1.4271039962768555,Y,293
3,2,100,10,5,0.23634004592895508,1.404350757598877,Y,289
3,2,100,10,5,0.23817110061645508,2.0175535678863525,Y,288
3,2,100,10,5,0.24451208114624023,1.7161588668823242,Y,287
3,2,100,10,5,0.23564457893371582,1.661942481994629,Y,289
3,2,100,10,5,0.22745800018310547,1.5207393169403076,Y,295
3,2,100,10,5,0.24046063423156738,1.4029338359832764,Y,293
3,2,100,10,5,0.23119640350341797,1.7231602668762207,Y,289
3,2,100,10,5,0.234116792678833,1.5072250366210938,Y,291
1,2,10,4,2,0.0020236968994140625,0.00027489662170410156,Y,18
1,2,10,4,2,0.0018727779388427734,0.00015807151794433594,Y,18
1,2,10,4,2,0.0018622875213623047,0.00019693374633789062,Y,18
1,2,10,4,2,0.0016868114471435547,0.00013494491577148438,Y,20
1,2,10,4,2,0.0006952285766601562,7.82012939453125e-05,N,20
1,2,10,4,2,0.0016109943389892578,0.00013566017150878906,Y,20
1,2,10,4,2,0.0016067028045654297,0.00010418891906738281,Y,20
1,2,10,4,2,0.0015802383422851562,0.0001442432403564453,Y,18
1,2,10,4,2,0.0016243457794189453,0.00024390220642089844,Y,19
1,2,10,4,2,0.0016484260559082031,0.00013327598571777344,Y,20
1,2,10,4,2,0.0016548633575439453,0.0001266002655029297,Y,19
1,2,10,4,2,0.0016436576843261719,0.00015234947204589844,Y,19
1,2,10,4,2,0.000659942626953125,6.699562072753906e-05,N,20
1,2,10,4,2,0.0017681121826171875,0.00012612342834472656,Y,20
1,2,10,4,2,0.0017728805541992188,0.00013875961303710938,Y,19
1,2,10,4,2,0.0017061233520507812,0.0001385211944580078,Y,20
1,2,10,4,2,0.0018062591552734375,0.00030994415283203125,Y,17
1,2,10,4,2,0.0007488727569580078,0.00015425682067871094,N,18
1,2,10,4,2,0.003442049026489258,0.00021076202392578125,Y,19
1,2,10,4,2,0.0034160614013671875,0.00036978721618652344,Y,18
1,2,20,5,3,0.0024089813232421875,0.0018570423126220703,N,30
1,2,20,5,3,0.002441883087158203,0.0009839534759521484,N,30
1,2,20,5,3,0.0026159286499023438,0.00043702125549316406,N,28
1,2,20,5,3,0.002716064453125,0.009920835494995117,N,30
1,2,20,5,3,0.00222015380859375,0.0005602836608886719,N,30
1,2,20,5,3,0.0021402835845947266,0.0017120838165283203,N,30
1,2,20,5,3,0.0021359920501708984,0.00032591819763183594,N,30
1,2,20,5,3,0.0022461414337158203,0.005568742752075195,N,30
1,2,20,5,3,0.003145933151245117,0.0012259483337402344,N,30
1,2,20,5,3,0.0021560192108154297,0.001909017562866211,N,30
1,2,20,5,3,0.0020699501037597656,0.004395961761474609,N,30
1,2,20,5,3,0.0023288726806640625,0.0016829967498779297,N,30
1,2,20,5,3,0.002668142318725586,0.004557132720947266,N,30
1,2,20,5,3,0.0033969879150390625,0.008310079574584961,N,30
1,2,20,5,3,0.002321958541870117,0.0008180141448974609,N,29
1,2,20,5,3,0.0022208690643310547,0.0044672489166259766,N,29
1,2,20,5,3,0.00234222412109375,0.0007772445678710938,N,29
1,2,20,5,3,0.002360820770263672,0.0014529228210449219,N,30
1,2,20,5,3,0.0029120445251464844,0.0005939006805419922,N,30
1,2,20,5,3,0.0022580623626708984,0.0015959739685058594,N,30
1,2,30,6,3,0.014022588729858398,0.14343523979187012,Y,42
1,2,30,6,3,0.0048220157623291016,0.015513181686401367,N,42
1,2,30,6,3,0.004518985748291016,0.03345298767089844,N,42
1,2,30,6,3,0.0042760372161865234,0.04369091987609863,N,42
1,2,30,6,3,0.004689216613769531,0.12364625930786133,N,41
1,2,30,6,3,0.004726886749267578,0.02743387222290039,N,42
1,2,30,6,3,0.014412879943847656,0.09598803520202637,Y,42
1,2,30,6,3,0.014576911926269531,0.06884574890136719,Y,42
1,2,30,6,3,0.013885736465454102,0.10841536521911621,Y,42
1,2,30,6,3,0.004349946975708008,0.016528844833374023,N,42
1,2,30,6,3,0.005168914794921875,0.024250030517578125,N,42
1,2,30,6,3,0.0051212310791015625,0.006070137023925781,N,42
1,2,30,6,3,0.01427459716796875,0.13932371139526367,Y,42
1,2,30,6,3,0.01451873779296875,0.13212847709655762,Y,42
1,2,30,6,3,0.014255285263061523,0.13032150268554688,Y,42
1,2,30,6,3,0.004703044891357422,0.014054059982299805,N,41
1,2,30,6,3,0.0045528411865234375,0.0037539005279541016,N,41
1,2,30,6,3,0.0047779083251953125,0.029572010040283203,N,42
1,2,30,6,3,0.00518798828125,0.05264687538146973,N,42
1,2,30,6,3,0.0041179656982421875,0.06669306755065918,N,42
1,2,40,7,4,0.00946807861328125,0.05769991874694824,N,56
1,2,40,7,4,0.008422136306762695,0.1182851791381836,N,56
1,2,40,7,4,0.007673978805541992,0.0451350212097168,N,56
1,2,40,7,4,0.00892496109008789,0.23711109161376953,N,56
1,2,40,7,4,0.008496761322021484,0.9133121967315674,N,56
1,2,40,7,4,0.008952140808105469,0.06861519813537598,N,56
1,2,40,7,4,0.007950305938720703,0.13876104354858398,N,56
1,2,40,7,4,0.007932186126708984,0.4219932556152344,N,56
1,2,40,7,4,0.007682085037231445,0.050514936447143555,N,56
1,2,40,7,4,0.008309125900268555,0.036355018615722656,N,56
1,2,40,7,4,0.009015083312988281,0.13677215576171875,N,56
1,2,40,7,4,0.009684085845947266,0.38356709480285645,N,56
1,2,40,7,4,0.008338212966918945,0.1944282054901123,N,56
1,2,40,7,4,0.008148908615112305,0.318572998046875,N,56
1,2,40,7,4,0.008817195892333984,0.049346208572387695,N,56
1,2,40,7,4,0.008480072021484375,0.026460886001586914,N,56
1,2,40,7,4,0.008994102478027344,0.04829287528991699,N,55
1,2,40,7,4,0.009105920791625977,0.05204296112060547,N,56
1,2,40,7,4,0.008445978164672852,0.21785283088684082,N,56
1,2,40,7,4,0.009774208068847656,0.1488802433013916,N,56
1,2,50,8,4,0.01399087905883789,0.31401681900024414,N,64
1,2,50,8,4,0.012423276901245117,0.6250379085540771,N,64
1,2,50,8,4,0.013415813446044922,0.40099382400512695,N,64
1,2,50,8,4,0.016129016876220703,0.06210207939147949,N,64
1,2,50,8,4,0.011866092681884766,0.30134105682373047,N,64
1,2,50,8,4,0.01604914665222168,1.1981587409973145,N,64
1,2,50,8,4,0.014394283294677734,0.966346025466919,N,64
1,2,50,8,4,0.01291203498840332,0.286329984664917,N,64
1,2,50,8,4,0.012178897857666016,0.41103506088256836,N,64
1,2,50,8,4,0.012984991073608398,0.1373300552368164,N,64
1,2,50,8,4,0.012807130813598633,5.090435981750488,N,63
1,2,50,8,4,0.01343393325805664,2.1115787029266357,N,64
1,2,50,8,4,0.011958122253417969,1.0985808372497559,N,64
1,2,50,8,4,0.011443138122558594,0.21053814888000488,N,64
1,2,50,8,4,0.013223886489868164,0.06655192375183105,N,63
1,2,50,8,4,0.012153148651123047,0.2985372543334961,N,64
1,2,50,8,4,0.013890981674194336,0.01236581802368164,N,64
1,2,50,8,4,0.014528989791870117,1.324342966079712,N,64
1,2,50,8,4,0.011327981948852539,0.7895290851593018,N,64
1,2,50,8,4,0.013967752456665039,1.623201847076416,N,64
1,2,60,8,4,0.01761603355407715,78.29840731620789,N,72
1,2,60,8,4,0.018440961837768555,7.115318059921265,N,72
1,2,60,8,4,0.019006967544555664,3.0620851516723633,N,72
1,2,60,8,4,0.02102184295654297,0.43221116065979004,N,72
1,2,60,8,4,0.01874685287475586,1.2696950435638428,N,72
1,2,60,8,4,0.02117609977722168,1.8569447994232178,N,72
1,2,60,8,4,0.020865917205810547,32.959697008132935,N,72
1,2,60,8,4,0.017742156982421875,2.9066100120544434,N,72
1,2,60,8,4,0.017491817474365234,4.723536252975464,N,72
1,2,60,8,4,0.01708197593688965,0.6520981788635254,N,72
1,2,60,8,4,0.018216848373413086,25.299180030822754,N,72
1,2,60,8,4,0.01834702491760254,1.9671039581298828,N,72
1,2,60,8,4,0.019145965576171875,4.998236179351807,N,72
1,2,60,8,4,0.02071404457092285,0.3468589782714844,N,72
1,2,60,8,4,0.018618106842041016,1.5518441200256348,N,72
1,2,60,8,4,0.019215106964111328,0.15034008026123047,N,72
1,2,60,8,4,0.017566919326782227,0.4611477851867676,N,72
1,2,60,8,4,0.02034616470336914,2.4453952312469482,N,72
1,2,60,8,4,0.020632028579711914,1.2766063213348389,N,72
1,2,60,8,4,0.021377086639404297,26.524601697921753,N,72
1,2,70,9,5,0.030250072479248047,5.808632850646973,N,81
1,2,70,9,5,0.023569822311401367,0.3810999393463135,N,81
1,2,70,9,5,0.02560114860534668,0.4378068447113037,N,81
1,2,70,9,5,0.026012897491455078,1.5860240459442139,N,81
1,2,70,9,5,0.028307199478149414,0.5024440288543701,N,81
1,2,70,9,5,0.023411035537719727,6.004155158996582,N,81
1,2,70,9,5,0.023846864700317383,4.409373044967651,N,81
1,2,70,9,5,0.02370905876159668,2.503443956375122,N,81
1,2,70,9,5,0.02706313133239746,1.1145551204681396,N,81
1,2,70,9,5,0.028097867965698242,1.978046178817749,N,81
1,2,70,9,5,0.02773904800415039,5.6546971797943115,N,81
1,2,70,9,5,0.025599241256713867,27.704755067825317,N,81
1,2,70,9,5,0.027391910552978516,5.473967790603638,N,81
1,2,70,9,5,0.023053884506225586,3.8311338424682617,N,81
1,2,70,9,5,0.02659010887145996,4.10766077041626,N,81
1,2,70,9,5,0.0234220027923584,6.747354745864868,N,81
1,2,70,9,5,0.024268150329589844,3.8113317489624023,N,81
1,2,70,9,5,0.024039745330810547,0.327056884765625,N,80
1,2,70,9,5,0.023201942443847656,0.36475586891174316,N,81
1,2,70,9,5,0.028193950653076172,7.1402623653411865,N,81
1,2,80,9,5,0.03454184532165527,5.6684229373931885,N,81
1,2,80,9,5,0.03521394729614258,0.8162031173706055,N,81
1,2,80,9,5,0.035299062728881836,1.3488740921020508,N,81
1,2,80,9,5,0.03572893142700195,1.128777027130127,N,81
1,2,80,9,5,0.02946782112121582,0.41935205459594727,N,81
1,2,80,9,5,0.03764224052429199,3.21331787109375,N,81
1,2,80,9,5,0.0322418212890625,1.2280480861663818,N,81
1,2,80,9,5,0.030546903610229492,1.2990460395812988,N,81
1,2,80,9,5,0.029538869857788086,2.748573064804077,N,81
1,2,80,9,5,0.03522610664367676,1.060351848602295,N,81
1,2,80,9,5,0.03157687187194824,6.010209083557129,N,81
1,2,80,9,5,0.03340792655944824,0.37004590034484863,N,81
1,2,80,9,5,0.035694122314453125,6.722594261169434,N,81
1,2,80,9,5,0.03560209274291992,6.519775867462158,N,81
1,2,80,9,5,0.03126788139343262,1.2743327617645264,N,81
1,2,80,9,5,0.03379631042480469,5.041774034500122,N,81
1,2,80,9,5,0.02843499183654785,0.5454080104827881,N,81
1,2,80,9,5,0.030205965042114258,5.699205160140991,N,81
1,2,80,9,5,0.03334307670593262,5.894660949707031,N,81
1,2,80,9,5,0.03443598747253418,0.4841639995574951,N,81
1,2,90,10,5,0.04438209533691406,0.2428429126739502,N,90
1,2,90,10,5,0.03809690475463867,8.039698839187622,N,90
1,2,90,10,5,0.039086103439331055,46.912907123565674,N,90
1,2,90,10,5,0.03832077980041504,8.80254316329956,N,90
1,2,90,10,5,0.036650896072387695,7.6299920082092285,N,90
1,2,90,10,5,0.04399299621582031,27.269060850143433,N,90
1,2,90,10,5,0.04635119438171387,5.834533214569092,N,90
1,2,90,10,5,0.042077064514160156,30.10538125038147,N,90
1,2,90,10,5,0.04537606239318848,25.22716212272644,N,90
1,2,90,10,5,0.038075923919677734,1.4673948287963867,N,90
1,2,90,10,5,0.04004669189453125,28.879185914993286,N,90
1,2,90,10,5,0.0452420711517334,70.99364113807678,N,90
1,2,90,10,5,0.043810129165649414,91.1541519165039,N,90
1,2,90,10,5,0.04137420654296875,7.5692830085754395,N,90
1,2,90,10,5,0.03625607490539551,2.0030179023742676,N,90
1,2,90,10,5,0.04197216033935547,44.74255299568176,N,90
1,2,90,10,5,0.04153609275817871,3.9864251613616943,N,90
1,2,90,10,5,0.04499983787536621,149.41095304489136,N,90
1,2,90,10,5,0.04039502143859863,29.06478476524353,N,90
1,2,90,10,5,0.03698873519897461,30.30494523048401,N,90
1,2,100,10,5,0.05012917518615723,8.53177523612976,N,100
1,2,100,10,5,0.055262088775634766,9.850642204284668,N,100
1,2,100,10,5,0.05130600929260254,187.00824189186096,N,100
1,2,100,10,5,0.05585980415344238,7.073540925979614,N,100
1,2,100,10,5,0.05350995063781738,283.0770649909973,N,100
1,2,100,10,5,0.05164003372192383,32.36680197715759,N,100
1,2,100,10,5,0.05678606033325195,172.26521396636963,N,100
1,2,100,10,5,0.05169510841369629,1061.1395010948181,N,100
1,2,100,10,5,0.057337045669555664,9.964793682098389,N,100
1,2,100,10,5,0.058702945709228516,28.272658109664917,N,100
1,2,100,10,5,0.052217960357666016,53.338650941848755,N,100
1,2,100,10,5,0.0540771484375,7.333269119262695,N,100
1,2,100,10,5,0.05829477310180664,181.99522995948792,N,100
1,2,100,10,5,0.05457735061645508,40.550771951675415,N,100
1,2,100,10,5,0.05126214027404785,51.96847486495972,N,100
1,2,100,10,5,0.06163597106933594,143.91149711608887,N,100
1,2,100,10,5,0.049427032470703125,32.031084060668945,N,100
1,2,100,10,5,0.05873394012451172,11.193149089813232,N,100
1,2,100,10,5,0.05285215377807617,8.407240867614746,N,100
1,2,100,10,5,0.05642819404602051,8.202919006347656,N,100
