c,d,n,k,r,gen_time,solve_time,valid,sel_len
12,12,100,10,5,1.1958575248718262,0.024696826934814453,Y,3812
12,12,100,10,5,2.359781503677368,0.05261373519897461,Y,3805
12,12,100,10,5,1.5749304294586182,0.03803682327270508,Y,3808
12,12,100,10,5,1.2234022617340088,0.024369478225708008,Y,3795
12,12,100,10,5,1.4253041744232178,0.03263354301452637,Y,3816
12,12,100,10,5,1.3401870727539062,0.030618667602539062,Y,3835
12,12,100,10,5,1.3054533004760742,0.031155109405517578,Y,3833
12,12,100,10,5,1.3588430881500244,0.02942180633544922,Y,3821
12,12,100,10,5,1.2855303287506104,0.03818988800048828,Y,3800
12,12,100,10,5,1.288571834564209,0.029092073440551758,Y,3814
12,12,200,15,8,5.815683603286743,0.3686797618865967,Y,7738
12,12,200,15,8,6.022346496582031,0.3277878761291504,Y,7750
12,12,200,15,8,6.075766086578369,0.3529627323150635,Y,7747
12,12,200,15,8,6.1407928466796875,0.3151051998138428,Y,7702
12,12,200,15,8,6.2219555377960205,0.4157848358154297,Y,7748
12,12,200,15,8,6.287073135375977,0.4833979606628418,Y,7780
12,12,200,15,8,6.295223951339722,0.3994412422180176,Y,7777
12,12,200,15,8,6.353890895843506,0.3561980724334717,Y,7676
12,12,200,15,8,6.331740856170654,0.3853480815887451,Y,7738
12,12,200,15,8,6.345163106918335,0.4125525951385498,Y,7726
12,12,300,18,9,15.097681283950806,0.7349109649658203,Y,11167
12,12,300,18,9,15.117159605026245,0.7288129329681396,Y,11200
12,12,300,18,9,15.158921480178833,0.7231202125549316,Y,11164
12,12,300,18,9,15.133113861083984,0.8901612758636475,Y,11161
12,12,300,18,9,15.234036207199097,0.7233071327209473,Y,11152
12,12,300,18,9,15.263345718383789,0.7191002368927002,Y,11253
12,12,300,18,9,15.147246837615967,0.7902607917785645,Y,11171
12,12,300,18,9,15.244457960128784,0.8119513988494873,Y,11210
12,12,300,18,9,15.324424982070923,0.9175746440887451,Y,11228
12,12,300,18,9,15.150224685668945,0.8009443283081055,Y,11148
12,12,400,20,10,27.486114025115967,1.3660051822662354,Y,14074
12,12,400,20,10,27.31522226333618,1.2156341075897217,Y,14041
12,12,400,20,10,27.3815655708313,1.3346362113952637,Y,14017
12,12,400,20,10,27.22424840927124,1.2882513999938965,Y,14061
12,12,400,20,10,27.456597805023193,1.3289237022399902,Y,14016
12,12,400,20,10,27.330397844314575,1.1113991737365723,Y,13953
12,12,400,20,10,26.996561288833618,1.2688703536987305,Y,13998
12,12,400,20,10,26.872936010360718,1.3356726169586182,Y,13954
12,12,400,20,10,26.839468240737915,1.3755302429199219,Y,14100
12,12,400,20,10,26.666773796081543,1.2245335578918457,Y,14025
12,12,500,23,12,42.871660232543945,2.2903809547424316,Y,17359
12,12,500,23,12,42.909860134124756,2.562702178955078,Y,17368
12,12,500,23,12,42.87084484100342,2.566823959350586,Y,17266
12,12,500,23,12,42.820738554000854,2.484769821166992,Y,17313
12,12,500,23,12,42.84580135345459,2.3991892337799072,Y,17376
12,12,500,23,12,42.808982849121094,2.4055280685424805,Y,17333
12,12,500,23,12,42.790075063705444,2.517228364944458,Y,17253
12,12,500,23,12,42.91108059883118,2.460811138153076,Y,17354
12,12,500,23,12,42.76080393791199,2.378814935684204,Y,17415
12,12,500,23,12,42.76900029182434,2.183734178543091,Y,17301
12,8,100,10,5,0.9474668502807617,0.04089546203613281,Y,2489
12,8,100,10,5,0.9289758205413818,0.028327226638793945,Y,2496
12,8,100,10,5,0.9702527523040771,0.03141140937805176,Y,2515
12,8,100,10,5,0.9605281352996826,0.032418251037597656,Y,2537
12,8,100,10,5,0.9384262561798096,0.027158737182617188,Y,2484
12,8,100,10,5,0.922236442565918,0.031430721282958984,Y,2495
12,8,100,10,5,0.9359686374664307,0.03771400451660156,Y,2482
12,8,100,10,5,0.927553653717041,0.033095598220825195,Y,2496
12,8,100,10,5,0.9747660160064697,0.03361177444458008,Y,2541
12,8,100,10,5,0.9546444416046143,0.031676530838012695,Y,2528
12,8,200,15,8,4.3162925243377686,0.4084467887878418,Y,5200
12,8,200,15,8,4.278392791748047,0.4080240726470947,Y,5175
12,8,200,15,8,4.318174839019775,0.3631861209869385,Y,5170
12,8,200,15,8,4.24937891960144,0.33704710006713867,Y,5144
12,8,200,15,8,4.288002967834473,0.2725362777709961,Y,5197
12,8,200,15,8,4.301352024078369,0.32778429985046387,Y,5215
12,8,200,15,8,4.228347301483154,0.358320951461792,Y,5226
12,8,200,15,8,4.308789253234863,0.5038862228393555,Y,5204
12,8,200,15,8,4.309421062469482,0.41222572326660156,Y,5156
12,8,200,15,8,4.29907488822937,0.45949673652648926,Y,5192
12,8,300,18,9,9.970643758773804,0.6507833003997803,Y,7484
12,8,300,18,9,9.902727365493774,0.7175440788269043,Y,7502
12,8,300,18,9,9.970428705215454,0.8329603672027588,Y,7436
12,8,300,18,9,9.88324522972107,0.7821133136749268,Y,7436
12,8,300,18,9,9.934572219848633,0.7037410736083984,Y,7407
12,8,300,18,9,9.952393293380737,0.7411797046661377,Y,7470
12,8,300,18,9,9.943540334701538,0.7931790351867676,Y,7448
12,8,300,18,9,9.932209014892578,0.7373278141021729,Y,7440
12,8,300,18,9,9.920418739318848,0.8063690662384033,Y,7432
12,8,300,18,9,9.972252368927002,0.6579961776733398,Y,7507
12,8,400,20,10,17.8895902633667,1.2942187786102295,Y,9375
12,8,400,20,10,17.88593292236328,1.1433541774749756,Y,9391
12,8,400,20,10,17.79033136367798,1.2184841632843018,Y,9329
12,8,400,20,10,17.875232696533203,1.3661673069000244,Y,9301
12,8,400,20,10,17.918519258499146,1.388784646987915,Y,9329
12,8,400,20,10,17.796420574188232,1.3117339611053467,Y,9360
12,8,400,20,10,17.776854753494263,1.6383588314056396,Y,9332
12,8,400,20,10,17.958226680755615,1.3619816303253174,Y,9344
12,8,400,20,10,17.919559955596924,1.2791221141815186,Y,9343
12,8,400,20,10,17.833072185516357,1.2244625091552734,Y,9320
12,8,500,23,12,28.641901969909668,2.462420701980591,Y,11591
12,8,500,23,12,28.641000032424927,2.509852886199951,Y,11540
12,8,500,23,12,28.680439472198486,2.679309844970703,Y,11593
12,8,500,23,12,28.61998701095581,2.41287899017334,Y,11527
12,8,500,23,12,28.641271829605103,2.140839099884033,Y,11609
12,8,500,23,12,28.50597643852234,2.5259358882904053,Y,11540
12,8,500,23,12,28.82787013053894,2.1845948696136475,Y,11555
12,8,500,23,12,28.729655265808105,2.4192698001861572,Y,11539
12,8,500,23,12,28.911707878112793,2.5202510356903076,Y,11551
12,8,500,23,12,28.75153613090515,2.329989194869995,Y,11567
12,4,100,10,5,0.4953141212463379,0.04105210304260254,Y,1297
12,4,100,10,5,0.5239522457122803,0.04020524024963379,Y,1298
12,4,100,10,5,0.48842620849609375,0.02911972999572754,Y,1285
12,4,100,10,5,0.4960057735443115,0.02581930160522461,Y,1292
12,4,100,10,5,0.48793721199035645,0.03431081771850586,Y,1305
12,4,100,10,5,0.5004239082336426,0.04048418998718262,Y,1274
12,4,100,10,5,0.4898819923400879,0.03537440299987793,Y,1282
12,4,100,10,5,0.4970886707305908,0.027957916259765625,Y,1310
12,4,100,10,5,0.492220401763916,0.031046390533447266,Y,1286
12,4,100,10,5,0.49465036392211914,0.032689809799194336,Y,1292
12,4,200,15,8,2.2412188053131104,0.36942458152770996,Y,2673
12,4,200,15,8,2.219538927078247,0.4180901050567627,Y,2663
12,4,200,15,8,2.2522802352905273,0.3145456314086914,Y,2673
12,4,200,15,8,2.1891281604766846,0.3789398670196533,Y,2632
12,4,200,15,8,2.216630697250366,0.3710346221923828,Y,2681
12,4,200,15,8,2.2023370265960693,0.4467599391937256,Y,2635
12,4,200,15,8,2.237117052078247,0.39961886405944824,Y,2606
12,4,200,15,8,2.2378220558166504,0.46300411224365234,Y,2678
12,4,200,15,8,2.214168071746826,0.38654470443725586,Y,2629
12,4,200,15,8,2.269390821456909,0.4266326427459717,Y,2661
12,4,300,18,9,5.085690021514893,0.7471020221710205,Y,3724
12,4,300,18,9,5.295980215072632,0.7230837345123291,Y,3734
12,4,300,18,9,5.157418966293335,0.7130489349365234,Y,3718
12,4,300,18,9,5.110385417938232,0.6935961246490479,Y,3770
12,4,300,18,9,5.092987537384033,0.6789536476135254,Y,3708
12,4,300,18,9,5.102318525314331,0.6766443252563477,Y,3751
12,4,300,18,9,5.121078968048096,0.6614248752593994,Y,3723
12,4,300,18,9,5.058712005615234,0.7226717472076416,Y,3706
12,4,300,18,9,5.083704948425293,0.7698218822479248,Y,3733
12,4,300,18,9,5.048576354980469,0.5998842716217041,Y,3724
12,4,400,20,10,9.10328221321106,1.7179067134857178,Y,4688
12,4,400,20,10,9.103520154953003,1.373711109161377,Y,4665
12,4,400,20,10,9.144948244094849,1.9326293468475342,Y,4674
12,4,400,20,10,9.13061237335205,1.5178797245025635,Y,4646
12,4,400,20,10,9.080467700958252,1.6352133750915527,Y,4671
12,4,400,20,10,9.138044357299805,1.9115996360778809,Y,4693
12,4,400,20,10,9.138374328613281,1.695207118988037,Y,4674
12,4,400,20,10,9.05545973777771,1.2792460918426514,Y,4671
12,4,400,20,10,9.061069011688232,1.2162725925445557,Y,4691
12,4,400,20,10,9.222084045410156,1.7083466053009033,Y,4691
12,4,500,23,12,14.500838041305542,2.7140581607818604,Y,5810
12,4,500,23,12,14.478190422058105,2.709439754486084,Y,5783
12,4,500,23,12,14.585261344909668,3.1629581451416016,Y,5773
12,4,500,23,12,14.509223222732544,2.8408401012420654,Y,5784
12,4,500,23,12,14.493793249130249,2.9333243370056152,Y,5759
12,4,500,23,12,14.59413480758667,2.7093653678894043,Y,5813
12,4,500,23,12,14.478587865829468,2.9372456073760986,Y,5731
12,4,500,23,12,14.572325944900513,3.3662405014038086,Y,5752
12,4,500,23,12,14.498770475387573,3.0726277828216553,Y,5767
12,4,500,23,12,14.631074905395508,2.788933277130127,Y,5808
8,8,100,10,5,0.895042896270752,0.03495645523071289,Y,2114
8,8,100,10,5,0.8921604156494141,0.04079580307006836,Y,2110
8,8,100,10,5,0.9172098636627197,0.04602670669555664,Y,2171
8,8,100,10,5,0.8907256126403809,0.03554940223693848,Y,2131
8,8,100,10,5,0.8755192756652832,0.040792226791381836,Y,2113
8,8,100,10,5,0.8893229961395264,0.04566812515258789,Y,2136
8,8,100,10,5,0.9000027179718018,0.05116915702819824,Y,2160
8,8,100,10,5,0.8820667266845703,0.03820061683654785,Y,2138
8,8,100,10,5,0.8919644355773926,0.042754173278808594,Y,2134
8,8,100,10,5,0.889554500579834,0.04061388969421387,Y,2102
8,8,200,15,8,4.072336196899414,0.34055209159851074,Y,4210
8,8,200,15,8,4.034778118133545,0.44490814208984375,Y,4208
8,8,200,15,8,4.015069484710693,0.5666294097900391,Y,4165
8,8,200,15,8,4.070167779922485,0.35932374000549316,Y,4181
8,8,200,15,8,4.035844802856445,0.4481053352355957,Y,4188
8,8,200,15,8,4.0409626960754395,0.5057947635650635,Y,4186
8,8,200,15,8,4.038495063781738,0.5002892017364502,Y,4183
8,8,200,15,8,4.040261745452881,0.4911055564880371,Y,4174
8,8,200,15,8,3.9980125427246094,0.3365657329559326,Y,4188
8,8,200,15,8,4.041101694107056,0.39339184761047363,Y,4214
8,8,300,18,9,9.329729795455933,0.6520488262176514,Y,5800
8,8,300,18,9,9.301990032196045,1.0373401641845703,Y,5802
8,8,300,18,9,9.307152032852173,0.7155711650848389,Y,5805
8,8,300,18,9,9.327370405197144,0.776681661605835,Y,5865
8,8,300,18,9,9.35041332244873,0.7821459770202637,Y,5792
8,8,300,18,9,9.344853639602661,0.7326457500457764,Y,5781
8,8,300,18,9,9.327497959136963,0.8979101181030273,Y,5805
8,8,300,18,9,9.357896566390991,0.7169070243835449,Y,5813
8,8,300,18,9,9.325963973999023,0.7165181636810303,Y,5804
8,8,300,18,9,9.371160984039307,0.942976713180542,Y,5798
8,8,400,20,10,16.798171043395996,1.9330964088439941,Y,7036
8,8,400,20,10,16.66206669807434,1.492084264755249,Y,7032
8,8,400,20,10,16.745672702789307,2.122990131378174,Y,7092
8,8,400,20,10,16.670520067214966,2.247938871383667,Y,7033
8,8,400,20,10,16.641186475753784,1.9722683429718018,Y,7065
8,8,400,20,10,16.711862802505493,1.8379757404327393,Y,7084
8,8,400,20,10,16.627187967300415,2.2469682693481445,Y,7018
8,8,400,20,10,16.75181794166565,1.9443185329437256,Y,7077
8,8,400,20,10,16.612168312072754,2.1000616550445557,Y,7052
8,8,400,20,10,16.6390278339386,1.8806767463684082,Y,7018
8,8,500,23,12,26.603516817092896,4.123848915100098,Y,8616
8,8,500,23,12,26.7118980884552,4.788204193115234,Y,8610
8,8,500,23,12,26.654634714126587,4.672837734222412,Y,8579
8,8,500,23,12,26.620952129364014,4.13271427154541,Y,8622
8,8,500,23,12,26.6769380569458,4.453195333480835,Y,8606
8,8,500,23,12,26.72435760498047,4.046289682388306,Y,8603
8,8,500,23,12,26.656720399856567,3.8711659908294678,Y,8596
8,8,500,23,12,26.645899534225464,4.0716471672058105,Y,8559
8,8,500,23,12,26.59371328353882,3.7250096797943115,Y,8575
8,8,500,23,12,26.698405027389526,4.160500526428223,Y,8639
8,4,100,10,5,0.4727320671081543,0.03646993637084961,Y,1083
8,4,100,10,5,0.490675687789917,0.03174734115600586,Y,1089
8,4,100,10,5,0.47522521018981934,0.03211832046508789,Y,1094
8,4,100,10,5,0.474945068359375,0.04143357276916504,Y,1095
8,4,100,10,5,0.4835784435272217,0.047025203704833984,Y,1081
8,4,100,10,5,0.47576284408569336,0.04430842399597168,Y,1086
8,4,100,10,5,0.4786107540130615,0.03621172904968262,Y,1102
8,4,100,10,5,0.4687666893005371,0.04792189598083496,Y,1096
8,4,100,10,5,0.4894571304321289,0.03993511199951172,Y,1085
8,4,100,10,5,0.4688680171966553,0.03938794136047363,Y,1090
8,4,200,15,8,2.120971202850342,0.3924674987792969,Y,2139
8,4,200,15,8,2.1084582805633545,0.46016788482666016,Y,2134
8,4,200,15,8,2.1002819538116455,0.44913458824157715,Y,2161
8,4,200,15,8,2.104539155960083,0.42781567573547363,Y,2134
8,4,200,15,8,2.108354330062866,0.44765567779541016,Y,2150
8,4,200,15,8,2.0777080059051514,0.4838390350341797,Y,2135
8,4,200,15,8,2.1204400062561035,0.4616222381591797,Y,2114
8,4,200,15,8,2.0968072414398193,0.428149938583374,Y,2136
8,4,200,15,8,2.1407344341278076,0.42525434494018555,Y,2173
8,4,200,15,8,2.092564105987549,0.47064781188964844,Y,2138
8,4,300,18,9,5.2107765674591064,1.6019141674041748,Y,2896
8,4,300,18,9,4.906894207000732,1.4514272212982178,Y,2912
8,4,300,18,9,4.796356201171875,1.6576151847839355,Y,2928
8,4,300,18,9,4.764935255050659,1.979614019393921,Y,2907
8,4,300,18,9,4.74984884262085,1.6994295120239258,Y,2930
8,4,300,18,9,4.7814483642578125,1.9423060417175293,Y,2889
8,4,300,18,9,4.766926288604736,1.799069881439209,Y,2883
8,4,300,18,9,4.770581960678101,1.27140474319458,Y,2902
8,4,300,18,9,4.777263402938843,1.1822690963745117,Y,2910
8,4,300,18,9,4.746460437774658,1.404083490371704,Y,2913
8,4,400,20,10,8.517972946166992,5.955987215042114,Y,3529
8,4,400,20,10,8.524882555007935,6.706517934799194,Y,3518
8,4,400,20,10,8.471318483352661,3.5965356826782227,Y,3539
8,4,400,20,10,8.516590118408203,7.64335036277771,Y,3511
8,4,400,20,10,8.518512725830078,5.2942774295806885,Y,3549
8,4,400,20,10,8.51616621017456,7.017906904220581,Y,3523
8,4,400,20,10,8.55073070526123,4.874956846237183,Y,3538
8,4,400,20,10,8.594099283218384,6.031418800354004,Y,3529
8,4,400,20,10,8.518598079681396,5.880250692367554,Y,3535
8,4,400,20,10,8.489173173904419,4.600537061691284,Y,3549
8,4,500,23,12,13.5862877368927,15.630738496780396,Y,4295
8,4,500,23,12,13.58410906791687,16.605188846588135,Y,4303
8,4,500,23,12,13.618818044662476,15.120346784591675,Y,4296
8,4,500,23,12,13.573365926742554,14.90333366394043,Y,4297
8,4,500,23,12,13.58974289894104,16.938647985458374,Y,4297
8,4,500,23,12,13.568283557891846,16.171628713607788,Y,4295
8,4,500,23,12,13.532755613327026,14.64089822769165,Y,4305
8,4,500,23,12,13.502344846725464,16.098828554153442,Y,4298
8,4,500,23,12,13.657575130462646,16.487632751464844,Y,4296
8,4,500,23,12,13.549659252166748,16.571853399276733,Y,4291
4,4,100,10,5,0.43387603759765625,0.14123249053955078,Y,700
4,4,100,10,5,0.41568899154663086,0.22801685333251953,Y,701
4,4,100,10,5,0.4210398197174072,0.16740775108337402,Y,694
4,4,100,10,5,0.4175879955291748,0.12200617790222168,Y,708
4,4,100,10,5,0.43779683113098145,0.11884713172912598,Y,697
4,4,100,10,5,0.41422080993652344,0.13720226287841797,Y,708
4,4,100,10,5,0.41280388832092285,0.1430811882019043,Y,696
4,4,100,10,5,0.4237525463104248,0.2620089054107666,Y,684
4,4,100,10,5,0.4717850685119629,0.19203877449035645,Y,711
4,4,100,10,5,0.4376053810119629,0.18636488914489746,Y,698
4,4,200,15,8,1.8248634338378906,7.428346157073975,Y,1270
4,4,200,15,8,1.8682138919830322,7.106005907058716,Y,1273
4,4,200,15,8,1.8166236877441406,7.619405508041382,Y,1270
4,4,200,15,8,1.8209006786346436,7.184488773345947,Y,1278
4,4,200,15,8,1.8036596775054932,7.138199090957642,Y,1278
4,4,200,15,8,1.833798885345459,7.673129081726074,Y,1266
4,4,200,15,8,1.829030990600586,6.965193271636963,Y,1277
4,4,200,15,8,1.8021059036254883,5.768035173416138,Y,1281
4,4,200,15,8,1.8153347969055176,7.656317234039307,Y,1278
4,4,200,15,8,1.7958762645721436,6.106473922729492,Y,1274
4,4,300,18,9,4.122947931289673,45.57672166824341,Y,1629
4,4,300,18,9,4.106646299362183,58.76409697532654,Y,1626
4,4,300,18,9,4.155530691146851,49.91101884841919,Y,1630
4,4,300,18,9,4.115407705307007,46.071446895599365,Y,1631
4,4,300,18,9,4.104603052139282,46.91309070587158,Y,1628
4,4,300,18,9,4.146526098251343,46.16125702857971,Y,1640
4,4,300,18,9,4.1168107986450195,54.46300196647644,Y,1626
4,4,300,18,9,4.129199743270874,46.30988883972168,Y,1626
4,4,300,18,9,4.129873991012573,50.72457718849182,Y,1640
4,4,300,18,9,4.135369062423706,43.97539281845093,Y,1638
4,4,400,20,10,-999,-999,F,-999
4,4,500,23,12,-999,-999,F,-999